ID              = 10535169
Name            = "Elite Singh"
Race            = 1
Profession      = 2
OriginalOutfit  = 128-0-94-94-0
CurrentOutfit   = 128-0-94-94-0
LastLogin       = 1127312967
LastLogout      = 1127312976
StartPosition   = [32369,32241,7]
CurrentPosition = [32369,32241,7]
PlayerkillerEnd = 0

Skill = (0,9,0,1,0,0,0,0,0,0,1,8603,0,9300,100)
Skill = (1,3,0,0,0,0,0,0,0,0,0,94,1400,142,20)
Skill = (2,195,195,0,0,0,0,0,0,0,10,0,0,0,0)
Skill = (3,50,50,0,0,0,0,0,0,0,15,0,0,0,0)
Skill = (4,78,78,0,0,0,0,0,0,0,1,0,0,0,0)
Skill = (5,490,490,0,0,0,0,0,0,0,20,0,0,0,0)
Skill = (6,25,0,10,0,0,0,0,0,0,0,3542,1100,3594,100)
Skill = (7,30,0,10,0,0,0,0,0,0,0,1874,1100,1920,30)
Skill = (8,18,0,10,0,0,0,0,0,0,0,862,1200,1039,50)
Skill = (9,10,0,10,0,0,0,0,0,0,0,10,1200,50,50)
Skill = (10,10,0,10,0,0,0,0,0,0,0,2,1200,50,50)
Skill = (11,13,0,10,0,0,0,0,0,0,0,200,1200,268,50)
Skill = (12,0,2147483647,0,0,0,0,0,0,0,0,0,1000,2147483647,2147483647)
Skill = (13,25,0,10,0,0,0,0,0,0,0,699,1100,718,20)
Skill = (14,0,1200,0,0,0,0,0,0,0,0,0,0,0,0)
Skill = (15,0,2147483647,0,0,0,0,0,0,0,0,0,1000,2147483647,2147483647)
Skill = (16,0,2147483647,0,0,0,0,0,0,0,0,0,1000,2147483647,2147483647)
Skill = (17,0,2147483647,0,0,0,0,0,0,0,0,0,50,2147483647,2147483647)
Skill = (18,0,2147483647,0,0,0,0,0,0,0,0,0,1000,2147483647,2147483647)
Skill = (19,0,2147483647,0,0,0,0,0,0,0,0,0,1000,2147483647,2147483647)
Skill = (20,0,2147483647,0,0,0,0,0,0,0,0,0,1000,2147483647,2147483647)
Skill = (21,0,2147483647,0,0,0,0,0,0,0,0,0,1000,2147483647,2147483647)
Skill = (22,100,100,0,0,0,0,0,0,0,0,0,0,0,0)
Skill = (23,0,2147483647,0,0,0,0,0,0,0,0,0,1000,2147483647,2147483647)
Skill = (24,0,2147483647,0,0,0,0,0,0,0,0,0,1000,2147483647,2147483647)

Spells      = {1,10,51}
QuestValues = {(17,1),(19,1),(20,1),(21,1),(22,1),(23,1),(32,1),(33,1),(34,1),(35,1),(128,1),(224,1)}
Murders     = {}
