ID              = 11256769
Name            = "Patitek"
Race            = 1
Profession      = 1
OriginalOutfit  = 129-114-94-0-114
CurrentOutfit   = 129-114-94-0-114
LastLogin       = 1132064395
LastLogout      = 1132064426
StartPosition   = [32732,31634,7]
CurrentPosition = [32337,31783,7]
PlayerkillerEnd = 0

Skill = (0,11,0,1,0,0,0,0,0,0,1,15460,0,17600,100)
Skill = (1,2,0,0,0,0,0,0,0,0,0,81,3000,260,20)
Skill = (2,230,230,0,0,0,0,0,0,0,15,0,0,0,0)
Skill = (3,13,50,0,0,0,0,0,0,0,5,0,0,0,0)
Skill = (4,80,80,0,0,0,0,0,0,0,1,0,0,0,0)
Skill = (5,545,545,0,0,0,0,0,0,0,25,0,0,0,0)
Skill = (6,15,0,10,0,0,0,0,0,0,0,740,1100,771,100)
Skill = (7,11,0,10,0,0,0,0,0,0,0,43,1400,71,30)
Skill = (8,29,0,10,0,0,0,0,0,0,0,2620,1100,2863,50)
Skill = (9,12,0,10,0,0,0,0,0,0,0,116,1100,165,50)
Skill = (10,14,0,10,0,0,0,0,0,0,0,256,1100,305,50)
Skill = (11,11,0,10,0,0,0,0,0,0,0,50,1100,105,50)
Skill = (12,0,2147483647,0,0,0,0,0,0,0,0,0,1000,2147483647,2147483647)
Skill = (13,25,0,10,0,0,0,0,0,0,0,639,1100,718,20)
Skill = (14,0,1200,0,0,0,0,0,0,0,0,0,0,0,0)
Skill = (15,0,2147483647,0,0,0,0,0,0,0,0,0,1000,2147483647,2147483647)
Skill = (16,0,2147483647,0,0,0,0,0,0,0,0,0,1000,2147483647,2147483647)
Skill = (17,0,2147483647,0,0,0,0,0,3,3,0,0,50,2147483647,2147483647)
Skill = (18,0,2147483647,0,0,0,0,0,0,0,0,0,1000,2147483647,2147483647)
Skill = (19,0,2147483647,0,0,0,0,0,0,0,0,0,1000,2147483647,2147483647)
Skill = (20,0,2147483647,0,0,0,0,0,0,0,0,0,1000,2147483647,2147483647)
Skill = (21,0,2147483647,0,0,0,0,0,0,0,0,0,1000,2147483647,2147483647)
Skill = (22,100,100,0,0,0,0,0,120,120,0,0,0,0,0)
Skill = (23,0,2147483647,0,0,0,0,0,0,0,0,0,1000,2147483647,2147483647)
Skill = (24,0,2147483647,0,0,0,0,0,0,0,0,0,1000,2147483647,2147483647)

Spells      = {1,10}
QuestValues = {(18,1),(35,1),(59,1),(61,1),(223,1),(224,1)}
Murders     = {}
