ID              = 7976569
Name            = "Boodga"
Race            = 1
Profession      = 1
OriginalOutfit  = 134-126-113-126-113
CurrentOutfit   = 134-126-113-126-113
LastLogin       = 1130915722
LastLogout      = 1130915727
StartPosition   = [32369,32241,7]
CurrentPosition = [32398,32015,7]
PlayerkillerEnd = 1133435785

Skill = (0,18,0,1,0,0,0,0,0,0,1,74905,0,83400,100)
Skill = (1,3,0,0,0,0,0,0,0,0,0,562,3000,800,20)
Skill = (2,307,335,0,0,0,0,0,0,0,15,0,0,0,0)
Skill = (3,85,85,0,0,0,0,0,0,0,5,0,0,0,0)
Skill = (4,87,87,0,0,0,0,0,0,0,1,0,0,0,0)
Skill = (5,720,720,0,0,0,0,0,0,0,25,0,0,0,0)
Skill = (6,46,0,10,0,0,0,0,0,0,0,31588,1100,33003,100)
Skill = (7,10,0,10,0,0,0,0,0,0,0,27,1400,30,30)
Skill = (8,10,0,10,0,0,0,0,0,0,0,0,1100,50,50)
Skill = (9,16,0,10,0,0,0,0,0,0,0,443,1100,474,50)
Skill = (10,48,0,10,0,0,0,0,0,0,0,19840,1100,20072,50)
Skill = (11,10,0,10,0,0,0,0,0,0,0,9,1100,50,50)
Skill = (12,0,2147483647,0,0,0,0,0,0,0,0,0,1000,2147483647,2147483647)
Skill = (13,45,0,10,0,0,0,0,0,0,0,5955,1100,5982,20)
Skill = (14,0,1200,0,0,0,0,0,0,0,0,0,0,0,0)
Skill = (15,0,2147483647,0,0,0,0,0,0,0,0,0,1000,2147483647,2147483647)
Skill = (16,0,2147483647,0,0,0,0,0,0,0,0,0,1000,2147483647,2147483647)
Skill = (17,0,2147483647,0,0,0,0,0,0,0,0,0,50,2147483647,2147483647)
Skill = (18,0,2147483647,0,0,0,0,0,8,8,0,0,1000,2147483647,2147483647)
Skill = (19,0,2147483647,0,0,0,0,0,0,0,0,0,1000,2147483647,2147483647)
Skill = (20,0,2147483647,0,0,0,0,0,0,0,0,0,1000,2147483647,2147483647)
Skill = (21,0,2147483647,0,0,0,0,0,0,0,0,0,1000,2147483647,2147483647)
Skill = (22,100,100,0,0,0,0,0,120,120,0,0,0,0,0)
Skill = (23,0,2147483647,0,0,0,0,0,0,0,0,0,1000,2147483647,2147483647)
Skill = (24,0,2147483647,0,0,0,0,0,0,0,0,0,1000,2147483647,2147483647)

Spells      = {1,20}
QuestValues = {(21,1),(22,1),(23,1),(54,1),(72,1),(73,1),(74,1),(75,1),(86,1),(87,1),(125,1),(126,1),(257,1),(269,1)}
Murders     = {1130843463,1130843703,1130843785}
