ID              = 8157869
Name            = "Tul Kas"
Race            = 1
Profession      = 1
OriginalOutfit  = 129-114-57-0-114
CurrentOutfit   = 129-114-57-0-114
LastLogin       = 1127344576
LastLogout      = 1127344687
StartPosition   = [32369,32241,7]
CurrentPosition = [32347,32220,7]
PlayerkillerEnd = 0

Skill = (0,42,0,1,0,0,0,0,0,0,1,1119366,0,1152200,100)
Skill = (1,5,0,0,0,0,0,0,0,0,0,2937,3000,7280,20)
Skill = (2,695,695,0,0,0,0,0,0,0,15,0,0,0,0)
Skill = (3,205,205,0,0,0,0,0,0,0,5,0,0,0,0)
Skill = (4,111,111,0,0,0,0,0,0,0,1,0,0,0,0)
Skill = (5,1320,1320,0,0,0,0,0,0,0,25,0,0,0,0)
Skill = (6,68,0,10,0,0,0,0,0,0,0,274240,1100,275801,100)
Skill = (7,10,0,10,0,0,0,0,0,0,0,0,1400,30,30)
Skill = (8,70,0,10,0,0,0,0,0,0,0,163591,1100,166964,50)
Skill = (9,15,0,10,0,0,0,0,0,0,0,350,1100,385,50)
Skill = (10,12,0,10,0,0,0,0,0,0,0,124,1100,165,50)
Skill = (11,11,0,10,0,0,0,0,0,0,0,66,1100,105,50)
Skill = (12,0,2147483647,0,0,0,0,0,0,0,0,0,1000,2147483647,2147483647)
Skill = (13,39,0,10,0,0,0,0,0,0,0,3038,1100,3289,20)
Skill = (14,0,1200,0,0,0,0,0,0,0,0,0,0,0,0)
Skill = (15,0,2147483647,0,0,0,0,0,0,0,0,0,1000,2147483647,2147483647)
Skill = (16,0,2147483647,0,0,0,0,0,0,0,0,0,1000,2147483647,2147483647)
Skill = (17,0,2147483647,0,0,0,0,0,0,0,0,0,50,2147483647,2147483647)
Skill = (18,0,2147483647,0,0,0,0,0,0,0,0,0,1000,2147483647,2147483647)
Skill = (19,0,2147483647,0,0,0,0,0,0,0,0,0,1000,2147483647,2147483647)
Skill = (20,0,2147483647,0,0,0,0,0,0,0,0,0,1000,2147483647,2147483647)
Skill = (21,0,2147483647,0,0,0,0,0,0,0,0,0,1000,2147483647,2147483647)
Skill = (22,100,100,0,0,0,0,0,0,0,0,0,0,0,0)
Skill = (23,0,2147483647,0,0,0,0,0,0,0,0,0,1000,2147483647,2147483647)
Skill = (24,0,2147483647,0,0,0,0,0,0,0,0,0,1000,2147483647,2147483647)

Spells      = {1,10,20,29}
QuestValues = {(20,1),(21,1),(22,1),(23,1),(27,1),(37,1),(55,1),(59,1),(60,1),(67,1),(69,1),(76,1),(77,1),(78,1),(88,1),(89,1),(90,1),(91,1),(92,1),(93,1),(94,1),(95,1),(96,1),(97,1),(98,1),(100,1),(106,1),(107,1),(109,1),(115,1),(116,1),(117,1),(118,1),(121,1),(125,1),(126,1),(134,1),(135,1),(136,1),(137,1),(140,1),(141,1),(151,1),(152,1),(153,1),(190,1),(191,1),(200,1),(201,1),(202,1),(213,1),(214,1),(253,1)}
Murders     = {}
