ID              = 9330269
Name            = "Bekalu"
Race            = 1
Profession      = 1
OriginalOutfit  = 137-94-0-88-0
CurrentOutfit   = 137-94-0-88-0
LastLogin       = 1131509432
LastLogout      = 1131509737
StartPosition   = [32957,32076,7]
CurrentPosition = [32661,32328,8]
PlayerkillerEnd = 0

Skill = (0,17,0,1,0,0,0,0,0,0,1,66900,0,69700,100)
Skill = (1,2,0,0,0,0,0,0,0,0,0,185,3000,260,20)
Skill = (2,257,320,0,0,0,0,0,0,0,15,0,0,0,0)
Skill = (3,10,80,0,0,0,0,0,0,0,5,0,0,0,0)
Skill = (4,86,86,0,0,0,0,0,0,0,1,0,0,0,0)
Skill = (5,695,695,0,0,0,0,0,0,0,25,0,0,0,0)
Skill = (6,39,0,10,0,0,0,0,0,0,0,15862,1100,16449,100)
Skill = (7,10,0,10,0,0,0,0,0,0,0,0,1400,30,30)
Skill = (8,14,0,10,0,0,0,0,0,0,0,279,1100,305,50)
Skill = (9,44,0,10,0,0,0,0,0,0,0,12851,1100,13551,50)
Skill = (10,12,0,10,0,0,0,0,0,0,0,132,1100,165,50)
Skill = (11,10,0,10,0,0,0,0,0,0,0,9,1100,50,50)
Skill = (12,0,2147483647,0,0,0,0,0,0,0,0,0,1000,2147483647,2147483647)
Skill = (13,10,0,10,0,0,0,0,0,0,0,6,1100,20,20)
Skill = (14,0,1200,0,0,0,1105,0,0,0,0,0,0,0,0)
Skill = (15,0,2147483647,0,0,0,0,0,0,0,0,0,1000,2147483647,2147483647)
Skill = (16,0,2147483647,0,0,0,0,0,0,0,0,0,1000,2147483647,2147483647)
Skill = (17,0,2147483647,0,0,0,0,0,0,0,0,0,50,2147483647,2147483647)
Skill = (18,0,2147483647,0,0,0,0,0,0,0,0,0,1000,2147483647,2147483647)
Skill = (19,0,2147483647,0,0,0,0,0,0,0,0,0,1000,2147483647,2147483647)
Skill = (20,0,2147483647,0,0,0,0,0,120,120,0,0,1000,2147483647,2147483647)
Skill = (21,0,2147483647,0,0,0,0,0,0,0,0,0,1000,2147483647,2147483647)
Skill = (22,100,100,0,0,0,1,0,9,120,0,0,0,0,0)
Skill = (23,0,2147483647,0,0,0,0,0,0,0,0,0,1000,2147483647,2147483647)
Skill = (24,0,2147483647,0,0,0,0,0,0,0,0,0,1000,2147483647,2147483647)

Spells      = {1,20,29}
QuestValues = {(20,1),(23,1),(59,1),(96,1),(97,1),(98,1),(99,1),(115,1),(153,1),(223,1)}
Murders     = {}
