ID              = 10385185
Name            = "Gorzalka"
Race            = 1
Profession      = 3
OriginalOutfit  = 128-94-120-119-94
CurrentOutfit   = 128-94-120-119-94
LastLogin       = 1131479129
LastLogout      = 1131479134
StartPosition   = [32369,32241,7]
CurrentPosition = [32349,32222,6]
PlayerkillerEnd = 0

Skill = (0,14,0,1,0,0,0,0,0,0,1,33887,0,37800,100)
Skill = (1,15,0,0,0,0,0,0,0,0,0,679,1100,718,20)
Skill = (2,215,215,0,0,0,0,0,0,0,5,0,0,0,0)
Skill = (3,17,215,0,0,0,0,0,0,0,30,0,0,0,0)
Skill = (4,83,83,0,0,0,0,0,0,0,1,0,0,0,0)
Skill = (5,530,530,0,0,0,0,0,0,0,10,0,0,0,0)
Skill = (6,19,0,10,0,0,0,0,0,0,0,10315,1500,11333,100)
Skill = (7,10,0,10,0,0,0,0,0,0,0,0,2000,30,30)
Skill = (8,10,0,10,0,0,0,0,0,0,0,0,2000,50,50)
Skill = (9,17,0,10,0,0,0,0,0,0,0,7347,2000,12750,50)
Skill = (10,10,0,10,0,0,0,0,0,0,0,18,2000,50,50)
Skill = (11,11,0,10,0,0,0,0,0,0,0,70,1500,125,50)
Skill = (12,0,2147483647,0,0,0,0,0,0,0,0,0,1000,2147483647,2147483647)
Skill = (13,31,0,10,0,0,0,0,0,0,0,1413,1100,1428,20)
Skill = (14,0,1200,0,0,0,0,0,0,0,0,0,0,0,0)
Skill = (15,0,2147483647,0,0,0,0,0,83,83,0,0,1000,2147483647,2147483647)
Skill = (16,0,2147483647,0,0,0,0,0,200,200,0,0,1000,2147483647,2147483647)
Skill = (17,0,2147483647,0,0,0,0,0,0,0,0,0,50,2147483647,2147483647)
Skill = (18,0,2147483647,0,0,0,0,0,0,0,0,0,1000,2147483647,2147483647)
Skill = (19,0,2147483647,0,0,0,0,0,0,0,0,0,1000,2147483647,2147483647)
Skill = (20,0,2147483647,0,0,0,0,0,0,0,0,0,1000,2147483647,2147483647)
Skill = (21,0,2147483647,0,0,0,0,0,0,0,0,0,1000,2147483647,2147483647)
Skill = (22,87,100,0,0,0,0,0,120,120,0,0,0,0,0)
Skill = (23,0,2147483647,0,0,0,0,0,0,0,0,0,1000,2147483647,2147483647)
Skill = (24,0,2147483647,0,0,0,0,0,0,0,0,0,1000,2147483647,2147483647)

Spells      = {1,3,7,8,10,16,17,18,20,25,29,30,38,44,45}
QuestValues = {(100,1),(128,1),(223,1)}
Murders     = {}
