ID              = 10737785
Name            = "Logan night"
Race            = 1
Profession      = 2
OriginalOutfit  = 129-0-124-114-0
CurrentOutfit   = 129-0-124-114-0
LastLogin       = 1132019841
LastLogout      = 1132019856
StartPosition   = [32957,32076,7]
CurrentPosition = [32928,32081,7]
PlayerkillerEnd = 0

Skill = (0,18,0,1,0,0,0,0,0,0,1,75501,0,83400,100)
Skill = (1,8,0,0,0,0,0,0,0,0,0,860,1400,983,20)
Skill = (2,245,285,0,0,0,0,0,0,0,10,0,0,0,0)
Skill = (3,25,185,0,0,0,0,0,0,0,15,0,0,0,0)
Skill = (4,87,87,0,0,0,0,0,0,0,1,0,0,0,0)
Skill = (5,670,670,0,0,0,0,0,0,0,20,0,0,0,0)
Skill = (6,23,0,10,0,0,0,0,0,0,0,2650,1100,2797,100)
Skill = (7,38,0,10,0,0,0,0,0,0,0,4108,1100,4458,30)
Skill = (8,30,0,10,0,0,0,0,0,0,0,11250,1200,11251,50)
Skill = (9,13,0,10,0,0,0,0,0,0,0,185,1200,268,50)
Skill = (10,10,0,10,0,0,0,0,0,0,0,25,1200,50,50)
Skill = (11,13,0,10,0,0,0,0,0,0,0,266,1200,268,50)
Skill = (12,0,2147483647,0,0,0,0,0,0,0,0,0,1000,2147483647,2147483647)
Skill = (13,17,0,10,0,0,0,0,0,0,0,195,1100,228,20)
Skill = (14,0,1200,0,0,0,0,0,0,0,0,0,0,0,0)
Skill = (15,0,2147483647,0,0,0,0,0,0,0,0,0,1000,2147483647,2147483647)
Skill = (16,0,2147483647,0,0,0,0,0,0,0,0,0,1000,2147483647,2147483647)
Skill = (17,0,2147483647,0,0,0,0,0,0,0,0,0,50,2147483647,2147483647)
Skill = (18,0,2147483647,0,0,0,0,0,8,8,0,0,1000,2147483647,2147483647)
Skill = (19,0,2147483647,0,0,0,0,0,0,0,0,0,1000,2147483647,2147483647)
Skill = (20,0,2147483647,0,0,0,0,0,0,0,0,0,1000,2147483647,2147483647)
Skill = (21,0,2147483647,0,0,0,0,0,0,0,0,0,1000,2147483647,2147483647)
Skill = (22,100,100,0,0,0,0,0,0,0,0,0,0,0,0)
Skill = (23,0,2147483647,0,0,0,0,0,0,0,0,0,1000,2147483647,2147483647)
Skill = (24,0,2147483647,0,0,0,0,0,0,0,0,0,1000,2147483647,2147483647)

Spells      = {1,2,3,7,8,10,11,15,42,48,51}
QuestValues = {(96,1),(97,1),(223,1)}
Murders     = {}
