ID              = 8076085
Name            = "Dunkel'Forces"
Race            = 1
Profession      = 1
OriginalOutfit  = 129-94-0-114-0
CurrentOutfit   = 129-94-0-114-0
LastLogin       = 1129943683
LastLogout      = 1129943727
StartPosition   = [32957,32076,7]
CurrentPosition = [32924,32072,7]
PlayerkillerEnd = 0

Skill = (0,43,0,1,0,0,0,0,0,0,1,1200266,0,1238400,100)
Skill = (1,5,0,0,0,0,0,0,0,0,0,3142,3000,7280,20)
Skill = (2,710,710,0,0,0,0,0,0,0,15,0,0,0,0)
Skill = (3,210,210,0,0,0,0,0,0,0,5,0,0,0,0)
Skill = (4,112,112,0,0,0,0,0,0,0,1,0,0,0,0)
Skill = (5,1345,1345,0,0,0,0,0,0,0,25,0,0,0,0)
Skill = (6,72,0,10,0,0,0,0,0,0,0,375481,1100,404265,100)
Skill = (7,10,0,10,0,0,0,0,0,0,0,6,1400,30,30)
Skill = (8,66,0,10,0,0,0,0,0,0,0,110712,1100,113880,50)
Skill = (9,66,0,10,0,0,0,0,0,0,0,111904,1100,113880,50)
Skill = (10,10,0,10,0,0,0,0,0,0,0,10,1100,50,50)
Skill = (11,11,0,10,0,0,0,0,0,0,0,82,1100,105,50)
Skill = (12,0,2147483647,0,0,0,0,0,0,0,0,0,1000,2147483647,2147483647)
Skill = (13,60,0,10,0,0,0,0,0,0,0,23607,1100,25625,20)
Skill = (14,0,1200,0,0,0,0,0,0,0,0,0,0,0,0)
Skill = (15,0,2147483647,0,0,0,0,0,83,83,0,0,1000,2147483647,2147483647)
Skill = (16,0,2147483647,0,0,0,0,0,0,0,0,0,1000,2147483647,2147483647)
Skill = (17,0,2147483647,0,0,0,0,0,0,0,0,0,50,2147483647,2147483647)
Skill = (18,0,2147483647,0,0,0,0,0,8,8,0,0,1000,2147483647,2147483647)
Skill = (19,0,2147483647,0,0,0,0,0,10,10,0,0,1000,2147483647,2147483647)
Skill = (20,0,2147483647,0,0,0,0,0,120,120,0,0,1000,2147483647,2147483647)
Skill = (21,0,2147483647,0,0,0,0,0,0,0,0,0,1000,2147483647,2147483647)
Skill = (22,100,100,0,0,0,0,0,120,120,0,0,0,0,0)
Skill = (23,0,2147483647,0,0,0,0,0,0,0,0,0,1000,2147483647,2147483647)
Skill = (24,0,2147483647,0,0,0,0,0,0,0,0,0,1000,2147483647,2147483647)

Spells      = {1,10,20,29}
QuestValues = {(18,1),(20,1),(21,1),(22,1),(23,1),(32,1),(33,1),(34,1),(35,1),(46,1),(49,1),(58,1),(59,1),(88,1),(89,1),(90,1),(93,1),(94,1),(95,1),(96,1),(97,1),(98,1),(99,1),(100,1),(106,1),(107,1),(115,1),(125,1),(126,1),(129,1),(137,1),(151,1),(152,1),(153,1),(190,1),(191,1),(208,1),(223,1),(224,1),(226,1),(253,1)}
Murders     = {}
