ID              = 8227985
Name            = "Druidexxy"
Race            = 1
Profession      = 4
OriginalOutfit  = 128-115-114-94-91
CurrentOutfit   = 128-115-114-94-91
LastLogin       = 1130530640
LastLogout      = 1130530684
StartPosition   = [32360,31782,7]
CurrentPosition = [32337,31787,7]
PlayerkillerEnd = 0

Skill = (0,12,0,1,0,0,0,0,0,0,1,18873,0,23200,100)
Skill = (1,26,0,0,0,0,0,0,0,0,0,2313,1100,2421,20)
Skill = (2,205,205,0,0,0,0,0,0,0,5,0,0,0,0)
Skill = (3,56,155,0,0,0,0,0,0,0,30,0,0,0,0)
Skill = (4,81,81,0,0,0,0,0,0,0,1,0,0,0,0)
Skill = (5,510,510,0,0,0,0,0,0,0,10,0,0,0,0)
Skill = (6,17,0,10,0,0,0,0,0,0,0,3641,1500,4925,100)
Skill = (7,10,0,10,0,0,0,0,0,0,0,0,1800,30,30)
Skill = (8,11,0,10,0,0,0,0,0,0,0,56,1800,140,50)
Skill = (9,12,0,10,0,0,0,0,0,0,0,222,1800,302,50)
Skill = (10,16,0,10,0,0,0,0,0,0,0,3077,1800,3763,50)
Skill = (11,16,0,10,0,0,0,0,0,0,0,1096,1500,1608,50)
Skill = (12,0,2147483647,0,0,0,0,0,0,0,0,0,1000,2147483647,2147483647)
Skill = (13,47,0,10,0,0,0,0,0,0,0,7154,1100,7280,20)
Skill = (14,0,1200,0,0,0,818,0,0,0,0,0,0,0,0)
Skill = (15,0,2147483647,0,0,0,0,0,0,0,0,0,1000,2147483647,2147483647)
Skill = (16,0,2147483647,0,0,0,0,0,0,0,0,0,1000,2147483647,2147483647)
Skill = (17,0,2147483647,0,0,0,0,0,0,0,0,0,50,2147483647,2147483647)
Skill = (18,0,2147483647,0,0,0,0,0,0,0,0,0,1000,2147483647,2147483647)
Skill = (19,0,2147483647,0,0,0,0,0,0,0,0,0,1000,2147483647,2147483647)
Skill = (20,0,2147483647,0,0,0,0,0,0,0,0,0,1000,2147483647,2147483647)
Skill = (21,0,2147483647,0,0,0,0,0,0,0,0,0,1000,2147483647,2147483647)
Skill = (22,94,100,0,0,0,0,0,120,120,0,0,0,0,0)
Skill = (23,0,2147483647,0,0,0,0,0,0,0,0,0,1000,2147483647,2147483647)
Skill = (24,0,2147483647,0,0,0,0,0,0,0,0,0,1000,2147483647,2147483647)

Spells      = {5,8,10}
QuestValues = {(18,1),(61,1)}
Murders     = {}
