ID              = 8460385
Name            = "Angel-Debastador"
Race            = 1
Profession      = 0
OriginalOutfit  = 129-116-107-126-76
CurrentOutfit   = 129-116-107-126-76
LastLogin       = 1124471543
LastLogout      = 1124471623
StartPosition   = [32097,32219,7]
CurrentPosition = [32102,32195,7]
PlayerkillerEnd = 0

Skill = (0,5,0,1,0,0,0,0,0,0,1,1241,0,1500,100)
Skill = (1,0,0,0,0,0,0,0,0,0,0,0,3000,20,20)
Skill = (2,152,170,0,0,0,0,0,0,0,5,0,0,0,0)
Skill = (3,20,20,0,0,0,0,0,0,0,5,0,0,0,0)
Skill = (4,74,74,0,0,0,0,0,0,0,1,0,0,0,0)
Skill = (5,440,440,0,0,0,0,0,0,0,10,0,0,0,0)
Skill = (6,13,0,10,0,0,0,0,0,0,0,693,1500,812,100)
Skill = (7,10,0,10,0,0,0,0,0,0,0,8,2000,30,30)
Skill = (8,14,0,10,0,0,0,0,0,0,0,803,2000,1550,50)
Skill = (9,12,0,10,0,0,0,0,0,0,0,257,2000,350,50)
Skill = (10,10,0,10,0,0,0,0,0,0,0,49,2000,50,50)
Skill = (11,10,0,10,0,0,0,0,0,0,0,0,1500,50,50)
Skill = (12,0,2147483647,0,0,0,0,0,0,0,0,0,1000,2147483647,2147483647)
Skill = (13,24,0,10,0,0,0,0,0,0,0,586,1100,635,20)
Skill = (14,0,1200,0,0,0,0,0,0,0,0,0,0,0,0)
Skill = (15,0,2147483647,0,0,0,0,0,0,0,0,0,1000,2147483647,2147483647)
Skill = (16,0,2147483647,0,0,0,0,0,0,0,0,0,1000,2147483647,2147483647)
Skill = (17,0,2147483647,0,0,0,0,0,3,3,0,0,50,2147483647,2147483647)
Skill = (18,0,2147483647,0,0,0,0,0,8,8,0,0,1000,2147483647,2147483647)
Skill = (19,0,2147483647,0,0,0,0,0,0,0,0,0,1000,2147483647,2147483647)
Skill = (20,0,2147483647,0,0,0,0,0,0,0,0,0,1000,2147483647,2147483647)
Skill = (21,0,2147483647,0,0,0,0,0,0,0,0,0,1000,2147483647,2147483647)
Skill = (22,100,100,0,0,0,0,0,0,0,0,0,0,0,0)
Skill = (23,0,2147483647,0,0,0,0,0,0,0,0,0,1000,2147483647,2147483647)
Skill = (24,0,2147483647,0,0,0,0,0,0,0,0,0,1000,2147483647,2147483647)

Spells      = {}
QuestValues = {(20,1),(21,1),(22,1),(23,1),(24,1),(32,1),(33,1),(34,1)}
Murders     = {}
