ID              = 9046585
Name            = "Xerlix"
Race            = 1
Profession      = 4
OriginalOutfit  = 129-114-0-0-0
CurrentOutfit   = 129-114-0-0-0
LastLogin       = 1130326305
LastLogout      = 1130326310
StartPosition   = [32360,31782,7]
CurrentPosition = [32359,31784,7]
PlayerkillerEnd = 0

Skill = (0,10,0,1,0,0,0,0,0,0,1,11208,0,13000,100)
Skill = (1,21,0,0,0,0,0,0,0,0,0,1368,1100,1428,20)
Skill = (2,195,195,0,0,0,0,0,0,0,5,0,0,0,0)
Skill = (3,95,95,0,0,0,0,0,0,0,30,0,0,0,0)
Skill = (4,79,79,0,0,0,0,0,0,0,1,0,0,0,0)
Skill = (5,490,490,0,0,0,0,0,0,0,10,0,0,0,0)
Skill = (6,15,0,10,0,0,0,0,0,0,0,1356,1500,2078,100)
Skill = (7,10,0,10,0,0,0,0,0,0,0,11,1800,30,30)
Skill = (8,11,0,10,0,0,0,0,0,0,0,56,1800,140,50)
Skill = (9,15,0,10,0,0,0,0,0,0,0,1714,1800,2063,50)
Skill = (10,10,0,10,0,0,0,0,0,0,0,9,1800,50,50)
Skill = (11,10,0,10,0,0,0,0,0,0,0,27,1500,50,50)
Skill = (12,0,2147483647,0,0,0,0,0,0,0,0,0,1000,2147483647,2147483647)
Skill = (13,53,0,10,0,0,0,0,0,0,0,12006,1100,13052,20)
Skill = (14,0,1200,0,0,0,0,0,0,0,0,0,0,0,0)
Skill = (15,0,2147483647,0,0,0,0,0,0,0,0,0,1000,2147483647,2147483647)
Skill = (16,0,2147483647,0,0,0,0,0,0,0,0,0,1000,2147483647,2147483647)
Skill = (17,0,2147483647,0,0,0,0,0,0,0,0,0,50,2147483647,2147483647)
Skill = (18,0,2147483647,0,0,0,0,0,0,0,0,0,1000,2147483647,2147483647)
Skill = (19,0,2147483647,0,0,0,0,0,0,0,0,0,1000,2147483647,2147483647)
Skill = (20,0,2147483647,0,0,0,0,0,0,0,0,0,1000,2147483647,2147483647)
Skill = (21,0,2147483647,0,0,0,0,0,0,0,0,0,1000,2147483647,2147483647)
Skill = (22,100,100,0,0,0,0,0,0,0,0,0,0,0,0)
Skill = (23,0,2147483647,0,0,0,0,0,0,0,0,0,1000,2147483647,2147483647)
Skill = (24,0,2147483647,0,0,0,0,0,0,0,0,0,1000,2147483647,2147483647)

Spells      = {1,3,5,8,42}
QuestValues = {(17,1),(20,1),(24,1),(59,1),(96,1),(97,1),(153,1),(223,1)}
Murders     = {}
