ID              = 9214185
Name            = "Lodevur"
Race            = 1
Profession      = 2
OriginalOutfit  = 129-113-48-114-114
CurrentOutfit   = 129-113-48-114-114
LastLogin       = 1129489792
LastLogout      = 1129490798
StartPosition   = [32957,32076,7]
CurrentPosition = [32345,32220,7]
PlayerkillerEnd = 0

Skill = (0,8,0,1,0,0,0,0,0,0,1,6167,0,6400,100)
Skill = (1,5,0,0,0,0,0,0,0,0,0,231,1400,326,20)
Skill = (2,171,185,0,0,0,0,0,0,0,10,0,0,0,0)
Skill = (3,14,35,0,0,0,0,0,0,0,15,0,0,0,0)
Skill = (4,77,77,0,0,0,0,0,0,0,1,0,0,0,0)
Skill = (5,470,470,0,0,0,0,0,0,0,20,0,0,0,0)
Skill = (6,45,0,10,0,0,0,0,0,0,0,28369,1100,29912,100)
Skill = (7,53,0,10,0,0,0,0,0,0,0,19167,1100,19579,30)
Skill = (8,10,0,10,0,0,0,0,0,0,0,0,1200,50,50)
Skill = (9,16,0,10,0,0,0,0,0,0,0,551,1200,645,50)
Skill = (10,10,0,10,0,0,0,0,0,0,0,0,1200,50,50)
Skill = (11,17,0,10,0,0,0,0,0,0,0,717,1200,824,50)
Skill = (12,0,2147483647,0,0,0,0,0,0,0,0,0,1000,2147483647,2147483647)
Skill = (13,36,0,10,0,0,0,0,0,0,0,2246,1100,2421,20)
Skill = (14,0,1200,0,0,0,0,0,0,0,0,0,0,0,0)
Skill = (15,0,2147483647,0,0,0,0,0,83,83,0,0,1000,2147483647,2147483647)
Skill = (16,0,2147483647,0,0,0,0,0,0,0,0,0,1000,2147483647,2147483647)
Skill = (17,0,2147483647,0,0,0,0,0,3,3,0,0,50,2147483647,2147483647)
Skill = (18,0,2147483647,0,0,0,0,0,8,8,0,0,1000,2147483647,2147483647)
Skill = (19,0,2147483647,0,0,0,0,0,0,0,0,0,1000,2147483647,2147483647)
Skill = (20,0,2147483647,0,0,0,0,0,0,0,0,0,1000,2147483647,2147483647)
Skill = (21,0,2147483647,0,0,0,0,0,0,0,0,0,1000,2147483647,2147483647)
Skill = (22,100,100,0,0,0,0,0,120,120,0,0,0,0,0)
Skill = (23,0,2147483647,0,0,0,0,0,0,0,0,0,1000,2147483647,2147483647)
Skill = (24,0,2147483647,0,0,0,0,0,0,0,0,0,1000,2147483647,2147483647)

Spells      = {1,2,10,20,29,42,51}
QuestValues = {(20,1),(21,1),(22,1),(23,1)}
Murders     = {}
