ID              = 9409985
Name            = "Zachk of Zanera"
Race            = 1
Profession      = 3
OriginalOutfit  = 129-0-132-0-132
CurrentOutfit   = 129-0-132-0-132
LastLogin       = 1131999780
LastLogout      = 1131999962
StartPosition   = [32360,31782,7]
CurrentPosition = [32339,31784,7]
PlayerkillerEnd = 0

Skill = (0,25,0,1,0,0,0,0,0,0,1,227124,0,232500,100)
Skill = (1,34,0,0,0,0,0,0,0,0,0,5134,1100,5420,20)
Skill = (2,270,270,0,0,0,0,0,0,0,5,0,0,0,0)
Skill = (3,100,545,0,0,0,0,0,0,0,30,0,0,0,0)
Skill = (4,94,94,0,0,0,0,0,0,0,1,0,0,0,0)
Skill = (5,640,640,0,0,0,0,0,0,0,10,0,0,0,0)
Skill = (6,24,0,10,0,0,0,0,0,0,0,63049,1500,87378,100)
Skill = (7,10,0,10,0,0,0,0,0,0,0,1,2000,30,30)
Skill = (8,19,0,10,0,0,0,0,0,0,0,47986,2000,51150,50)
Skill = (9,12,0,10,0,0,0,0,0,0,0,215,2000,350,50)
Skill = (10,10,0,10,0,0,0,0,0,0,0,0,2000,50,50)
Skill = (11,14,0,10,0,0,0,0,0,0,0,524,1500,659,50)
Skill = (12,0,2147483647,0,0,0,0,0,0,0,0,0,1000,2147483647,2147483647)
Skill = (13,52,0,10,0,0,0,0,0,0,0,10841,1100,11848,20)
Skill = (14,0,1200,0,0,0,1007,0,0,0,0,0,0,0,0)
Skill = (15,0,2147483647,0,0,0,0,0,83,83,0,0,1000,2147483647,2147483647)
Skill = (16,0,2147483647,0,0,0,0,0,0,0,0,0,1000,2147483647,2147483647)
Skill = (17,0,2147483647,0,0,0,0,0,3,3,0,0,50,2147483647,2147483647)
Skill = (18,0,2147483647,0,0,0,0,0,0,0,0,0,1000,2147483647,2147483647)
Skill = (19,0,2147483647,0,0,0,0,0,0,0,0,0,1000,2147483647,2147483647)
Skill = (20,0,2147483647,0,0,0,0,0,0,0,0,0,1000,2147483647,2147483647)
Skill = (21,0,2147483647,0,0,0,0,0,0,0,0,0,1000,2147483647,2147483647)
Skill = (22,39,100,0,0,0,0,0,120,120,0,0,0,0,0)
Skill = (23,0,2147483647,0,0,0,0,0,0,0,0,0,1000,2147483647,2147483647)
Skill = (24,0,2147483647,0,0,0,0,0,0,0,0,0,1000,2147483647,2147483647)

Spells      = {1,2,3,7,8,9,10,13,15,16,17,20,21,26,28,29,30,44,45}
QuestValues = {(19,1),(20,1),(21,1),(22,1),(23,1),(28,1),(29,1),(30,1),(32,1),(33,1),(34,1),(35,1),(46,1),(58,1),(59,1),(60,1),(61,1),(67,1),(68,1),(70,1),(71,1),(96,1),(97,1),(98,1),(109,1),(125,1),(126,1),(190,1),(191,1),(223,1)}
Murders     = {}
