ID              = 10890140
Name            = "Zenn Kiza"
Race            = 1
Profession      = 2
OriginalOutfit  = 128-115-114-114-0
CurrentOutfit   = 128-115-114-114-0
LastLogin       = 1132105395
LastLogout      = 1132107279
StartPosition   = [32957,32076,7]
CurrentPosition = [32909,32258,7]
PlayerkillerEnd = 0

Skill = (0,8,0,1,0,0,0,0,0,0,1,5760,0,6400,100)
Skill = (1,2,0,0,0,0,0,0,0,0,0,50,1400,87,20)
Skill = (2,184,185,0,0,0,0,0,0,0,10,0,0,0,0)
Skill = (3,15,35,0,0,0,0,0,0,0,15,0,0,0,0)
Skill = (4,77,77,0,0,0,0,0,0,0,1,0,0,0,0)
Skill = (5,470,470,0,0,0,0,0,0,0,20,0,0,0,0)
Skill = (6,16,0,10,0,0,0,0,0,0,0,866,1100,948,100)
Skill = (7,30,0,10,0,0,0,0,0,0,0,1753,1100,1920,30)
Skill = (8,15,0,10,0,0,0,0,0,0,0,378,1200,496,50)
Skill = (9,13,0,10,0,0,0,0,0,0,0,267,1200,268,50)
Skill = (10,10,0,10,0,0,0,0,0,0,0,0,1200,50,50)
Skill = (11,10,0,10,0,0,0,0,0,0,0,37,1200,50,50)
Skill = (12,0,2147483647,0,0,0,0,0,0,0,0,0,1000,2147483647,2147483647)
Skill = (13,10,0,10,0,0,0,0,0,0,0,0,1100,20,20)
Skill = (14,0,1200,0,0,0,1096,0,0,0,0,0,0,0,0)
Skill = (15,0,2147483647,0,0,0,0,0,83,83,0,0,1000,2147483647,2147483647)
Skill = (16,0,2147483647,0,0,0,0,0,0,0,0,0,1000,2147483647,2147483647)
Skill = (17,0,2147483647,0,0,0,0,0,3,3,0,0,50,2147483647,2147483647)
Skill = (18,0,2147483647,0,0,0,0,0,8,8,0,0,1000,2147483647,2147483647)
Skill = (19,0,2147483647,0,0,0,0,0,0,0,0,0,1000,2147483647,2147483647)
Skill = (20,0,2147483647,0,0,0,0,0,0,0,0,0,1000,2147483647,2147483647)
Skill = (21,0,2147483647,0,0,0,0,0,0,0,0,0,1000,2147483647,2147483647)
Skill = (22,100,100,0,0,0,0,0,120,120,0,0,0,0,0)
Skill = (23,0,2147483647,0,0,0,0,0,0,0,0,0,1000,2147483647,2147483647)
Skill = (24,0,2147483647,0,0,0,0,0,0,0,0,0,1000,2147483647,2147483647)

Spells      = {1,7,10,42}
QuestValues = {(20,1),(21,1),(22,1),(23,1),(223,1),(224,1)}
Murders     = {}
