ID              = 11417840
Name            = "Paladinanonimo"
Race            = 1
Profession      = 2
OriginalOutfit  = 129-77-120-114-0
CurrentOutfit   = 129-77-120-114-0
LastLogin       = 1131389385
LastLogout      = 1131390356
StartPosition   = [32360,31782,7]
CurrentPosition = [32645,31919,8]
PlayerkillerEnd = 0

Skill = (0,7,0,1,0,0,0,0,0,0,1,3730,0,4200,100)
Skill = (1,0,0,0,0,0,0,0,0,0,0,4,1400,20,20)
Skill = (2,84,175,0,0,0,0,0,0,0,10,0,0,0,0)
Skill = (3,0,20,0,0,0,0,0,0,0,15,0,0,0,0)
Skill = (4,76,76,0,0,0,0,0,0,0,1,0,0,0,0)
Skill = (5,450,450,0,0,0,0,0,0,0,20,0,0,0,0)
Skill = (6,16,0,10,0,0,0,0,0,0,0,790,1100,948,100)
Skill = (7,15,0,10,0,0,0,0,0,0,0,187,1100,231,30)
Skill = (8,15,0,10,0,0,0,0,0,0,0,444,1200,496,50)
Skill = (9,13,0,10,0,0,0,0,0,0,0,221,1200,268,50)
Skill = (10,10,0,10,0,0,0,0,0,0,0,16,1200,50,50)
Skill = (11,12,0,10,0,0,0,0,0,0,0,148,1200,181,50)
Skill = (12,0,2147483647,0,0,0,0,0,0,0,0,0,1000,2147483647,2147483647)
Skill = (13,10,0,10,0,0,0,0,0,0,0,0,1100,20,20)
Skill = (14,0,1200,0,0,0,0,0,0,0,0,0,0,0,0)
Skill = (15,0,2147483647,0,0,0,0,0,83,83,0,0,1000,2147483647,2147483647)
Skill = (16,0,2147483647,0,0,0,0,0,0,0,0,0,1000,2147483647,2147483647)
Skill = (17,0,2147483647,0,0,0,0,0,0,0,0,0,50,2147483647,2147483647)
Skill = (18,0,2147483647,0,0,0,0,0,0,0,0,0,1000,2147483647,2147483647)
Skill = (19,0,2147483647,0,0,0,0,0,0,0,0,0,1000,2147483647,2147483647)
Skill = (20,0,2147483647,0,0,0,0,0,0,0,0,0,1000,2147483647,2147483647)
Skill = (21,0,2147483647,0,0,0,0,0,0,0,0,0,1000,2147483647,2147483647)
Skill = (22,100,100,0,0,0,0,0,0,0,0,0,0,0,0)
Skill = (23,0,2147483647,0,0,0,0,0,0,0,0,0,1000,2147483647,2147483647)
Skill = (24,0,2147483647,0,0,0,0,0,0,0,0,0,1000,2147483647,2147483647)

Spells      = {10,20,42}
QuestValues = {(35,1),(59,1),(61,1),(223,1)}
Murders     = {}
