ID              = 11442340
Name            = "Gar tase"
Race            = 1
Profession      = 2
OriginalOutfit  = 129-114-95-58-95
CurrentOutfit   = 129-114-95-58-95
LastLogin       = 1131816520
LastLogout      = 1131816585
StartPosition   = [32360,31782,7]
CurrentPosition = [32334,31778,5]
PlayerkillerEnd = 0

Skill = (0,7,0,1,0,0,0,0,0,0,1,3029,0,4200,100)
Skill = (1,0,0,0,0,0,0,0,0,0,0,0,1400,20,20)
Skill = (2,76,175,0,0,0,0,0,0,0,10,0,0,0,0)
Skill = (3,20,20,0,0,0,0,0,0,0,15,0,0,0,0)
Skill = (4,76,76,0,0,0,0,0,0,0,1,0,0,0,0)
Skill = (5,450,450,0,0,0,0,0,0,0,20,0,0,0,0)
Skill = (6,16,0,10,0,0,0,0,0,0,0,818,1100,948,100)
Skill = (7,13,0,10,0,0,0,0,0,0,0,134,1100,139,30)
Skill = (8,11,0,10,0,0,0,0,0,0,0,81,1200,109,50)
Skill = (9,15,0,10,0,0,0,0,0,0,0,428,1200,496,50)
Skill = (10,13,0,10,0,0,0,0,0,0,0,197,1200,268,50)
Skill = (11,12,0,10,0,0,0,0,0,0,0,126,1200,181,50)
Skill = (12,0,2147483647,0,0,0,0,0,0,0,0,0,1000,2147483647,2147483647)
Skill = (13,15,0,10,0,0,0,0,0,0,0,126,1100,154,20)
Skill = (14,0,1200,0,0,0,0,0,0,0,0,0,0,0,0)
Skill = (15,0,2147483647,0,0,0,0,0,0,0,0,0,1000,2147483647,2147483647)
Skill = (16,0,2147483647,0,0,0,0,0,0,0,0,0,1000,2147483647,2147483647)
Skill = (17,0,2147483647,0,0,0,0,0,0,0,0,0,50,2147483647,2147483647)
Skill = (18,0,2147483647,0,0,0,0,0,0,0,0,0,1000,2147483647,2147483647)
Skill = (19,0,2147483647,0,0,0,0,0,0,0,0,0,1000,2147483647,2147483647)
Skill = (20,0,2147483647,0,0,0,0,0,0,0,0,0,1000,2147483647,2147483647)
Skill = (21,0,2147483647,0,0,0,0,0,0,0,0,0,1000,2147483647,2147483647)
Skill = (22,100,100,0,0,0,0,0,120,120,0,0,0,0,0)
Skill = (23,0,2147483647,0,0,0,0,0,0,0,0,0,1000,2147483647,2147483647)
Skill = (24,0,2147483647,0,0,0,0,0,0,0,0,0,1000,2147483647,2147483647)

Spells      = {}
QuestValues = {(20,1),(21,1),(23,1),(32,1),(33,1),(34,1)}
Murders     = {}
