ID              = 8053440
Name            = "Mogran"
Race            = 1
Profession      = 1
OriginalOutfit  = 134-57-57-57-57
CurrentOutfit   = 134-57-57-57-57
LastLogin       = 1124549515
LastLogout      = 1124549518
StartPosition   = [33217,31814,8]
CurrentPosition = [33217,31814,8]
PlayerkillerEnd = 0

Skill = (0,7,0,1,0,0,0,0,0,0,1,3701,0,4200,100)
Skill = (1,1,0,0,0,0,0,0,0,0,0,21,3000,80,20)
Skill = (2,98,170,0,0,0,0,0,0,0,15,0,0,0,0)
Skill = (3,8,30,0,0,0,0,0,0,0,5,0,0,0,0)
Skill = (4,76,76,0,0,0,0,0,0,0,1,0,0,0,0)
Skill = (5,445,445,0,0,0,0,0,0,0,25,0,0,0,0)
Skill = (6,15,0,10,0,0,0,0,0,0,0,632,1100,771,100)
Skill = (7,10,0,10,0,0,0,0,0,0,0,0,1400,30,30)
Skill = (8,10,0,10,0,0,0,0,0,0,0,17,1100,50,50)
Skill = (9,10,0,10,0,0,0,0,0,0,0,14,1100,50,50)
Skill = (10,19,0,10,0,0,0,0,0,0,0,703,1100,796,50)
Skill = (11,10,0,10,0,0,0,0,0,0,0,0,1100,50,50)
Skill = (12,0,2147483647,0,0,0,0,0,0,0,0,0,1000,2147483647,2147483647)
Skill = (13,10,0,10,0,0,0,0,0,0,0,18,1100,20,20)
Skill = (14,0,1200,0,0,0,0,0,0,0,0,0,0,0,0)
Skill = (15,0,2147483647,0,0,0,0,0,83,83,0,0,1000,2147483647,2147483647)
Skill = (16,0,2147483647,0,0,0,0,0,0,0,0,0,1000,2147483647,2147483647)
Skill = (17,0,2147483647,0,0,0,0,0,3,3,0,0,50,2147483647,2147483647)
Skill = (18,0,2147483647,0,0,0,0,0,0,0,0,0,1000,2147483647,2147483647)
Skill = (19,0,2147483647,0,0,0,0,0,0,0,0,0,1000,2147483647,2147483647)
Skill = (20,0,2147483647,0,0,0,0,0,0,0,0,0,1000,2147483647,2147483647)
Skill = (21,0,2147483647,0,0,0,0,0,0,0,0,0,1000,2147483647,2147483647)
Skill = (22,100,100,0,0,0,0,0,0,0,0,0,0,0,0)
Skill = (23,0,2147483647,0,0,0,0,0,0,0,0,0,1000,2147483647,2147483647)
Skill = (24,0,2147483647,0,0,0,0,0,0,0,0,0,1000,2147483647,2147483647)

Spells      = {10,20}
QuestValues = {(25,1),(26,1),(27,1),(85,1),(86,1),(87,1)}
Murders     = {}
