ID              = 8199940
Name            = "Artex Braen"
Race            = 1
Profession      = 2
OriginalOutfit  = 129-120-120-120-119
CurrentOutfit   = 129-120-120-120-119
LastLogin       = 1131143064
LastLogout      = 1131144948
StartPosition   = [32360,31782,7]
CurrentPosition = [32329,31779,6]
PlayerkillerEnd = 0

Skill = (0,17,0,1,0,0,0,0,0,0,1,58997,0,69700,100)
Skill = (1,8,0,0,0,0,0,0,0,0,0,721,1400,983,20)
Skill = (2,196,275,0,0,0,0,0,0,0,10,0,0,0,0)
Skill = (3,100,170,0,0,0,0,0,0,0,15,0,0,0,0)
Skill = (4,86,86,0,0,0,0,0,0,0,1,0,0,0,0)
Skill = (5,650,650,0,0,0,0,0,0,0,20,0,0,0,0)
Skill = (6,37,0,10,0,0,0,0,0,0,0,12185,1100,13420,100)
Skill = (7,50,0,10,0,0,0,0,0,0,0,13889,1100,14635,30)
Skill = (8,14,0,10,0,0,0,0,0,0,0,342,1200,372,50)
Skill = (9,10,0,10,0,0,0,0,0,0,0,8,1200,50,50)
Skill = (10,10,0,10,0,0,0,0,0,0,0,0,1200,50,50)
Skill = (11,10,0,10,0,0,0,0,0,0,0,28,1200,50,50)
Skill = (12,0,2147483647,0,0,0,0,0,0,0,0,0,1000,2147483647,2147483647)
Skill = (13,36,0,10,0,0,0,0,0,0,0,2329,1100,2421,20)
Skill = (14,0,1200,0,0,0,1014,0,0,0,0,0,0,0,0)
Skill = (15,0,2147483647,0,0,0,0,0,83,83,0,0,1000,2147483647,2147483647)
Skill = (16,0,2147483647,0,0,0,0,0,0,0,0,0,1000,2147483647,2147483647)
Skill = (17,0,2147483647,0,0,0,0,0,3,3,0,0,50,2147483647,2147483647)
Skill = (18,0,2147483647,0,0,0,0,0,0,0,0,0,1000,2147483647,2147483647)
Skill = (19,0,2147483647,0,0,0,0,0,0,0,0,0,1000,2147483647,2147483647)
Skill = (20,0,2147483647,0,0,0,0,0,0,0,0,0,1000,2147483647,2147483647)
Skill = (21,0,2147483647,0,0,0,0,0,0,0,0,0,1000,2147483647,2147483647)
Skill = (22,100,100,0,0,0,0,0,120,120,0,0,0,0,0)
Skill = (23,0,2147483647,0,0,0,0,0,0,0,0,0,1000,2147483647,2147483647)
Skill = (24,0,2147483647,0,0,0,0,0,0,0,0,0,1000,2147483647,2147483647)

Spells      = {3,8,10,29,42,51}
QuestValues = {(20,1),(21,1),(22,1),(23,1),(27,1),(32,1),(33,1),(34,1),(37,1),(59,1),(223,1)}
Murders     = {}
