ID              = 8425440
Name            = "Daunlo"
Race            = 1
Profession      = 2
OriginalOutfit  = 134-79-124-48-95
CurrentOutfit   = 134-79-124-48-95
LastLogin       = 1131306617
LastLogout      = 1131306641
StartPosition   = [32360,31782,7]
CurrentPosition = [32679,31687,8]
PlayerkillerEnd = 0

Skill = (0,11,0,1,0,0,0,0,0,0,1,14358,0,17600,100)
Skill = (1,6,0,0,0,0,0,0,0,0,0,361,1400,477,20)
Skill = (2,213,215,0,0,0,0,0,0,0,10,0,0,0,0)
Skill = (3,55,80,0,0,0,0,0,0,0,15,0,0,0,0)
Skill = (4,80,80,0,0,0,0,0,0,0,1,0,0,0,0)
Skill = (5,530,530,0,0,0,0,0,0,0,20,0,0,0,0)
Skill = (6,30,0,10,0,0,0,0,0,0,0,5957,1100,6400,100)
Skill = (7,39,0,10,0,0,0,0,0,0,0,4916,1100,4934,30)
Skill = (8,10,0,10,0,0,0,0,0,0,0,0,1200,50,50)
Skill = (9,12,0,10,0,0,0,0,0,0,0,176,1200,181,50)
Skill = (10,10,0,10,0,0,0,0,0,0,0,0,1200,50,50)
Skill = (11,13,0,10,0,0,0,0,0,0,0,259,1200,268,50)
Skill = (12,0,2147483647,0,0,0,0,0,0,0,0,0,1000,2147483647,2147483647)
Skill = (13,37,0,10,0,0,0,0,0,0,0,2663,1100,2684,20)
Skill = (14,0,1200,0,0,0,0,0,0,0,0,0,0,0,0)
Skill = (15,0,2147483647,0,0,0,0,0,83,83,0,0,1000,2147483647,2147483647)
Skill = (16,0,2147483647,0,0,0,0,0,0,0,0,0,1000,2147483647,2147483647)
Skill = (17,0,2147483647,0,0,0,0,0,0,0,0,0,50,2147483647,2147483647)
Skill = (18,0,2147483647,0,0,0,0,0,8,8,0,0,1000,2147483647,2147483647)
Skill = (19,0,2147483647,0,0,0,0,0,0,0,0,0,1000,2147483647,2147483647)
Skill = (20,0,2147483647,0,0,0,0,0,0,0,0,0,1000,2147483647,2147483647)
Skill = (21,0,2147483647,0,0,0,0,0,0,0,0,0,1000,2147483647,2147483647)
Skill = (22,100,100,0,0,0,0,0,120,120,0,0,0,0,0)
Skill = (23,0,2147483647,0,0,0,0,0,0,0,0,0,1000,2147483647,2147483647)
Skill = (24,0,2147483647,0,0,0,0,0,0,0,0,0,1000,2147483647,2147483647)

Spells      = {1,10,29,42,48,51}
QuestValues = {(21,1),(22,1),(23,1),(60,1)}
Murders     = {}
