ID              = 8577240
Name            = "Nightquest"
Race            = 1
Profession      = 11
OriginalOutfit  = 129-116-29-95-94
CurrentOutfit   = 129-116-29-95-94
LastLogin       = 1127871535
LastLogout      = 1127872385
StartPosition   = [32369,32241,7]
CurrentPosition = [32350,32219,5]
PlayerkillerEnd = 0

Skill = (0,31,0,1,0,0,0,0,0,0,1,434050,0,452600,100)
Skill = (1,5,0,0,0,0,0,0,0,0,0,2592,3000,7280,20)
Skill = (2,443,530,0,0,0,0,0,0,0,15,0,0,0,0)
Skill = (3,16,150,0,0,0,0,0,0,0,5,0,0,0,0)
Skill = (4,100,100,0,0,0,0,0,0,0,1,0,0,0,0)
Skill = (5,1045,1045,0,0,0,0,0,0,0,25,0,0,0,0)
Skill = (6,63,0,10,0,0,0,0,0,0,0,160723,1100,170871,100)
Skill = (7,10,0,10,0,0,0,0,0,0,0,0,1400,30,30)
Skill = (8,63,0,10,0,0,0,0,0,0,0,83496,1100,85435,50)
Skill = (9,13,0,10,0,0,0,0,0,0,0,171,1100,232,50)
Skill = (10,10,0,10,0,0,0,0,0,0,0,0,1100,50,50)
Skill = (11,10,0,10,0,0,0,0,0,0,0,22,1100,50,50)
Skill = (12,0,2147483647,0,0,0,0,0,0,0,0,0,1000,2147483647,2147483647)
Skill = (13,49,0,10,0,0,0,0,0,0,0,8489,1100,8851,20)
Skill = (14,0,1200,0,0,0,0,0,0,0,0,0,0,0,0)
Skill = (15,0,2147483647,0,0,0,0,0,0,0,0,0,1000,2147483647,2147483647)
Skill = (16,0,2147483647,0,0,0,0,0,0,0,0,0,1000,2147483647,2147483647)
Skill = (17,0,2147483647,0,0,0,0,0,0,0,0,0,50,2147483647,2147483647)
Skill = (18,0,2147483647,0,0,0,0,0,8,8,0,0,1000,2147483647,2147483647)
Skill = (19,0,2147483647,0,0,0,0,0,0,0,0,0,1000,2147483647,2147483647)
Skill = (20,0,2147483647,0,0,0,0,0,0,0,0,0,1000,2147483647,2147483647)
Skill = (21,0,2147483647,0,0,0,0,0,0,0,0,0,1000,2147483647,2147483647)
Skill = (22,100,100,0,0,0,0,0,120,120,0,0,0,0,0)
Skill = (23,0,2147483647,0,0,0,0,0,0,0,0,0,1000,2147483647,2147483647)
Skill = (24,0,2147483647,0,0,0,0,0,0,0,0,0,1000,2147483647,2147483647)

Spells      = {1,6,10,20,29,76,81}
QuestValues = {(14,1),(20,1),(21,1),(22,1),(23,1),(27,1),(35,1),(37,1),(46,1),(84,1),(85,1),(86,1),(87,1),(93,1),(94,1),(95,1),(96,1),(97,1),(98,1),(106,1),(107,1),(109,1),(111,1),(112,1),(125,1),(126,1),(140,1),(141,1),(153,1),(190,1),(191,1),(208,1),(227,5),(228,2),(229,3),(230,21),(231,2),(232,1),(233,7),(249,2),(250,2),(251,3)}
Murders     = {}
