ID              = 8825440
Name            = "Mineiese"
Race            = 1
Profession      = 14
OriginalOutfit  = 128-79-94-88-100
CurrentOutfit   = 128-79-94-88-100
LastLogin       = 1127470376
LastLogout      = 1127470979
StartPosition   = [32369,32241,7]
CurrentPosition = [32344,32219,7]
PlayerkillerEnd = 0

Skill = (0,19,0,1,0,0,0,0,0,0,1,92424,0,98800,100)
Skill = (1,46,0,0,0,0,0,0,0,0,0,17104,1100,17439,20)
Skill = (2,240,240,0,0,0,0,0,0,0,5,0,0,0,0)
Skill = (3,71,365,0,0,0,0,0,0,0,30,0,0,0,0)
Skill = (4,88,88,0,0,0,0,0,0,0,1,0,0,0,0)
Skill = (5,580,580,0,0,0,0,0,0,0,10,0,0,0,0)
Skill = (6,17,0,10,0,0,0,0,0,0,0,4471,1500,4925,100)
Skill = (7,10,0,10,0,0,0,0,0,0,0,0,1800,30,30)
Skill = (8,10,0,10,0,0,0,0,0,0,0,0,1800,50,50)
Skill = (9,18,0,10,0,0,0,0,0,0,0,7919,1800,12334,50)
Skill = (10,16,0,10,0,0,0,0,0,0,0,2742,1800,3763,50)
Skill = (11,11,0,10,0,0,0,0,0,0,0,73,1500,125,50)
Skill = (12,0,2147483647,0,0,0,0,0,0,0,0,0,1000,2147483647,2147483647)
Skill = (13,71,0,10,0,0,0,0,0,0,0,68093,1100,73484,20)
Skill = (14,0,1200,0,0,0,865,0,0,0,0,0,0,0,0)
Skill = (15,0,2147483647,0,0,0,0,0,0,0,0,0,1000,2147483647,2147483647)
Skill = (16,0,2147483647,0,0,0,0,0,0,0,0,0,1000,2147483647,2147483647)
Skill = (17,0,2147483647,0,0,0,0,0,3,3,0,0,50,2147483647,2147483647)
Skill = (18,0,2147483647,0,0,0,0,0,0,0,0,0,1000,2147483647,2147483647)
Skill = (19,0,2147483647,0,0,0,0,0,0,0,0,0,1000,2147483647,2147483647)
Skill = (20,0,2147483647,0,0,0,0,0,0,0,0,0,1000,2147483647,2147483647)
Skill = (21,0,2147483647,0,0,0,0,0,0,0,0,0,1000,2147483647,2147483647)
Skill = (22,91,100,0,0,0,0,0,0,0,0,0,0,0,0)
Skill = (23,0,2147483647,0,0,0,0,0,0,0,0,0,1000,2147483647,2147483647)
Skill = (24,0,2147483647,0,0,0,0,0,0,0,0,0,1000,2147483647,2147483647)

Spells      = {3,5,8,20}
QuestValues = {(19,1),(21,1),(22,1),(23,1),(27,1),(31,1),(86,1),(87,1),(190,1),(191,1)}
Murders     = {}
