ID              = 10224296
Name            = "Tonner-Pluss"
Race            = 1
Profession      = 14
OriginalOutfit  = 134-0-0-2-126
CurrentOutfit   = 134-0-0-2-126
LastLogin       = 1132074364
LastLogout      = 1132075294
StartPosition   = [32957,32076,7]
CurrentPosition = [33165,31812,7]
PlayerkillerEnd = 0

Skill = (0,29,0,1,0,0,0,0,0,0,1,330468,0,368300,100)
Skill = (1,38,0,0,0,0,0,0,0,0,0,7611,1100,8028,20)
Skill = (2,290,290,0,0,0,0,0,0,0,5,0,0,0,0)
Skill = (3,221,665,0,0,0,0,0,0,0,30,0,0,0,0)
Skill = (4,98,98,0,0,0,0,0,0,0,1,0,0,0,0)
Skill = (5,680,680,0,0,0,0,0,0,0,10,0,0,0,0)
Skill = (6,24,0,10,0,0,0,0,0,0,0,59578,1500,87378,100)
Skill = (7,10,0,10,0,0,0,0,0,0,0,0,1800,30,30)
Skill = (8,10,0,10,0,0,0,0,0,0,0,0,1800,50,50)
Skill = (9,21,0,10,0,0,0,0,0,0,0,48754,1800,72239,50)
Skill = (10,10,0,10,0,0,0,0,0,0,0,0,1800,50,50)
Skill = (11,13,0,10,0,0,0,0,0,0,0,260,1500,406,50)
Skill = (12,0,2147483647,0,0,0,0,0,0,0,0,0,1000,2147483647,2147483647)
Skill = (13,14,0,10,0,0,0,0,0,0,0,105,1100,122,20)
Skill = (14,0,1200,0,0,0,883,0,0,0,0,0,0,0,0)
Skill = (15,0,2147483647,0,0,0,0,0,0,0,0,0,1000,2147483647,2147483647)
Skill = (16,0,2147483647,0,0,0,0,0,0,0,0,0,1000,2147483647,2147483647)
Skill = (17,0,2147483647,0,0,0,0,0,3,3,0,0,50,2147483647,2147483647)
Skill = (18,0,2147483647,0,0,0,0,0,8,8,0,0,1000,2147483647,2147483647)
Skill = (19,0,2147483647,0,0,0,0,0,0,0,0,0,1000,2147483647,2147483647)
Skill = (20,0,2147483647,0,0,0,0,0,0,0,0,0,1000,2147483647,2147483647)
Skill = (21,0,2147483647,0,0,0,0,0,0,0,0,0,1000,2147483647,2147483647)
Skill = (22,182,200,0,0,0,0,0,15,15,0,0,0,0,0)
Skill = (23,0,2147483647,0,0,0,0,0,0,0,0,0,1000,2147483647,2147483647)
Skill = (24,0,2147483647,0,0,0,0,0,0,0,0,0,1000,2147483647,2147483647)

Spells      = {1,2,3,5,7,8,10,20,25,26,29,39,42}
QuestValues = {(17,1),(18,1),(20,1),(21,1),(22,1),(23,1),(24,1),(27,1),(32,1),(33,1),(34,1),(96,1),(97,1),(98,1),(99,1),(109,1),(115,1),(142,1),(153,1),(190,1),(191,1),(253,1)}
Murders     = {}
