ID              = 8193896
Name            = "Afronovita Il"
Race            = 1
Profession      = 4
OriginalOutfit  = 137-59-124-76-114
CurrentOutfit   = 137-59-124-76-114
LastLogin       = 1131924066
LastLogout      = 1131924459
StartPosition   = [32732,31634,7]
CurrentPosition = [32652,31915,8]
PlayerkillerEnd = 1133284027

Skill = (0,19,0,1,0,0,0,0,0,0,1,93174,0,98800,100)
Skill = (1,32,0,0,0,0,0,0,0,0,0,4138,1100,4445,20)
Skill = (2,240,240,0,0,0,0,0,0,0,5,0,0,0,0)
Skill = (3,66,365,0,0,0,0,0,0,0,30,0,0,0,0)
Skill = (4,88,88,0,0,0,0,0,0,0,1,0,0,0,0)
Skill = (5,580,580,0,0,0,0,0,0,0,10,0,0,0,0)
Skill = (6,21,0,10,0,0,0,0,0,0,0,22527,1500,25749,100)
Skill = (7,10,0,10,0,0,0,0,0,0,0,0,1800,30,30)
Skill = (8,16,0,10,0,0,0,0,0,0,0,3296,1800,3763,50)
Skill = (9,19,0,10,0,0,0,0,0,0,0,12387,1800,22252,50)
Skill = (10,10,0,10,0,0,0,0,0,0,0,0,1800,50,50)
Skill = (11,12,0,10,0,0,0,0,0,0,0,198,1500,237,50)
Skill = (12,0,2147483647,0,0,0,0,0,0,0,0,0,1000,2147483647,2147483647)
Skill = (13,41,0,10,0,0,0,0,0,0,0,3972,1100,4022,20)
Skill = (14,0,1200,0,0,0,0,0,0,0,0,0,0,0,0)
Skill = (15,0,2147483647,0,0,0,0,0,0,0,0,0,1000,2147483647,2147483647)
Skill = (16,0,2147483647,0,0,0,0,0,200,200,0,0,1000,2147483647,2147483647)
Skill = (17,0,2147483647,0,0,0,0,0,3,3,0,0,50,2147483647,2147483647)
Skill = (18,0,2147483647,0,0,0,0,0,0,0,0,0,1000,2147483647,2147483647)
Skill = (19,0,2147483647,0,0,0,0,0,0,0,0,0,1000,2147483647,2147483647)
Skill = (20,0,2147483647,0,0,0,0,0,0,0,0,0,1000,2147483647,2147483647)
Skill = (21,0,2147483647,0,0,0,0,0,200,200,0,0,1000,2147483647,2147483647)
Skill = (22,1,100,0,0,0,0,0,0,0,0,0,0,0,0)
Skill = (23,0,2147483647,0,0,0,0,0,0,0,0,0,1000,2147483647,2147483647)
Skill = (24,0,2147483647,0,0,0,0,0,0,0,0,0,1000,2147483647,2147483647)

Spells      = {2,3,4,5,8,10,11,16,20,25,29,30,38,42,44,45}
QuestValues = {(14,1),(21,1),(23,1),(59,1),(61,1),(72,1),(73,1),(74,1),(75,1),(88,1),(89,1),(90,1),(93,1),(94,1),(95,1),(96,1),(97,1),(98,1),(153,1),(190,1),(191,1),(208,1),(224,1)}
Murders     = {1130690477,1130690650,1130691321,1130691460,1130692027}
