ID              = 8300996
Name            = "Lord of the Sansar"
Race            = 1
Profession      = 4
OriginalOutfit  = 129-114-107-107-0
CurrentOutfit   = 129-114-107-107-0
LastLogin       = 1132064952
LastLogout      = 1132065240
StartPosition   = [32360,31782,7]
CurrentPosition = [32332,31785,6]
PlayerkillerEnd = 0

Skill = (0,11,0,1,0,0,0,0,0,0,1,13474,0,17600,100)
Skill = (1,7,0,0,0,0,0,0,0,0,0,224,1100,228,20)
Skill = (2,121,200,0,0,0,0,0,0,0,5,0,0,0,0)
Skill = (3,10,125,0,0,0,0,0,0,0,30,0,0,0,0)
Skill = (4,80,80,0,0,0,0,0,0,0,1,0,0,0,0)
Skill = (5,500,500,0,0,0,0,0,0,0,10,0,0,0,0)
Skill = (6,17,0,10,0,0,0,0,0,0,0,4491,1500,4925,100)
Skill = (7,10,0,10,0,0,0,0,0,0,0,11,1800,30,30)
Skill = (8,10,0,10,0,0,0,0,0,0,0,35,1800,50,50)
Skill = (9,16,0,10,0,0,0,0,0,0,0,3229,1800,3763,50)
Skill = (10,10,0,10,0,0,0,0,0,0,0,21,1800,50,50)
Skill = (11,10,0,10,0,0,0,0,0,0,0,33,1500,50,50)
Skill = (12,0,2147483647,0,0,0,0,0,0,0,0,0,1000,2147483647,2147483647)
Skill = (13,18,0,10,0,0,0,0,0,0,0,257,1100,271,20)
Skill = (14,0,1200,0,0,0,31,0,0,0,0,0,0,0,0)
Skill = (15,0,2147483647,0,0,0,0,0,0,0,0,0,1000,2147483647,2147483647)
Skill = (16,0,2147483647,0,0,0,0,0,0,0,0,0,1000,2147483647,2147483647)
Skill = (17,0,2147483647,0,0,0,0,0,3,3,0,0,50,2147483647,2147483647)
Skill = (18,0,2147483647,0,0,0,0,0,0,0,0,0,1000,2147483647,2147483647)
Skill = (19,0,2147483647,0,0,0,0,0,0,0,0,0,1000,2147483647,2147483647)
Skill = (20,0,2147483647,0,0,0,0,0,0,0,0,0,1000,2147483647,2147483647)
Skill = (21,0,2147483647,0,0,0,0,0,0,0,0,0,1000,2147483647,2147483647)
Skill = (22,98,100,0,0,0,0,0,120,120,0,0,0,0,0)
Skill = (23,0,2147483647,0,0,0,0,0,0,0,0,0,1000,2147483647,2147483647)
Skill = (24,0,2147483647,0,0,0,0,0,0,0,0,0,1000,2147483647,2147483647)

Spells      = {1,4,8,10}
QuestValues = {(18,1),(21,1),(22,1),(23,1),(35,1),(59,1),(60,1),(61,1),(125,1),(126,1),(224,1)}
Murders     = {}
