ID              = 8370896
Name            = "Jean-totoso"
Race            = 1
Profession      = 1
OriginalOutfit  = 134-94-85-114-114
CurrentOutfit   = 134-94-85-114-114
LastLogin       = 1132149134
LastLogout      = 1132149141
StartPosition   = [32369,32241,7]
CurrentPosition = [32259,32104,7]
PlayerkillerEnd = 0

Skill = (0,37,0,1,0,0,0,0,0,0,1,749968,0,780700,100)
Skill = (1,5,0,0,0,0,0,0,0,0,0,2591,3000,7280,20)
Skill = (2,608,620,0,0,0,0,0,0,0,15,0,0,0,0)
Skill = (3,40,180,0,0,0,0,0,0,0,5,0,0,0,0)
Skill = (4,106,106,0,0,0,0,0,0,0,1,0,0,0,0)
Skill = (5,1195,1195,0,0,0,0,0,0,0,25,0,0,0,0)
Skill = (6,64,0,10,0,0,0,0,0,0,0,175334,1100,188059,100)
Skill = (7,11,0,10,0,0,0,0,0,0,0,32,1400,71,30)
Skill = (8,11,0,10,0,0,0,0,0,0,0,50,1100,105,50)
Skill = (9,66,0,10,0,0,0,0,0,0,0,113647,1100,113880,50)
Skill = (10,10,0,10,0,0,0,0,0,0,0,9,1100,50,50)
Skill = (11,11,0,10,0,0,0,0,0,0,0,61,1100,105,50)
Skill = (12,0,2147483647,0,0,0,0,0,0,0,0,0,1000,2147483647,2147483647)
Skill = (13,29,0,10,0,0,0,0,0,0,0,1103,1100,1145,20)
Skill = (14,0,1200,0,0,0,1019,0,0,0,0,0,0,0,0)
Skill = (15,0,2147483647,0,0,0,4,0,2,83,0,0,1000,2147483647,2147483647)
Skill = (16,0,2147483647,0,0,0,0,0,0,0,0,0,1000,2147483647,2147483647)
Skill = (17,0,2147483647,0,0,0,0,0,3,3,0,0,50,2147483647,2147483647)
Skill = (18,0,2147483647,0,0,0,0,0,0,0,0,0,1000,2147483647,2147483647)
Skill = (19,0,2147483647,0,0,0,0,0,0,0,0,0,1000,2147483647,2147483647)
Skill = (20,0,2147483647,0,0,0,0,0,0,0,0,0,1000,2147483647,2147483647)
Skill = (21,0,2147483647,0,0,0,0,0,0,0,0,0,1000,2147483647,2147483647)
Skill = (22,100,100,0,0,0,0,0,120,120,0,0,0,0,0)
Skill = (23,0,2147483647,0,0,0,0,0,0,0,0,0,1000,2147483647,2147483647)
Skill = (24,0,2147483647,0,0,0,0,0,0,0,0,0,1000,2147483647,2147483647)

Spells      = {1,6,10,20,29,80,81}
QuestValues = {(18,1),(20,1),(21,1),(22,1),(23,1),(32,1),(33,1),(34,1),(37,1),(46,1),(55,1),(59,1),(60,1),(61,1),(93,1),(94,1),(95,1),(96,1),(97,1),(98,1),(100,1),(106,1),(107,1),(109,1),(111,1),(112,1),(115,1),(125,1),(126,1),(137,1),(140,1),(141,1),(151,1),(152,1),(190,1),(191,1),(253,1)}
Murders     = {1131883193}
