ID              = 8723296
Name            = "Agna Tyra"
Race            = 1
Profession      = 3
OriginalOutfit  = 138-92-72-79-81
CurrentOutfit   = 138-92-72-79-81
LastLogin       = 1131123985
LastLogout      = 1131124009
StartPosition   = [32360,31782,7]
CurrentPosition = [32336,31787,7]
PlayerkillerEnd = 0

Skill = (0,20,0,1,0,0,0,0,0,0,1,107752,0,116000,100)
Skill = (1,25,0,0,0,0,0,0,0,0,0,1966,1100,2183,20)
Skill = (2,245,245,0,0,0,0,0,0,0,5,0,0,0,0)
Skill = (3,209,395,0,0,0,0,0,0,0,30,0,0,0,0)
Skill = (4,89,89,0,0,0,0,0,0,0,1,0,0,0,0)
Skill = (5,590,590,0,0,0,0,0,0,0,10,0,0,0,0)
Skill = (6,23,0,10,0,0,0,0,0,0,0,54273,1500,58185,100)
Skill = (7,11,0,10,0,0,0,0,0,0,0,36,2000,90,30)
Skill = (8,19,0,10,0,0,0,0,0,0,0,40102,2000,51150,50)
Skill = (9,15,0,10,0,0,0,0,0,0,0,2565,2000,3150,50)
Skill = (10,10,0,10,0,0,0,0,0,0,0,0,2000,50,50)
Skill = (11,11,0,10,0,0,0,0,0,0,0,99,1500,125,50)
Skill = (12,0,2147483647,0,0,0,0,0,0,0,0,0,1000,2147483647,2147483647)
Skill = (13,33,0,10,0,0,0,0,0,0,0,1626,1100,1769,20)
Skill = (14,0,1200,0,0,0,122,0,0,0,0,0,0,0,0)
Skill = (15,0,2147483647,0,0,0,0,0,0,0,0,0,1000,2147483647,2147483647)
Skill = (16,0,2147483647,0,0,0,0,0,0,0,0,0,1000,2147483647,2147483647)
Skill = (17,0,2147483647,0,0,0,0,0,3,3,0,0,50,2147483647,2147483647)
Skill = (18,0,2147483647,0,0,0,0,0,8,8,0,0,1000,2147483647,2147483647)
Skill = (19,0,2147483647,0,0,0,0,0,0,0,0,0,1000,2147483647,2147483647)
Skill = (20,0,2147483647,0,0,0,0,0,120,120,0,0,1000,2147483647,2147483647)
Skill = (21,0,2147483647,0,0,0,0,0,0,0,0,0,1000,2147483647,2147483647)
Skill = (22,100,100,0,0,0,0,0,120,120,0,0,0,0,0)
Skill = (23,0,2147483647,0,0,0,0,0,0,0,0,0,1000,2147483647,2147483647)
Skill = (24,0,2147483647,0,0,0,0,0,0,0,0,0,1000,2147483647,2147483647)

Spells      = {1,3,8,10,13,15,17,19,21,25}
QuestValues = {(18,1),(35,1),(59,1),(125,1),(126,1)}
Murders     = {}
