ID              = 8917396
Name            = "Venorna Denorgoshi"
Race            = 1
Profession      = 4
OriginalOutfit  = 137-0-69-59-75
CurrentOutfit   = 137-0-69-59-75
LastLogin       = 1132127775
LastLogout      = 1132127779
StartPosition   = [32649,31925,11]
CurrentPosition = [32471,31938,7]
PlayerkillerEnd = 1132563213

Skill = (0,13,0,1,0,0,0,0,0,0,1,23223,0,29900,100)
Skill = (1,31,0,0,0,0,0,0,0,0,0,3766,1100,4022,20)
Skill = (2,98,210,0,0,0,0,0,0,0,5,0,0,0,0)
Skill = (3,40,185,0,0,0,0,0,0,0,30,0,0,0,0)
Skill = (4,82,82,0,0,0,0,0,0,0,1,0,0,0,0)
Skill = (5,520,520,0,0,0,0,0,0,0,10,0,0,0,0)
Skill = (6,20,0,10,0,0,0,0,0,0,0,11950,1500,17099,100)
Skill = (7,10,0,10,0,0,0,0,0,0,0,0,1800,30,30)
Skill = (8,10,0,10,0,0,0,0,0,0,0,37,1800,50,50)
Skill = (9,21,0,10,0,0,0,0,0,0,0,48555,1800,72239,50)
Skill = (10,10,0,10,0,0,0,0,0,0,0,8,1800,50,50)
Skill = (11,13,0,10,0,0,0,0,0,0,0,272,1500,406,50)
Skill = (12,0,2147483647,0,0,0,0,0,0,0,0,0,1000,2147483647,2147483647)
Skill = (13,44,0,10,0,0,0,0,0,0,0,5008,1100,5420,20)
Skill = (14,0,1200,0,0,0,1036,0,0,0,0,0,0,0,0)
Skill = (15,0,2147483647,0,0,0,0,0,125,125,0,0,1000,2147483647,2147483647)
Skill = (16,0,2147483647,0,0,0,0,0,0,0,0,0,1000,2147483647,2147483647)
Skill = (17,0,2147483647,0,0,0,0,0,0,0,0,0,50,2147483647,2147483647)
Skill = (18,0,2147483647,0,0,0,0,0,0,0,0,0,1000,2147483647,2147483647)
Skill = (19,0,2147483647,0,0,0,0,0,0,0,0,0,1000,2147483647,2147483647)
Skill = (20,0,2147483647,0,0,0,0,0,0,0,0,0,1000,2147483647,2147483647)
Skill = (21,0,2147483647,0,0,0,0,0,0,0,0,0,1000,2147483647,2147483647)
Skill = (22,77,100,0,0,0,0,0,0,0,0,0,0,0,0)
Skill = (23,0,2147483647,0,0,0,0,0,0,0,0,0,1000,2147483647,2147483647)
Skill = (24,0,2147483647,0,0,0,0,0,0,0,0,0,1000,2147483647,2147483647)

Spells      = {1,2,3,5,8,10,11,16,18,20,29,42,45}
QuestValues = {(18,1),(32,1),(33,1),(34,1)}
Murders     = {1129962946,1129966647,1129966701,1129967982,1129971213,1131209315}
