ID              = 9009296
Name            = "Amrod Alcarin"
Race            = 1
Profession      = 2
OriginalOutfit  = 129-94-114-95-114
CurrentOutfit   = 129-94-114-95-114
LastLogin       = 1129866354
LastLogout      = 1129866371
StartPosition   = [32360,31782,7]
CurrentPosition = [32681,31688,7]
PlayerkillerEnd = 0

Skill = (0,19,0,1,0,0,0,0,0,0,1,96639,0,98800,100)
Skill = (1,9,0,0,0,0,0,0,0,0,0,1328,1400,1396,20)
Skill = (2,295,295,0,0,0,0,0,0,0,10,0,0,0,0)
Skill = (3,142,200,0,0,0,0,0,0,0,15,0,0,0,0)
Skill = (4,88,88,0,0,0,0,0,0,0,1,0,0,0,0)
Skill = (5,690,690,0,0,0,0,0,0,0,20,0,0,0,0)
Skill = (6,38,0,10,0,0,0,0,0,0,0,14616,1100,14863,100)
Skill = (7,63,0,10,0,0,0,0,0,0,0,50133,1100,51261,30)
Skill = (8,10,0,10,0,0,0,0,0,0,0,0,1200,50,50)
Skill = (9,11,0,10,0,0,0,0,0,0,0,90,1200,109,50)
Skill = (10,12,0,10,0,0,0,0,0,0,0,175,1200,181,50)
Skill = (11,18,0,10,0,0,0,0,0,0,0,896,1200,1039,50)
Skill = (12,0,2147483647,0,0,0,0,0,0,0,0,0,1000,2147483647,2147483647)
Skill = (13,42,0,10,0,0,0,0,0,0,0,4086,1100,4445,20)
Skill = (14,0,1200,0,0,0,0,0,0,0,0,0,0,0,0)
Skill = (15,0,2147483647,0,0,0,0,0,83,83,0,0,1000,2147483647,2147483647)
Skill = (16,0,2147483647,0,0,0,0,0,0,0,0,0,1000,2147483647,2147483647)
Skill = (17,0,2147483647,0,0,0,0,0,3,3,0,0,50,2147483647,2147483647)
Skill = (18,0,2147483647,0,0,0,0,0,0,0,0,0,1000,2147483647,2147483647)
Skill = (19,0,2147483647,0,0,0,0,0,0,0,0,0,1000,2147483647,2147483647)
Skill = (20,0,2147483647,0,0,0,0,0,0,0,0,0,1000,2147483647,2147483647)
Skill = (21,0,2147483647,0,0,0,0,0,0,0,0,0,1000,2147483647,2147483647)
Skill = (22,91,100,0,0,0,0,0,0,0,0,0,0,0,0)
Skill = (23,0,2147483647,0,0,0,0,0,0,0,0,0,1000,2147483647,2147483647)
Skill = (24,0,2147483647,0,0,0,0,0,0,0,0,0,1000,2147483647,2147483647)

Spells      = {2,3,8,10,15,51}
QuestValues = {(46,1),(54,1)}
Murders     = {1127622751,1128046660,1128046954,1128403352}
