ID              = 9464896
Name            = "Godly Samma"
Race            = 1
Profession      = 12
OriginalOutfit  = 134-86-94-107-114
CurrentOutfit   = 134-86-94-107-114
LastLogin       = 1129889250
LastLogout      = 1129889432
StartPosition   = [33194,32853,8]
CurrentPosition = [33125,32836,7]
PlayerkillerEnd = 0

Skill = (0,19,0,1,0,0,0,0,0,0,1,92928,0,98800,100)
Skill = (1,12,0,0,0,0,0,0,0,0,0,3202,1400,3918,20)
Skill = (2,295,295,0,0,0,0,0,0,0,10,0,0,0,0)
Skill = (3,20,200,0,0,0,0,0,0,0,15,0,0,0,0)
Skill = (4,88,88,0,0,0,0,0,0,0,1,0,0,0,0)
Skill = (5,690,690,0,0,0,0,0,0,0,20,0,0,0,0)
Skill = (6,32,0,10,0,0,0,0,0,0,0,7350,1100,7954,100)
Skill = (7,51,0,10,0,0,0,0,0,0,0,15339,1100,16129,30)
Skill = (8,10,0,10,0,0,0,0,0,0,0,0,1200,50,50)
Skill = (9,11,0,10,0,0,0,0,0,0,0,75,1200,109,50)
Skill = (10,13,0,10,0,0,0,0,0,0,0,253,1200,268,50)
Skill = (11,13,0,10,0,0,0,0,0,0,0,212,1200,268,50)
Skill = (12,0,2147483647,0,0,0,0,0,0,0,0,0,1000,2147483647,2147483647)
Skill = (13,62,0,10,0,0,0,0,0,0,0,28929,1100,31049,20)
Skill = (14,0,1200,0,0,0,0,0,0,0,0,0,0,0,0)
Skill = (15,0,2147483647,0,0,0,0,0,0,0,0,0,1000,2147483647,2147483647)
Skill = (16,0,2147483647,0,0,0,0,0,0,0,0,0,1000,2147483647,2147483647)
Skill = (17,0,2147483647,0,0,0,0,0,0,0,0,0,50,2147483647,2147483647)
Skill = (18,0,2147483647,0,0,0,0,0,0,0,0,0,1000,2147483647,2147483647)
Skill = (19,0,2147483647,0,0,0,0,0,0,0,0,0,1000,2147483647,2147483647)
Skill = (20,0,2147483647,0,0,0,0,0,0,0,0,0,1000,2147483647,2147483647)
Skill = (21,0,2147483647,0,0,0,0,0,0,0,0,0,1000,2147483647,2147483647)
Skill = (22,200,200,0,0,0,0,0,0,0,0,0,0,0,0)
Skill = (23,0,2147483647,0,0,0,0,0,0,0,0,0,1000,2147483647,2147483647)
Skill = (24,0,2147483647,0,0,0,0,0,0,0,0,0,1000,2147483647,2147483647)

Spells      = {1,2,3,6,8,10,20,29,42,44,51,76,79,81}
QuestValues = {(16,1),(20,1),(22,1),(23,1),(190,1),(191,1),(257,1)}
Murders     = {}
