ID              = 9847096
Name            = "Loth Klok"
Race            = 1
Profession      = 2
OriginalOutfit  = 130-107-122-0-0
CurrentOutfit   = 130-107-122-0-0
LastLogin       = 1123226047
LastLogout      = 1123226287
StartPosition   = [32369,32241,7]
CurrentPosition = [32369,32241,7]
PlayerkillerEnd = 0

Skill = (0,9,0,1,0,0,0,0,0,0,1,7072,0,9300,100)
Skill = (1,0,0,0,0,0,0,0,0,0,0,0,1400,20,20)
Skill = (2,195,195,0,0,0,0,0,0,0,10,0,0,0,0)
Skill = (3,50,50,0,0,0,0,0,0,0,15,0,0,0,0)
Skill = (4,78,78,0,0,0,0,0,0,0,1,0,0,0,0)
Skill = (5,490,490,0,0,0,0,0,0,0,20,0,0,0,0)
Skill = (6,21,0,10,0,0,0,0,0,0,0,1962,1100,2138,100)
Skill = (7,10,0,10,0,0,0,0,0,0,0,4,1100,30,30)
Skill = (8,13,0,10,0,0,0,0,0,0,0,193,1200,268,50)
Skill = (9,12,0,10,0,0,0,0,0,0,0,166,1200,181,50)
Skill = (10,20,0,10,0,0,0,0,0,0,0,1342,1200,1607,50)
Skill = (11,10,0,10,0,0,0,0,0,0,0,34,1200,50,50)
Skill = (12,0,2147483647,0,0,0,0,0,0,0,0,0,1000,2147483647,2147483647)
Skill = (13,10,0,10,0,0,0,0,0,0,0,0,1100,20,20)
Skill = (14,0,1200,0,0,0,0,0,0,0,0,0,0,0,0)
Skill = (15,0,2147483647,0,0,0,0,0,0,0,0,0,1000,2147483647,2147483647)
Skill = (16,0,2147483647,0,0,0,0,0,0,0,0,0,1000,2147483647,2147483647)
Skill = (17,0,2147483647,0,0,0,0,0,3,3,0,0,50,2147483647,2147483647)
Skill = (18,0,2147483647,0,0,0,0,0,0,0,0,0,1000,2147483647,2147483647)
Skill = (19,0,2147483647,0,0,0,0,0,0,0,0,0,1000,2147483647,2147483647)
Skill = (20,0,2147483647,0,0,0,0,0,0,0,0,0,1000,2147483647,2147483647)
Skill = (21,0,2147483647,0,0,0,0,0,0,0,0,0,1000,2147483647,2147483647)
Skill = (22,200,200,0,0,0,0,0,0,0,0,0,0,0,0)
Skill = (23,0,2147483647,0,0,0,0,0,0,0,0,0,1000,2147483647,2147483647)
Skill = (24,0,2147483647,0,0,0,0,0,0,0,0,0,1000,2147483647,2147483647)

Spells      = {42}
QuestValues = {(18,1)}
Murders     = {}
