ID              = 9905696
Name            = "Besito de chokolate"
Race            = 1
Profession      = 4
OriginalOutfit  = 142-20-91-15-91
CurrentOutfit   = 142-20-91-15-91
LastLogin       = 1131743276
LastLogout      = 1131743509
StartPosition   = [32369,32241,7]
CurrentPosition = [32350,32221,6]
PlayerkillerEnd = 0

Skill = (0,21,0,1,0,0,0,0,0,0,1,116811,0,135100,100)
Skill = (1,32,0,0,0,0,0,0,0,0,0,4177,1100,4445,20)
Skill = (2,250,250,0,0,0,0,0,0,0,5,0,0,0,0)
Skill = (3,21,425,0,0,0,0,0,0,0,30,0,0,0,0)
Skill = (4,90,90,0,0,0,0,0,10,10,1,0,0,0,0)
Skill = (5,600,600,0,0,0,0,0,0,0,10,0,0,0,0)
Skill = (6,18,0,10,0,0,0,0,0,0,0,6566,1500,7488,100)
Skill = (7,10,0,10,0,0,0,0,0,0,0,27,1800,30,30)
Skill = (8,17,0,10,0,0,0,0,0,0,0,4806,1800,6824,50)
Skill = (9,18,0,10,0,0,0,0,0,0,0,9337,1800,12334,50)
Skill = (10,10,0,10,0,0,0,0,0,0,0,0,1800,50,50)
Skill = (11,11,0,10,0,0,0,0,0,0,0,92,1500,125,50)
Skill = (12,0,2147483647,0,0,0,0,0,0,0,0,0,1000,2147483647,2147483647)
Skill = (13,62,0,10,0,0,0,0,0,0,0,29998,1100,31049,20)
Skill = (14,0,1200,0,0,0,0,0,0,0,0,0,0,0,0)
Skill = (15,0,2147483647,0,0,0,0,0,0,0,0,0,1000,2147483647,2147483647)
Skill = (16,0,2147483647,0,0,0,0,0,0,0,0,0,1000,2147483647,2147483647)
Skill = (17,0,2147483647,0,0,0,0,0,3,3,0,0,50,2147483647,2147483647)
Skill = (18,0,2147483647,0,0,0,0,0,8,8,0,0,1000,2147483647,2147483647)
Skill = (19,0,2147483647,0,0,0,0,0,10,10,0,0,1000,2147483647,2147483647)
Skill = (20,0,2147483647,0,0,0,0,0,0,0,0,0,1000,2147483647,2147483647)
Skill = (21,0,2147483647,0,0,0,0,0,0,0,0,0,1000,2147483647,2147483647)
Skill = (22,97,100,0,0,0,0,0,120,120,0,0,0,0,0)
Skill = (23,0,2147483647,0,0,0,0,0,0,0,0,0,1000,2147483647,2147483647)
Skill = (24,0,2147483647,0,0,0,0,0,0,0,0,0,1000,2147483647,2147483647)

Spells      = {1,3,5,8,10,16,20,29,39,42,45}
QuestValues = {(17,1),(20,1),(21,1),(22,1),(23,1),(32,1),(33,1),(34,1),(59,1),(93,1),(94,1),(95,1),(190,1),(191,1),(223,1),(257,1)}
Murders     = {}
