ID              = 10269318
Name            = "Yuna Flin"
Race            = 1
Profession      = 2
OriginalOutfit  = 137-79-85-126-114
CurrentOutfit   = 137-79-85-126-114
LastLogin       = 1132027338
LastLogout      = 1132027380
StartPosition   = [32360,31782,7]
CurrentPosition = [32338,31781,5]
PlayerkillerEnd = 0

Skill = (0,12,0,1,0,0,0,0,0,0,1,21316,0,23200,100)
Skill = (1,6,0,0,0,0,0,0,0,0,0,364,1400,477,20)
Skill = (2,225,225,0,0,0,0,0,0,0,10,0,0,0,0)
Skill = (3,12,95,0,0,0,0,0,0,0,15,0,0,0,0)
Skill = (4,81,81,0,0,0,0,0,0,0,1,0,0,0,0)
Skill = (5,550,550,0,0,0,0,0,0,0,20,0,0,0,0)
Skill = (6,39,0,10,0,0,0,0,0,0,0,15930,1100,16449,100)
Skill = (7,40,0,10,0,0,0,0,0,0,0,5214,1100,5458,30)
Skill = (8,15,0,10,0,0,0,0,0,0,0,482,1200,496,50)
Skill = (9,10,0,10,0,0,0,0,0,0,0,12,1200,50,50)
Skill = (10,10,0,10,0,0,0,0,0,0,0,0,1200,50,50)
Skill = (11,29,0,10,0,0,0,0,0,0,0,8110,1200,9334,50)
Skill = (12,0,2147483647,0,0,0,0,0,0,0,0,0,1000,2147483647,2147483647)
Skill = (13,10,0,10,0,0,0,0,0,0,0,0,1100,20,20)
Skill = (14,0,1200,0,0,0,0,0,0,0,0,0,0,0,0)
Skill = (15,0,2147483647,0,0,0,0,0,83,83,0,0,1000,2147483647,2147483647)
Skill = (16,0,2147483647,0,0,0,0,0,0,0,0,0,1000,2147483647,2147483647)
Skill = (17,0,2147483647,0,0,0,0,0,3,3,0,0,50,2147483647,2147483647)
Skill = (18,0,2147483647,0,0,0,0,0,0,0,0,0,1000,2147483647,2147483647)
Skill = (19,0,2147483647,0,0,0,0,0,0,0,0,0,1000,2147483647,2147483647)
Skill = (20,0,2147483647,0,0,0,0,0,0,0,0,0,1000,2147483647,2147483647)
Skill = (21,0,2147483647,0,0,0,0,0,0,0,0,0,1000,2147483647,2147483647)
Skill = (22,100,100,0,0,0,0,0,120,120,0,0,0,0,0)
Skill = (23,0,2147483647,0,0,0,0,0,0,0,0,0,1000,2147483647,2147483647)
Skill = (24,0,2147483647,0,0,0,0,0,0,0,0,0,1000,2147483647,2147483647)

Spells      = {1,2,10,42,51}
QuestValues = {(18,1),(223,1)}
Murders     = {}
