ID              = 10971918
Name            = "Megon Leon"
Race            = 1
Profession      = 3
OriginalOutfit  = 129-115-88-132-115
CurrentOutfit   = 129-115-88-132-115
LastLogin       = 1132067096
LastLogout      = 1132080891
StartPosition   = [32360,31782,7]
CurrentPosition = [32336,31785,7]
PlayerkillerEnd = 0

Skill = (0,12,0,1,0,0,0,0,0,0,1,21493,0,23200,100)
Skill = (1,8,0,0,0,0,0,0,0,0,0,269,1100,271,20)
Skill = (2,205,205,0,0,0,0,0,0,0,5,0,0,0,0)
Skill = (3,41,155,0,0,0,0,0,0,0,30,0,0,0,0)
Skill = (4,81,81,0,0,0,0,0,0,0,1,0,0,0,0)
Skill = (5,510,510,0,0,0,0,0,0,0,10,0,0,0,0)
Skill = (6,19,0,10,0,0,0,0,0,0,0,9690,1500,11333,100)
Skill = (7,10,0,10,0,0,0,0,0,0,0,9,2000,30,30)
Skill = (8,14,0,10,0,0,0,0,0,0,0,866,2000,1550,50)
Skill = (9,16,0,10,0,0,0,0,0,0,0,5337,2000,6350,50)
Skill = (10,15,0,10,0,0,0,0,0,0,0,1782,2000,3150,50)
Skill = (11,11,0,10,0,0,0,0,0,0,0,76,1500,125,50)
Skill = (12,0,2147483647,0,0,0,0,0,0,0,0,0,1000,2147483647,2147483647)
Skill = (13,10,0,10,0,0,0,0,0,0,0,0,1100,20,20)
Skill = (14,0,1200,0,0,0,439,0,0,0,0,0,0,0,0)
Skill = (15,0,2147483647,0,0,0,0,0,83,83,0,0,1000,2147483647,2147483647)
Skill = (16,0,2147483647,0,0,0,0,0,0,0,0,0,1000,2147483647,2147483647)
Skill = (17,0,2147483647,0,0,0,0,0,3,3,0,0,50,2147483647,2147483647)
Skill = (18,0,2147483647,0,0,0,0,0,0,0,0,0,1000,2147483647,2147483647)
Skill = (19,0,2147483647,0,0,0,0,0,0,0,0,0,1000,2147483647,2147483647)
Skill = (20,0,2147483647,0,0,0,0,0,120,120,0,0,1000,2147483647,2147483647)
Skill = (21,0,2147483647,0,0,0,0,0,0,0,0,0,1000,2147483647,2147483647)
Skill = (22,100,100,0,0,0,0,0,120,120,0,0,0,0,0)
Skill = (23,0,2147483647,0,0,0,0,0,0,0,0,0,1000,2147483647,2147483647)
Skill = (24,0,2147483647,0,0,0,0,0,0,0,0,0,1000,2147483647,2147483647)

Spells      = {1,7,8,10}
QuestValues = {(18,1),(35,1),(59,1),(61,1),(223,1)}
Murders     = {}
