ID              = 11278118
Name            = "Mad-Mike"
Race            = 1
Profession      = 2
OriginalOutfit  = 134-94-114-114-114
CurrentOutfit   = 134-94-114-114-114
LastLogin       = 1132145445
LastLogout      = 1132149465
StartPosition   = [32369,32241,7]
CurrentPosition = [32265,32316,7]
PlayerkillerEnd = 0

Skill = (0,20,0,1,0,0,0,0,0,0,1,101133,0,116000,100)
Skill = (1,10,0,0,0,0,0,0,0,0,0,1503,1400,1974,20)
Skill = (2,305,305,0,0,0,0,0,0,0,10,0,0,0,0)
Skill = (3,1,215,0,0,0,0,0,0,0,15,0,0,0,0)
Skill = (4,89,89,0,0,0,0,0,0,0,1,0,0,0,0)
Skill = (5,710,710,0,0,0,0,0,0,0,20,0,0,0,0)
Skill = (6,42,0,10,0,0,0,0,0,0,0,21283,1100,22225,100)
Skill = (7,43,0,10,0,0,0,0,0,0,0,7278,1100,7364,30)
Skill = (8,10,0,10,0,0,0,0,0,0,0,0,1200,50,50)
Skill = (9,32,0,10,0,0,0,0,0,0,0,14579,1200,16311,50)
Skill = (10,10,0,10,0,0,0,0,0,0,0,1,1200,50,50)
Skill = (11,12,0,10,0,0,0,0,0,0,0,157,1200,181,50)
Skill = (12,0,2147483647,0,0,0,0,0,0,0,0,0,1000,2147483647,2147483647)
Skill = (13,31,0,10,0,0,0,0,0,0,0,1376,1100,1428,20)
Skill = (14,0,1200,0,0,0,821,0,0,0,0,0,0,0,0)
Skill = (15,0,2147483647,0,0,0,0,0,0,0,0,0,1000,2147483647,2147483647)
Skill = (16,0,2147483647,0,0,0,0,0,0,0,0,0,1000,2147483647,2147483647)
Skill = (17,0,2147483647,0,0,0,0,0,3,3,0,0,50,2147483647,2147483647)
Skill = (18,0,2147483647,0,0,0,0,0,0,0,0,0,1000,2147483647,2147483647)
Skill = (19,0,2147483647,0,0,0,0,0,0,0,0,0,1000,2147483647,2147483647)
Skill = (20,0,2147483647,0,0,0,0,0,0,0,0,0,1000,2147483647,2147483647)
Skill = (21,0,2147483647,0,0,0,0,0,0,0,0,0,1000,2147483647,2147483647)
Skill = (22,100,100,0,0,0,0,0,120,120,0,0,0,0,0)
Skill = (23,0,2147483647,0,0,0,0,0,0,0,0,0,1000,2147483647,2147483647)
Skill = (24,0,2147483647,0,0,0,0,0,0,0,0,0,1000,2147483647,2147483647)

Spells      = {1,6,8,10,42,48,49,51,79}
QuestValues = {(19,1),(20,1),(21,1),(22,1),(23,1),(32,1),(33,1),(34,1),(37,1),(100,1),(106,1),(107,1),(128,1),(190,1),(191,1)}
Murders     = {1129736908,1129738278,1129945099}
