ID              = 8741018
Name            = "Pocolonches of zanera"
Race            = 1
Profession      = 13
OriginalOutfit  = 133-79-114-38-114
CurrentOutfit   = 133-79-114-38-114
LastLogin       = 1130106797
LastLogout      = 1130106815
StartPosition   = [32732,31634,7]
CurrentPosition = [32685,31692,6]
PlayerkillerEnd = 0

Skill = (0,24,0,1,0,0,0,0,0,0,1,180863,0,204800,100)
Skill = (1,31,0,0,0,0,0,0,0,0,0,3900,1100,4022,20)
Skill = (2,265,265,0,0,0,0,0,0,0,5,0,0,0,0)
Skill = (3,177,515,0,0,0,0,0,0,0,30,0,0,0,0)
Skill = (4,93,93,0,0,0,0,0,0,0,1,0,0,0,0)
Skill = (5,630,630,0,0,0,0,0,0,0,10,0,0,0,0)
Skill = (6,24,0,10,0,0,0,0,0,0,0,59610,1500,87378,100)
Skill = (7,10,0,10,0,0,0,0,0,0,0,21,2000,30,30)
Skill = (8,19,0,10,0,0,0,0,0,0,0,41863,2000,51150,50)
Skill = (9,10,0,10,0,0,0,0,0,0,0,14,2000,50,50)
Skill = (10,10,0,10,0,0,0,0,0,0,0,0,2000,50,50)
Skill = (11,10,0,10,0,0,0,0,0,0,0,38,1500,50,50)
Skill = (12,0,2147483647,0,0,0,0,0,0,0,0,0,1000,2147483647,2147483647)
Skill = (13,38,0,10,0,0,0,0,0,0,0,2816,1100,2972,20)
Skill = (14,0,1200,0,0,0,1039,0,0,0,0,0,0,0,0)
Skill = (15,0,2147483647,0,0,0,0,0,0,0,0,0,1000,2147483647,2147483647)
Skill = (16,0,2147483647,0,0,0,0,0,0,0,0,0,1000,2147483647,2147483647)
Skill = (17,0,2147483647,0,0,0,0,0,0,0,0,0,50,2147483647,2147483647)
Skill = (18,0,2147483647,0,0,0,0,0,0,0,0,0,1000,2147483647,2147483647)
Skill = (19,0,2147483647,0,0,0,0,0,0,0,0,0,1000,2147483647,2147483647)
Skill = (20,0,2147483647,0,0,0,0,0,0,0,0,0,1000,2147483647,2147483647)
Skill = (21,0,2147483647,0,0,0,0,0,0,0,0,0,1000,2147483647,2147483647)
Skill = (22,100,100,0,0,0,0,0,0,0,0,0,0,0,0)
Skill = (23,0,2147483647,0,0,0,0,0,0,0,0,0,1000,2147483647,2147483647)
Skill = (24,0,2147483647,0,0,0,0,0,0,0,0,0,1000,2147483647,2147483647)

Spells      = {2,3,8,9,10,13,16,20,21,28,29,30,45,76,88}
QuestValues = {(20,1),(21,1),(22,1),(23,1),(52,1),(53,1),(54,1),(59,1),(84,1),(85,1),(86,1),(87,1),(93,1),(94,1),(98,1),(113,1),(114,1),(125,1),(126,1),(190,1),(191,1)}
Murders     = {}
