ID              = 9272618
Name            = "Sir felipegph"
Race            = 1
Profession      = 3
OriginalOutfit  = 129-57-57-57-132
CurrentOutfit   = 129-57-57-57-132
LastLogin       = 1131845472
LastLogout      = 1131845476
StartPosition   = [32360,31782,7]
CurrentPosition = [32412,31652,9]
PlayerkillerEnd = 0

Skill = (0,14,0,1,0,0,0,0,0,0,1,32328,0,37800,100)
Skill = (1,15,0,0,0,0,0,0,0,0,0,712,1100,718,20)
Skill = (2,215,215,0,0,0,0,0,0,0,5,0,0,0,0)
Skill = (3,200,215,0,0,0,0,0,0,0,30,0,0,0,0)
Skill = (4,83,83,0,0,0,0,0,0,0,1,0,0,0,0)
Skill = (5,530,530,0,0,0,0,0,0,0,10,0,0,0,0)
Skill = (6,19,0,10,0,0,0,0,0,0,0,10026,1500,11333,100)
Skill = (7,10,0,10,0,0,0,0,0,0,0,0,2000,30,30)
Skill = (8,10,0,10,0,0,0,0,0,0,0,0,2000,50,50)
Skill = (9,17,0,10,0,0,0,0,0,0,0,8628,2000,12750,50)
Skill = (10,10,0,10,0,0,0,0,0,0,0,0,2000,50,50)
Skill = (11,10,0,10,0,0,0,0,0,0,0,0,1500,50,50)
Skill = (12,0,2147483647,0,0,0,0,0,0,0,0,0,1000,2147483647,2147483647)
Skill = (13,20,0,10,0,0,0,0,0,0,0,341,1100,370,20)
Skill = (14,0,1200,0,0,0,1015,0,0,0,0,0,0,0,0)
Skill = (15,0,2147483647,0,0,0,6,0,49,83,0,0,1000,2147483647,2147483647)
Skill = (16,0,2147483647,0,0,0,0,0,200,200,0,0,1000,2147483647,2147483647)
Skill = (17,0,2147483647,0,0,0,0,0,3,3,0,0,50,2147483647,2147483647)
Skill = (18,0,2147483647,0,0,0,0,0,8,8,0,0,1000,2147483647,2147483647)
Skill = (19,0,2147483647,0,0,0,0,0,0,0,0,0,1000,2147483647,2147483647)
Skill = (20,0,2147483647,0,0,0,0,0,0,0,0,0,1000,2147483647,2147483647)
Skill = (21,0,2147483647,0,0,0,0,0,0,0,0,0,1000,2147483647,2147483647)
Skill = (22,100,100,0,0,0,1,0,115,120,0,0,0,0,0)
Skill = (23,0,2147483647,0,0,0,0,0,0,0,0,0,1000,2147483647,2147483647)
Skill = (24,0,2147483647,0,0,0,0,0,0,0,0,0,1000,2147483647,2147483647)

Spells      = {1,2,7,8,10,25,27,30,38}
QuestValues = {}
Murders     = {}
