ID              = 9586218
Name            = "Aenon Jurtis"
Race            = 1
Profession      = 2
OriginalOutfit  = 129-95-95-95-95
CurrentOutfit   = 129-95-95-95-95
LastLogin       = 1122451609
LastLogout      = 1122451614
StartPosition   = [32732,31634,7]
CurrentPosition = [32732,31634,7]
PlayerkillerEnd = 0

Skill = (0,9,0,1,0,0,0,0,0,0,1,7232,0,9300,100)
Skill = (1,2,0,0,0,0,0,0,0,0,0,54,1400,87,20)
Skill = (2,195,195,0,0,0,0,0,0,0,10,0,0,0,0)
Skill = (3,40,50,0,0,0,0,0,0,0,15,0,0,0,0)
Skill = (4,78,78,0,0,0,0,0,0,0,1,0,0,0,0)
Skill = (5,490,490,0,0,0,0,0,0,0,20,0,0,0,0)
Skill = (6,25,0,10,0,0,0,0,0,0,0,3563,1100,3594,100)
Skill = (7,34,0,10,0,0,0,0,0,0,0,2767,1100,2950,30)
Skill = (8,14,0,10,0,0,0,0,0,0,0,341,1200,372,50)
Skill = (9,15,0,10,0,0,0,0,0,0,0,427,1200,496,50)
Skill = (10,11,0,10,0,0,0,0,0,0,0,55,1200,109,50)
Skill = (11,11,0,10,0,0,0,0,0,0,0,78,1200,109,50)
Skill = (12,0,2147483647,0,0,0,0,0,0,0,0,0,1000,2147483647,2147483647)
Skill = (13,12,0,10,0,0,0,0,0,0,0,58,1100,66,20)
Skill = (14,0,1200,0,0,0,186,0,0,0,0,0,0,0,0)
Skill = (15,0,2147483647,0,0,0,0,0,83,83,0,0,1000,2147483647,2147483647)
Skill = (16,0,2147483647,0,0,0,0,0,0,0,0,0,1000,2147483647,2147483647)
Skill = (17,0,2147483647,0,0,0,0,0,3,3,0,0,50,2147483647,2147483647)
Skill = (18,0,2147483647,0,0,0,0,0,0,0,0,0,1000,2147483647,2147483647)
Skill = (19,0,2147483647,0,0,0,0,0,0,0,0,0,1000,2147483647,2147483647)
Skill = (20,0,2147483647,0,0,0,0,0,0,0,0,0,1000,2147483647,2147483647)
Skill = (21,0,2147483647,0,0,0,0,0,0,0,0,0,1000,2147483647,2147483647)
Skill = (22,200,200,0,0,0,0,0,0,0,0,0,0,0,0)
Skill = (23,0,2147483647,0,0,0,0,0,0,0,0,0,1000,2147483647,2147483647)
Skill = (24,0,2147483647,0,0,0,0,0,0,0,0,0,1000,2147483647,2147483647)

Spells      = {1,10,42}
QuestValues = {(17,1),(18,1),(20,1),(21,1),(22,1),(23,1),(32,1),(33,1),(34,1),(59,1),(125,1),(126,1),(223,1)}
Murders     = {}
