ID              = 8023249
Name            = "Trang yeu"
Race            = 1
Profession      = 2
OriginalOutfit  = 140-94-64-26-77
CurrentOutfit   = 140-94-64-26-77
LastLogin       = 1124818141
LastLogout      = 1124818156
StartPosition   = [32369,32241,7]
CurrentPosition = [32369,32233,7]
PlayerkillerEnd = 0

Skill = (0,12,0,1,0,0,0,0,0,0,1,18687,0,23200,100)
Skill = (1,4,0,0,0,0,0,0,0,0,0,178,1400,218,20)
Skill = (2,106,225,0,0,0,0,0,0,0,10,0,0,0,0)
Skill = (3,25,95,0,0,0,0,0,0,0,15,0,0,0,0)
Skill = (4,81,81,0,0,0,0,0,0,0,1,0,0,0,0)
Skill = (5,550,550,0,0,0,0,0,0,0,20,0,0,0,0)
Skill = (6,32,0,10,0,0,0,0,0,0,0,7342,1100,7954,100)
Skill = (7,42,0,10,0,0,0,0,0,0,0,6230,1100,6667,30)
Skill = (8,14,0,10,0,0,0,0,0,0,0,336,1200,372,50)
Skill = (9,11,0,10,0,0,0,0,0,0,0,62,1200,109,50)
Skill = (10,11,0,10,0,0,0,0,0,0,0,57,1200,109,50)
Skill = (11,12,0,10,0,0,0,0,0,0,0,123,1200,181,50)
Skill = (12,0,2147483647,0,0,0,0,0,0,0,0,0,1000,2147483647,2147483647)
Skill = (13,30,0,10,0,0,0,0,0,0,0,1230,1100,1280,20)
Skill = (14,0,1200,0,0,0,970,0,0,0,0,0,0,0,0)
Skill = (15,0,2147483647,0,0,0,0,0,0,0,0,0,1000,2147483647,2147483647)
Skill = (16,0,2147483647,0,0,0,0,0,0,0,0,0,1000,2147483647,2147483647)
Skill = (17,0,2147483647,0,0,0,0,0,0,0,0,0,50,2147483647,2147483647)
Skill = (18,0,2147483647,0,0,0,0,0,0,0,0,0,1000,2147483647,2147483647)
Skill = (19,0,2147483647,0,0,0,0,0,0,0,0,0,1000,2147483647,2147483647)
Skill = (20,0,2147483647,0,0,0,0,0,0,0,0,0,1000,2147483647,2147483647)
Skill = (21,0,2147483647,0,0,0,0,0,0,0,0,0,1000,2147483647,2147483647)
Skill = (22,100,100,0,0,0,0,0,0,0,0,0,0,0,0)
Skill = (23,0,2147483647,0,0,0,0,0,0,0,0,0,1000,2147483647,2147483647)
Skill = (24,0,2147483647,0,0,0,0,0,0,0,0,0,1000,2147483647,2147483647)

Spells      = {1,29,42,51,76}
QuestValues = {(18,1),(19,1),(20,1),(21,1),(22,1),(23,1),(25,1),(26,1),(27,1),(28,1),(30,1),(32,1),(33,1),(34,1),(84,1),(85,1),(86,1),(87,1),(100,1)}
Murders     = {}
