ID              = 9101349
Name            = "Firepaly"
Race            = 1
Profession      = 2
OriginalOutfit  = 142-84-70-69-69
CurrentOutfit   = 142-84-70-69-69
LastLogin       = 1126477826
LastLogout      = 1126477828
StartPosition   = [32369,32241,7]
CurrentPosition = [32370,32239,7]
PlayerkillerEnd = 0

Skill = (0,10,0,1,0,0,0,0,0,0,1,9567,0,13000,100)
Skill = (1,3,0,0,0,0,0,0,0,0,0,117,1400,142,20)
Skill = (2,205,205,0,0,0,0,0,0,0,10,0,0,0,0)
Skill = (3,65,65,0,0,0,0,0,0,0,15,0,0,0,0)
Skill = (4,79,79,0,0,0,0,0,0,0,1,0,0,0,0)
Skill = (5,510,510,0,0,0,0,0,0,0,20,0,0,0,0)
Skill = (6,23,0,10,0,0,0,0,0,0,0,2684,1100,2797,100)
Skill = (7,33,0,10,0,0,0,0,0,0,0,2493,1100,2654,30)
Skill = (8,10,0,10,0,0,0,0,0,0,0,9,1200,50,50)
Skill = (9,11,0,10,0,0,0,0,0,0,0,70,1200,109,50)
Skill = (10,10,0,10,0,0,0,0,0,0,0,9,1200,50,50)
Skill = (11,12,0,10,0,0,0,0,0,0,0,164,1200,181,50)
Skill = (12,0,2147483647,0,0,0,0,0,0,0,0,0,1000,2147483647,2147483647)
Skill = (13,10,0,10,0,0,0,0,0,0,0,0,1100,20,20)
Skill = (14,0,1200,0,0,0,0,0,0,0,0,0,0,0,0)
Skill = (15,0,2147483647,0,0,0,0,0,0,0,0,0,1000,2147483647,2147483647)
Skill = (16,0,2147483647,0,0,0,0,0,0,0,0,0,1000,2147483647,2147483647)
Skill = (17,0,2147483647,0,0,0,0,0,0,0,0,0,50,2147483647,2147483647)
Skill = (18,0,2147483647,0,0,0,0,0,0,0,0,0,1000,2147483647,2147483647)
Skill = (19,0,2147483647,0,0,0,0,0,0,0,0,0,1000,2147483647,2147483647)
Skill = (20,0,2147483647,0,0,0,0,0,0,0,0,0,1000,2147483647,2147483647)
Skill = (21,0,2147483647,0,0,0,0,0,0,0,0,0,1000,2147483647,2147483647)
Skill = (22,100,100,0,0,0,0,0,0,0,0,0,0,0,0)
Skill = (23,0,2147483647,0,0,0,0,0,0,0,0,0,1000,2147483647,2147483647)
Skill = (24,0,2147483647,0,0,0,0,0,0,0,0,0,1000,2147483647,2147483647)

Spells      = {1,6,10,29,42,44,48,51,79}
QuestValues = {(20,1),(21,1),(22,1),(23,1),(37,1),(106,1),(107,1)}
Murders     = {}
