ID              = 9533249
Name            = "Haziel Pablo"
Race            = 1
Profession      = 1
OriginalOutfit  = 128-0-114-114-114
CurrentOutfit   = 128-0-114-114-114
LastLogin       = 1131973212
LastLogout      = 1131973223
StartPosition   = [32369,32241,7]
CurrentPosition = [32688,32307,7]
PlayerkillerEnd = 0

Skill = (0,28,0,1,0,0,0,0,0,0,1,305946,0,330400,100)
Skill = (1,4,0,0,0,0,0,0,0,0,0,1237,3000,2420,20)
Skill = (2,485,485,0,0,0,0,0,0,0,15,0,0,0,0)
Skill = (3,120,135,0,0,0,0,0,0,0,5,0,0,0,0)
Skill = (4,97,97,0,0,0,0,0,0,0,1,0,0,0,0)
Skill = (5,970,970,0,0,0,0,0,0,0,25,0,0,0,0)
Skill = (6,52,0,10,0,0,0,0,0,0,0,54274,1100,59240,100)
Skill = (7,10,0,10,0,0,0,0,0,0,0,5,1400,30,30)
Skill = (8,54,0,10,0,0,0,0,0,0,0,35549,1100,35945,50)
Skill = (9,10,0,10,0,0,0,0,0,0,0,32,1100,50,50)
Skill = (10,10,0,10,0,0,0,0,0,0,0,0,1100,50,50)
Skill = (11,10,0,10,0,0,0,0,0,0,0,9,1100,50,50)
Skill = (12,0,2147483647,0,0,0,0,0,0,0,0,0,1000,2147483647,2147483647)
Skill = (13,16,0,10,0,0,0,0,0,0,0,180,1100,189,20)
Skill = (14,0,1200,0,0,0,272,0,0,0,0,0,0,0,0)
Skill = (15,0,2147483647,0,0,0,0,0,125,125,0,0,1000,2147483647,2147483647)
Skill = (16,0,2147483647,0,0,0,0,0,0,0,0,0,1000,2147483647,2147483647)
Skill = (17,0,2147483647,0,0,0,0,0,0,0,0,0,50,2147483647,2147483647)
Skill = (18,0,2147483647,0,0,0,0,0,0,0,0,0,1000,2147483647,2147483647)
Skill = (19,0,2147483647,0,0,0,0,0,0,0,0,0,1000,2147483647,2147483647)
Skill = (20,0,2147483647,0,0,0,0,0,0,0,0,0,1000,2147483647,2147483647)
Skill = (21,0,2147483647,0,0,0,0,0,0,0,0,0,1000,2147483647,2147483647)
Skill = (22,100,100,0,0,0,0,0,120,120,0,0,0,0,0)
Skill = (23,0,2147483647,0,0,0,0,0,0,0,0,0,1000,2147483647,2147483647)
Skill = (24,0,2147483647,0,0,0,0,0,0,0,0,0,1000,2147483647,2147483647)

Spells      = {1,10,11,20,29}
QuestValues = {(18,1),(20,1),(21,1),(22,1),(23,1),(24,1),(32,1),(33,1),(34,1),(35,1),(55,1),(59,1),(93,1),(94,1),(95,1),(99,1),(106,1),(107,1),(109,1),(140,1),(141,1),(190,1),(191,1)}
Murders     = {}
