ID              = 10961744
Name            = "Plafalava"
Race            = 1
Profession      = 2
OriginalOutfit  = 140-77-114-128-114
CurrentOutfit   = 140-77-114-128-114
LastLogin       = 1131821396
LastLogout      = 1131821942
StartPosition   = [32360,31782,7]
CurrentPosition = [32497,31599,7]
PlayerkillerEnd = 0

Skill = (0,20,0,1,0,0,0,0,0,0,1,104542,0,116000,100)
Skill = (1,10,0,0,0,0,0,0,0,0,0,1474,1400,1974,20)
Skill = (2,305,305,0,0,0,0,0,0,0,10,0,0,0,0)
Skill = (3,53,215,0,0,0,0,0,0,0,15,0,0,0,0)
Skill = (4,89,89,0,0,0,0,0,10,10,1,0,0,0,0)
Skill = (5,710,710,0,0,0,0,0,0,0,20,0,0,0,0)
Skill = (6,40,0,10,0,0,0,0,0,0,0,17416,1100,18194,100)
Skill = (7,46,0,10,0,0,0,0,0,0,0,9220,1100,9901,30)
Skill = (8,14,0,10,0,0,0,0,0,0,0,302,1200,372,50)
Skill = (9,30,0,10,0,0,0,0,0,0,0,10975,1200,11251,50)
Skill = (10,10,0,10,0,0,0,0,0,0,0,0,1200,50,50)
Skill = (11,11,0,10,0,0,0,0,0,0,0,107,1200,109,50)
Skill = (12,0,2147483647,0,0,0,0,0,0,0,0,0,1000,2147483647,2147483647)
Skill = (13,39,0,10,0,0,0,0,0,0,0,3264,1100,3289,20)
Skill = (14,0,1200,0,0,0,0,0,0,0,0,0,0,0,0)
Skill = (15,0,2147483647,0,0,0,0,0,0,0,0,0,1000,2147483647,2147483647)
Skill = (16,0,2147483647,0,0,0,0,0,0,0,0,0,1000,2147483647,2147483647)
Skill = (17,0,2147483647,0,0,0,0,0,0,0,0,0,50,2147483647,2147483647)
Skill = (18,0,2147483647,0,0,0,0,0,8,8,0,0,1000,2147483647,2147483647)
Skill = (19,0,2147483647,0,0,0,0,0,0,0,0,0,1000,2147483647,2147483647)
Skill = (20,0,2147483647,0,0,0,0,0,0,0,0,0,1000,2147483647,2147483647)
Skill = (21,0,2147483647,0,0,0,0,0,0,0,0,0,1000,2147483647,2147483647)
Skill = (22,86,100,0,0,0,0,0,120,120,0,0,0,0,0)
Skill = (23,0,2147483647,0,0,0,0,0,0,0,0,0,1000,2147483647,2147483647)
Skill = (24,0,2147483647,0,0,0,0,0,0,0,0,0,1000,2147483647,2147483647)

Spells      = {1,2,3,6,8,10,29,42,48,49,51,79,81}
QuestValues = {(19,1),(20,1),(21,1),(23,1),(27,1),(29,1),(30,1),(31,1),(32,1),(33,1),(34,1),(58,1),(60,1),(61,1),(84,1),(85,1),(86,1),(87,1),(100,1),(106,1),(107,1),(125,1),(126,1),(190,1),(191,1)}
Murders     = {}
