ID              = 8125244
Name            = "Sharp Vue"
Race            = 1
Profession      = 2
OriginalOutfit  = 129-0-86-107-0
CurrentOutfit   = 129-0-86-107-0
LastLogin       = 1118347064
LastLogout      = 1118347087
StartPosition   = [32369,32241,7]
CurrentPosition = [32369,32241,7]
PlayerkillerEnd = 0

Skill = (0,19,0,1,0,0,0,0,0,0,1,89319,0,98800,100)
Skill = (1,9,0,0,0,0,0,0,0,0,0,1111,1400,1396,20)
Skill = (2,295,295,0,0,0,0,0,0,0,10,0,0,0,0)
Skill = (3,200,200,0,0,0,0,0,0,0,15,0,0,0,0)
Skill = (4,88,88,0,0,0,0,0,0,0,1,0,0,0,0)
Skill = (5,690,690,0,0,0,0,0,0,0,20,0,0,0,0)
Skill = (6,49,0,10,0,0,0,0,0,0,0,40446,1100,44259,100)
Skill = (7,59,0,10,0,0,0,0,0,0,0,33347,1100,34917,30)
Skill = (8,10,0,10,0,0,0,0,0,0,0,0,1200,50,50)
Skill = (9,12,0,10,0,0,0,0,0,0,0,170,1200,181,50)
Skill = (10,15,0,10,0,0,0,0,0,0,0,396,1200,496,50)
Skill = (11,20,0,10,0,0,0,0,0,0,0,1599,1200,1607,50)
Skill = (12,0,2147483647,0,0,0,0,0,0,0,0,0,1000,2147483647,2147483647)
Skill = (13,38,0,10,0,0,0,0,0,0,0,2868,1100,2972,20)
Skill = (14,0,1200,0,0,0,0,0,0,0,0,0,0,0,0)
Skill = (15,0,2147483647,0,0,0,0,0,0,0,0,0,1000,2147483647,2147483647)
Skill = (16,0,2147483647,0,0,0,0,0,0,0,0,0,1000,2147483647,2147483647)
Skill = (17,0,2147483647,0,0,0,0,0,0,0,0,0,50,2147483647,2147483647)
Skill = (18,0,2147483647,0,0,0,0,0,0,0,0,0,1000,2147483647,2147483647)
Skill = (19,0,2147483647,0,0,0,0,0,0,0,0,0,1000,2147483647,2147483647)
Skill = (20,0,2147483647,0,0,0,0,0,0,0,0,0,1000,2147483647,2147483647)
Skill = (21,0,2147483647,0,0,0,0,0,0,0,0,0,1000,2147483647,2147483647)
Skill = (22,200,200,0,0,0,0,0,0,0,0,0,0,0,0)
Skill = (23,0,2147483647,0,0,0,0,0,0,0,0,0,1000,2147483647,2147483647)
Skill = (24,0,2147483647,0,0,0,0,0,0,0,0,0,1000,2147483647,2147483647)

Spells      = {1,2,3,8,10,11,20,29,42,51}
QuestValues = {(55,1)}
Murders     = {}
