ID              = 8383844
Name            = "Wazon The Mage"
Race            = 1
Profession      = 3
OriginalOutfit  = 128-124-114-114-114
CurrentOutfit   = 128-124-114-114-114
LastLogin       = 1120953102
LastLogout      = 1120953744
StartPosition   = [32360,31782,7]
CurrentPosition = [32360,31782,7]
PlayerkillerEnd = 0

Skill = (0,9,0,1,0,0,0,0,0,0,1,6491,0,9300,100)
Skill = (1,21,0,0,0,0,0,0,0,0,0,1380,1100,1428,20)
Skill = (2,0,190,0,0,0,0,0,0,0,5,0,0,0,0)
Skill = (3,65,65,0,0,0,0,0,0,0,30,0,0,0,0)
Skill = (4,78,78,0,0,0,0,0,0,0,1,0,0,0,0)
Skill = (5,480,480,0,0,0,0,0,0,0,10,0,0,0,0)
Skill = (6,15,0,10,0,0,0,0,0,0,0,2064,1500,2078,100)
Skill = (7,10,0,10,0,0,0,0,0,0,0,0,2000,30,30)
Skill = (8,14,0,10,0,0,0,0,0,0,0,1032,2000,1550,50)
Skill = (9,14,0,10,0,0,0,0,0,0,0,1134,2000,1550,50)
Skill = (10,10,0,10,0,0,0,0,0,0,0,0,2000,50,50)
Skill = (11,10,0,10,0,0,0,0,0,0,0,15,1500,50,50)
Skill = (12,0,2147483647,0,0,0,0,0,0,0,0,0,1000,2147483647,2147483647)
Skill = (13,52,0,10,0,0,0,0,0,0,0,11492,1100,11848,20)
Skill = (14,0,1200,0,0,0,177,0,0,0,0,0,0,0,0)
Skill = (15,0,2147483647,0,0,0,0,0,0,0,0,0,1000,2147483647,2147483647)
Skill = (16,0,2147483647,0,0,0,0,0,0,0,0,0,1000,2147483647,2147483647)
Skill = (17,0,2147483647,0,0,0,0,0,0,0,0,0,50,2147483647,2147483647)
Skill = (18,0,2147483647,0,0,0,0,0,0,0,0,0,1000,2147483647,2147483647)
Skill = (19,0,2147483647,0,0,0,0,0,0,0,0,0,1000,2147483647,2147483647)
Skill = (20,0,2147483647,0,0,0,0,0,0,0,0,0,1000,2147483647,2147483647)
Skill = (21,0,2147483647,0,0,0,0,0,0,0,0,0,1000,2147483647,2147483647)
Skill = (22,200,200,0,0,0,0,0,0,0,0,0,0,0,0)
Skill = (23,0,2147483647,0,0,0,0,0,0,0,0,0,1000,2147483647,2147483647)
Skill = (24,0,2147483647,0,0,0,0,0,0,0,0,0,1000,2147483647,2147483647)

Spells      = {8,10,29}
QuestValues = {(20,1),(21,1),(22,1),(23,1),(32,1),(33,1),(34,1),(59,1),(125,1),(126,1)}
Murders     = {}
