ID              = 9794844
Name            = "Chino Sadicon"
Race            = 1
Profession      = 2
OriginalOutfit  = 131-88-88-88-88
CurrentOutfit   = 131-88-88-88-88
LastLogin       = 1131984830
LastLogout      = 1131984835
StartPosition   = [32957,32076,7]
CurrentPosition = [32976,32041,5]
PlayerkillerEnd = 0

Skill = (0,7,0,1,0,0,0,0,0,0,1,3221,0,4200,100)
Skill = (1,0,0,0,0,0,0,0,0,0,0,0,1400,20,20)
Skill = (2,175,175,0,0,0,0,0,0,0,10,0,0,0,0)
Skill = (3,20,20,0,0,0,0,0,0,0,15,0,0,0,0)
Skill = (4,76,76,0,0,0,0,0,0,0,1,0,0,0,0)
Skill = (5,450,450,0,0,0,0,0,0,0,20,0,0,0,0)
Skill = (6,15,0,10,0,0,0,0,0,0,0,657,1100,771,100)
Skill = (7,10,0,10,0,0,0,0,0,0,0,3,1100,30,30)
Skill = (8,14,0,10,0,0,0,0,0,0,0,308,1200,372,50)
Skill = (9,13,0,10,0,0,0,0,0,0,0,226,1200,268,50)
Skill = (10,12,0,10,0,0,0,0,0,0,0,171,1200,181,50)
Skill = (11,11,0,10,0,0,0,0,0,0,0,69,1200,109,50)
Skill = (12,0,2147483647,0,0,0,0,0,0,0,0,0,1000,2147483647,2147483647)
Skill = (13,10,0,10,0,0,0,0,0,0,0,0,1100,20,20)
Skill = (14,0,1200,0,0,0,0,0,0,0,0,0,0,0,0)
Skill = (15,0,2147483647,0,0,0,0,0,0,0,0,0,1000,2147483647,2147483647)
Skill = (16,0,2147483647,0,0,0,0,0,0,0,0,0,1000,2147483647,2147483647)
Skill = (17,0,2147483647,0,0,0,0,0,0,0,0,0,50,2147483647,2147483647)
Skill = (18,0,2147483647,0,0,0,0,0,0,0,0,0,1000,2147483647,2147483647)
Skill = (19,0,2147483647,0,0,0,0,0,0,0,0,0,1000,2147483647,2147483647)
Skill = (20,0,2147483647,0,0,0,0,0,0,0,0,0,1000,2147483647,2147483647)
Skill = (21,0,2147483647,0,0,0,0,0,0,0,0,0,1000,2147483647,2147483647)
Skill = (22,100,100,0,0,0,0,0,0,0,0,0,0,0,0)
Skill = (23,0,2147483647,0,0,0,0,0,0,0,0,0,1000,2147483647,2147483647)
Skill = (24,0,2147483647,0,0,0,0,0,0,0,0,0,1000,2147483647,2147483647)

Spells      = {}
QuestValues = {(20,1),(21,1),(22,1),(23,1),(35,1),(59,1)}
Murders     = {}
