ID              = 9836944
Name            = "Feerree"
Race            = 1
Profession      = 1
OriginalOutfit  = 129-114-102-0-94
CurrentOutfit   = 129-114-102-0-94
LastLogin       = 1131208388
LastLogout      = 1131208697
StartPosition   = [32369,32241,7]
CurrentPosition = [32343,32230,7]
PlayerkillerEnd = 0

Skill = (0,7,0,1,0,0,0,0,0,0,1,3634,0,4200,100)
Skill = (1,0,0,0,0,0,0,0,0,0,0,0,3000,20,20)
Skill = (2,170,170,0,0,0,0,0,0,0,15,0,0,0,0)
Skill = (3,30,30,0,0,0,0,0,0,0,5,0,0,0,0)
Skill = (4,76,76,0,0,0,0,0,0,0,1,0,0,0,0)
Skill = (5,445,445,0,0,0,0,0,0,0,25,0,0,0,0)
Skill = (6,18,0,10,0,0,0,0,0,0,0,1280,1100,1357,100)
Skill = (7,10,0,10,0,0,0,0,0,0,0,7,1400,30,30)
Skill = (8,14,0,10,0,0,0,0,0,0,0,251,1100,305,50)
Skill = (9,17,0,10,0,0,0,0,0,0,0,542,1100,571,50)
Skill = (10,13,0,10,0,0,0,0,0,0,0,169,1100,232,50)
Skill = (11,10,0,10,0,0,0,0,0,0,0,11,1100,50,50)
Skill = (12,0,2147483647,0,0,0,0,0,0,0,0,0,1000,2147483647,2147483647)
Skill = (13,10,0,10,0,0,0,0,0,0,0,0,1100,20,20)
Skill = (14,0,1200,0,0,0,268,0,0,0,0,0,0,0,0)
Skill = (15,0,2147483647,0,0,0,0,0,0,0,0,0,1000,2147483647,2147483647)
Skill = (16,0,2147483647,0,0,0,0,0,0,0,0,0,1000,2147483647,2147483647)
Skill = (17,0,2147483647,0,0,0,0,0,0,0,0,0,50,2147483647,2147483647)
Skill = (18,0,2147483647,0,0,0,0,0,0,0,0,0,1000,2147483647,2147483647)
Skill = (19,0,2147483647,0,0,0,0,0,0,0,0,0,1000,2147483647,2147483647)
Skill = (20,0,2147483647,0,0,0,0,0,0,0,0,0,1000,2147483647,2147483647)
Skill = (21,0,2147483647,0,0,0,0,0,0,0,0,0,1000,2147483647,2147483647)
Skill = (22,100,100,0,0,0,1,0,90,120,0,0,0,0,0)
Skill = (23,0,2147483647,0,0,0,0,0,0,0,0,0,1000,2147483647,2147483647)
Skill = (24,0,2147483647,0,0,0,0,0,0,0,0,0,1000,2147483647,2147483647)

Spells      = {}
QuestValues = {(18,1),(24,1),(32,1),(33,1),(34,1),(223,1)}
Murders     = {}
