ID              = 10284153
Name            = "Eduardo el mejor"
Race            = 1
Profession      = 3
OriginalOutfit  = 129-85-114-114-114
CurrentOutfit   = 129-85-114-114-114
LastLogin       = 1132089200
LastLogout      = 1132089251
StartPosition   = [32957,32076,7]
CurrentPosition = [33049,32061,7]
PlayerkillerEnd = 0

Skill = (0,15,0,1,0,0,0,0,0,0,1,39618,0,47000,100)
Skill = (1,13,0,0,0,0,0,0,0,0,0,510,1100,559,20)
Skill = (2,220,220,0,0,0,0,0,0,0,5,0,0,0,0)
Skill = (3,28,245,0,0,0,0,0,0,0,30,0,0,0,0)
Skill = (4,84,84,0,0,0,0,0,0,0,1,0,0,0,0)
Skill = (5,540,540,0,0,0,0,0,0,0,10,0,0,0,0)
Skill = (6,20,0,10,0,0,0,0,0,0,0,14792,1500,17099,100)
Skill = (7,10,0,10,0,0,0,0,0,0,0,3,2000,30,30)
Skill = (8,17,0,10,0,0,0,0,0,0,0,10854,2000,12750,50)
Skill = (9,11,0,10,0,0,0,0,0,0,0,117,2000,150,50)
Skill = (10,13,0,10,0,0,0,0,0,0,0,657,2000,750,50)
Skill = (11,10,0,10,0,0,0,0,0,0,0,21,1500,50,50)
Skill = (12,0,2147483647,0,0,0,0,0,0,0,0,0,1000,2147483647,2147483647)
Skill = (13,10,0,10,0,0,0,0,0,0,0,0,1100,20,20)
Skill = (14,0,1200,0,0,0,380,0,0,0,0,0,0,0,0)
Skill = (15,0,2147483647,0,0,0,0,0,0,0,0,0,1000,2147483647,2147483647)
Skill = (16,0,2147483647,0,0,0,0,0,0,0,0,0,1000,2147483647,2147483647)
Skill = (17,0,2147483647,0,0,0,0,0,3,3,0,0,50,2147483647,2147483647)
Skill = (18,0,2147483647,0,0,0,0,0,8,8,0,0,1000,2147483647,2147483647)
Skill = (19,0,2147483647,0,0,0,0,0,0,0,0,0,1000,2147483647,2147483647)
Skill = (20,0,2147483647,0,0,0,0,0,0,0,0,0,1000,2147483647,2147483647)
Skill = (21,0,2147483647,0,0,0,0,0,0,0,0,0,1000,2147483647,2147483647)
Skill = (22,92,100,0,0,0,0,0,120,120,0,0,0,0,0)
Skill = (23,0,2147483647,0,0,0,0,0,0,0,0,0,1000,2147483647,2147483647)
Skill = (24,0,2147483647,0,0,0,0,0,0,0,0,0,1000,2147483647,2147483647)

Spells      = {1,3,8,10,16,20}
QuestValues = {(20,1),(21,1),(22,1),(23,1),(24,1),(27,1),(32,1),(33,1),(34,1),(35,1),(59,1),(99,1)}
Murders     = {}
