ID              = 11050053
Name            = "Cirax Holdo"
Race            = 1
Profession      = 1
OriginalOutfit  = 131-114-114-114-95
CurrentOutfit   = 131-114-114-114-95
LastLogin       = 1132085783
LastLogout      = 1132086430
StartPosition   = [32732,31634,7]
CurrentPosition = [32571,31865,7]
PlayerkillerEnd = 0

Skill = (0,15,0,1,0,0,0,0,0,0,1,41888,0,47000,100)
Skill = (1,2,0,0,0,0,0,0,0,0,0,80,3000,260,20)
Skill = (2,175,290,0,0,0,0,0,0,0,15,0,0,0,0)
Skill = (3,18,70,0,0,0,0,0,0,0,5,0,0,0,0)
Skill = (4,84,84,0,0,0,0,0,0,0,1,0,0,0,0)
Skill = (5,645,645,0,0,0,0,0,0,0,25,0,0,0,0)
Skill = (6,40,0,10,0,0,0,0,0,0,0,16674,1100,18194,100)
Skill = (7,10,0,10,0,0,0,0,0,0,0,26,1400,30,30)
Skill = (8,15,0,10,0,0,0,0,0,0,0,337,1100,385,50)
Skill = (9,42,0,10,0,0,0,0,0,0,0,10429,1100,11112,50)
Skill = (10,22,0,10,0,0,0,0,0,0,0,1128,1100,1226,50)
Skill = (11,10,0,10,0,0,0,0,0,0,0,37,1100,50,50)
Skill = (12,0,2147483647,0,0,0,0,0,0,0,0,0,1000,2147483647,2147483647)
Skill = (13,22,0,10,0,0,0,0,0,0,0,444,1100,490,20)
Skill = (14,0,1200,0,0,0,1011,0,0,0,0,0,0,0,0)
Skill = (15,0,2147483647,0,0,0,0,0,0,0,0,0,1000,2147483647,2147483647)
Skill = (16,0,2147483647,0,0,0,0,0,0,0,0,0,1000,2147483647,2147483647)
Skill = (17,0,2147483647,0,0,0,0,0,0,0,0,0,50,2147483647,2147483647)
Skill = (18,0,2147483647,0,0,0,0,0,0,0,0,0,1000,2147483647,2147483647)
Skill = (19,0,2147483647,0,0,0,0,0,0,0,0,0,1000,2147483647,2147483647)
Skill = (20,0,2147483647,0,0,0,0,0,0,0,0,0,1000,2147483647,2147483647)
Skill = (21,0,2147483647,0,0,0,0,0,0,0,0,0,1000,2147483647,2147483647)
Skill = (22,100,100,0,0,0,1,0,19,120,0,0,0,0,0)
Skill = (23,0,2147483647,0,0,0,0,0,0,0,0,0,1000,2147483647,2147483647)
Skill = (24,0,2147483647,0,0,0,0,0,0,0,0,0,1000,2147483647,2147483647)

Spells      = {1,10}
QuestValues = {(35,1),(59,1),(125,1),(126,1),(223,1),(224,1)}
Murders     = {}
