ID              = 11275253
Name            = "Crix Maximox"
Race            = 1
Profession      = 4
OriginalOutfit  = 130-114-0-114-57
CurrentOutfit   = 130-114-0-114-57
LastLogin       = 1132105878
LastLogout      = 1132106111
StartPosition   = [32732,31634,7]
CurrentPosition = [32679,31685,6]
PlayerkillerEnd = 0

Skill = (0,15,0,1,0,0,0,0,0,0,1,44454,0,47000,100)
Skill = (1,18,0,0,0,0,0,0,0,0,0,986,1100,1023,20)
Skill = (2,187,220,0,0,0,0,0,0,0,5,0,0,0,0)
Skill = (3,48,245,0,0,0,0,0,0,0,30,0,0,0,0)
Skill = (4,84,84,0,0,0,0,0,0,0,1,0,0,0,0)
Skill = (5,540,540,0,0,0,0,0,0,0,10,0,0,0,0)
Skill = (6,15,0,10,0,0,0,0,0,0,0,1820,1500,2078,100)
Skill = (7,10,0,10,0,0,0,0,0,0,0,9,1800,30,30)
Skill = (8,18,0,10,0,0,0,0,0,0,0,9323,1800,12334,50)
Skill = (9,10,0,10,0,0,0,0,0,0,0,0,1800,50,50)
Skill = (10,10,0,10,0,0,0,0,0,0,0,0,1800,50,50)
Skill = (11,11,0,10,0,0,0,0,0,0,0,83,1500,125,50)
Skill = (12,0,2147483647,0,0,0,0,0,0,0,0,0,1000,2147483647,2147483647)
Skill = (13,10,0,10,0,0,0,0,0,0,0,0,1100,20,20)
Skill = (14,0,1200,0,0,0,0,0,0,0,0,0,0,0,0)
Skill = (15,0,2147483647,0,0,0,0,0,0,0,0,0,1000,2147483647,2147483647)
Skill = (16,0,2147483647,0,0,0,0,0,0,0,0,0,1000,2147483647,2147483647)
Skill = (17,0,2147483647,0,0,0,0,0,0,0,0,0,50,2147483647,2147483647)
Skill = (18,0,2147483647,0,0,0,0,0,0,0,0,0,1000,2147483647,2147483647)
Skill = (19,0,2147483647,0,0,0,0,0,0,0,0,0,1000,2147483647,2147483647)
Skill = (20,0,2147483647,0,0,0,0,0,0,0,0,0,1000,2147483647,2147483647)
Skill = (21,0,2147483647,0,0,0,0,0,0,0,0,0,1000,2147483647,2147483647)
Skill = (22,42,100,0,0,0,0,0,120,120,0,0,0,0,0)
Skill = (23,0,2147483647,0,0,0,0,0,0,0,0,0,1000,2147483647,2147483647)
Skill = (24,0,2147483647,0,0,0,0,0,0,0,0,0,1000,2147483647,2147483647)

Spells      = {1,2,5,8,10,15,16,17,29,45}
QuestValues = {(20,1),(21,1),(23,1),(27,1),(35,1),(59,1),(125,1),(126,1)}
Murders     = {}
