ID              = 8091253
Name            = "Brox de zanera"
Race            = 1
Profession      = 2
OriginalOutfit  = 128-77-40-97-19
CurrentOutfit   = 128-77-40-97-19
LastLogin       = 1129721871
LastLogout      = 1129721882
StartPosition   = [32360,31782,7]
CurrentPosition = [32337,31786,7]
PlayerkillerEnd = 0

Skill = (0,10,0,1,0,0,0,0,0,0,1,11544,0,13000,100)
Skill = (1,4,0,0,0,0,0,0,0,0,0,161,1400,218,20)
Skill = (2,61,205,0,0,0,0,0,0,0,10,0,0,0,0)
Skill = (3,25,65,0,0,0,0,0,0,0,15,0,0,0,0)
Skill = (4,79,79,0,0,0,0,0,0,0,1,0,0,0,0)
Skill = (5,510,510,0,0,0,0,0,0,0,20,0,0,0,0)
Skill = (6,36,0,10,0,0,0,0,0,0,0,11095,1100,12109,100)
Skill = (7,42,0,10,0,0,0,0,0,0,0,6651,1100,6667,30)
Skill = (8,14,0,10,0,0,0,0,0,0,0,364,1200,372,50)
Skill = (9,10,0,10,0,0,0,0,0,0,0,34,1200,50,50)
Skill = (10,10,0,10,0,0,0,0,0,0,0,0,1200,50,50)
Skill = (11,18,0,10,0,0,0,0,0,0,0,978,1200,1039,50)
Skill = (12,0,2147483647,0,0,0,0,0,0,0,0,0,1000,2147483647,2147483647)
Skill = (13,14,0,10,0,0,0,0,0,0,0,103,1100,122,20)
Skill = (14,0,1200,0,0,0,0,0,0,0,0,0,0,0,0)
Skill = (15,0,2147483647,0,0,0,0,0,0,0,0,0,1000,2147483647,2147483647)
Skill = (16,0,2147483647,0,0,0,0,0,0,0,0,0,1000,2147483647,2147483647)
Skill = (17,0,2147483647,0,0,0,0,0,0,0,0,0,50,2147483647,2147483647)
Skill = (18,0,2147483647,0,0,0,0,0,8,8,0,0,1000,2147483647,2147483647)
Skill = (19,0,2147483647,0,0,0,0,0,0,0,0,0,1000,2147483647,2147483647)
Skill = (20,0,2147483647,0,0,0,0,0,0,0,0,0,1000,2147483647,2147483647)
Skill = (21,0,2147483647,0,0,0,0,0,0,0,0,0,1000,2147483647,2147483647)
Skill = (22,100,100,0,0,0,0,0,0,0,0,0,0,0,0)
Skill = (23,0,2147483647,0,0,0,0,0,0,0,0,0,1000,2147483647,2147483647)
Skill = (24,0,2147483647,0,0,0,0,0,0,0,0,0,1000,2147483647,2147483647)

Spells      = {2,42,51}
QuestValues = {(20,1),(21,1),(22,1),(23,1),(24,1),(32,1),(33,1),(34,1),(59,1),(61,1)}
Murders     = {}
