ID              = 8214953
Name            = "Surigon Kallul"
Race            = 1
Profession      = 2
OriginalOutfit  = 128-113-62-65-114
CurrentOutfit   = 128-113-62-65-114
LastLogin       = 1124485957
LastLogout      = 1124487944
StartPosition   = [32957,32076,7]
CurrentPosition = [32919,32072,6]
PlayerkillerEnd = 0

Skill = (0,22,0,1,0,0,0,0,0,0,1,137198,0,156200,100)
Skill = (1,11,0,0,0,0,0,0,0,0,0,2635,1400,2784,20)
Skill = (2,325,325,0,0,0,0,0,0,0,10,0,0,0,0)
Skill = (3,183,245,0,0,0,0,0,0,0,15,0,0,0,0)
Skill = (4,91,91,0,0,0,0,0,0,0,1,0,0,0,0)
Skill = (5,750,750,0,0,0,0,0,0,0,20,0,0,0,0)
Skill = (6,52,0,10,0,0,0,0,0,0,0,55003,1100,59240,100)
Skill = (7,64,0,10,0,0,0,0,0,0,0,55809,1100,56417,30)
Skill = (8,16,0,10,0,0,0,0,0,0,0,630,1200,645,50)
Skill = (9,10,0,10,0,0,0,0,0,0,0,2,1200,50,50)
Skill = (10,10,0,10,0,0,0,0,0,0,0,0,1200,50,50)
Skill = (11,22,0,10,0,0,0,0,0,0,0,2051,1200,2424,50)
Skill = (12,0,2147483647,0,0,0,0,0,0,0,0,0,1000,2147483647,2147483647)
Skill = (13,49,0,10,0,0,0,0,0,0,0,8831,1100,8851,20)
Skill = (14,0,1200,0,0,0,924,0,0,0,0,0,0,0,0)
Skill = (15,0,2147483647,0,0,0,0,0,83,83,0,0,1000,2147483647,2147483647)
Skill = (16,0,2147483647,0,0,0,0,0,0,0,0,0,1000,2147483647,2147483647)
Skill = (17,0,2147483647,0,0,0,0,0,3,3,0,0,50,2147483647,2147483647)
Skill = (18,0,2147483647,0,0,0,0,0,8,8,0,0,1000,2147483647,2147483647)
Skill = (19,0,2147483647,0,0,0,0,0,0,0,0,0,1000,2147483647,2147483647)
Skill = (20,0,2147483647,0,0,0,0,0,0,0,0,0,1000,2147483647,2147483647)
Skill = (21,0,2147483647,0,0,0,0,0,0,0,0,0,1000,2147483647,2147483647)
Skill = (22,100,100,0,0,0,0,0,120,120,0,0,0,0,0)
Skill = (23,0,2147483647,0,0,0,0,0,0,0,0,0,1000,2147483647,2147483647)
Skill = (24,0,2147483647,0,0,0,0,0,0,0,0,0,1000,2147483647,2147483647)

Spells      = {1,2,3,8,10,15,20,29,42,51}
QuestValues = {(20,1),(21,1),(22,1),(23,1),(28,1),(32,1),(33,1),(34,1),(58,1),(59,1),(96,1),(97,1),(98,1),(106,1),(107,1),(153,1),(208,1)}
Murders     = {}
