ID              = 8536653
Name            = "Raind Ther"
Race            = 1
Profession      = 1
OriginalOutfit  = 129-7-114-76-114
CurrentOutfit   = 129-7-114-76-114
LastLogin       = 1130267775
LastLogout      = 1130267807
StartPosition   = [32360,31782,7]
CurrentPosition = [32338,31778,6]
PlayerkillerEnd = 0

Skill = (0,10,0,1,0,0,0,0,0,0,1,10030,0,13000,100)
Skill = (1,0,0,0,0,0,0,0,0,0,0,16,3000,20,20)
Skill = (2,215,215,0,0,0,0,0,0,0,15,0,0,0,0)
Skill = (3,13,45,0,0,0,0,0,0,0,5,0,0,0,0)
Skill = (4,79,79,0,0,0,0,0,0,0,1,0,0,0,0)
Skill = (5,520,520,0,0,0,0,0,0,0,25,0,0,0,0)
Skill = (6,26,0,10,0,0,0,0,0,0,0,3862,1100,4054,100)
Skill = (7,10,0,10,0,0,0,0,0,0,0,8,1400,30,30)
Skill = (8,13,0,10,0,0,0,0,0,0,0,210,1100,232,50)
Skill = (9,24,0,10,0,0,0,0,0,0,0,1505,1100,1588,50)
Skill = (10,24,0,10,0,0,0,0,0,0,0,1534,1100,1588,50)
Skill = (11,10,0,10,0,0,0,0,0,0,0,11,1100,50,50)
Skill = (12,0,2147483647,0,0,0,0,0,0,0,0,0,1000,2147483647,2147483647)
Skill = (13,22,0,10,0,0,0,0,0,0,0,471,1100,490,20)
Skill = (14,0,1200,0,0,0,0,0,0,0,0,0,0,0,0)
Skill = (15,0,2147483647,0,0,0,0,0,83,83,0,0,1000,2147483647,2147483647)
Skill = (16,0,2147483647,0,0,0,0,0,0,0,0,0,1000,2147483647,2147483647)
Skill = (17,0,2147483647,0,0,0,0,0,3,3,0,0,50,2147483647,2147483647)
Skill = (18,0,2147483647,0,0,0,0,0,0,0,0,0,1000,2147483647,2147483647)
Skill = (19,0,2147483647,0,0,0,0,0,0,0,0,0,1000,2147483647,2147483647)
Skill = (20,0,2147483647,0,0,0,0,0,0,0,0,0,1000,2147483647,2147483647)
Skill = (21,0,2147483647,0,0,0,0,0,0,0,0,0,1000,2147483647,2147483647)
Skill = (22,100,100,0,0,0,0,0,120,120,0,0,0,0,0)
Skill = (23,0,2147483647,0,0,0,0,0,0,0,0,0,1000,2147483647,2147483647)
Skill = (24,0,2147483647,0,0,0,0,0,0,0,0,0,1000,2147483647,2147483647)

Spells      = {10,20}
QuestValues = {(20,1),(23,1),(35,1),(59,1),(60,1),(61,1),(223,1)}
Murders     = {}
