ID              = 8665853
Name            = "Sir-Walle"
Race            = 1
Profession      = 3
OriginalOutfit  = 134-86-79-86-79
CurrentOutfit   = 134-86-79-86-79
LastLogin       = 1121470546
LastLogout      = 1121470573
StartPosition   = [32360,31782,7]
CurrentPosition = [32360,31782,7]
PlayerkillerEnd = 0

Skill = (0,16,0,1,0,0,0,0,0,0,1,48161,0,57600,100)
Skill = (1,29,0,0,0,0,0,0,0,0,0,3151,1100,3289,20)
Skill = (2,225,225,0,0,0,0,0,0,0,5,0,0,0,0)
Skill = (3,195,275,0,0,0,0,0,0,0,30,0,0,0,0)
Skill = (4,85,85,0,0,0,0,0,0,0,1,0,0,0,0)
Skill = (5,550,550,0,0,0,0,0,0,0,10,0,0,0,0)
Skill = (6,20,0,10,0,0,0,0,0,0,0,15272,1500,17099,100)
Skill = (7,10,0,10,0,0,0,0,0,0,0,0,2000,30,30)
Skill = (8,11,0,10,0,0,0,0,0,0,0,127,2000,150,50)
Skill = (9,17,0,10,0,0,0,0,0,0,0,11851,2000,12750,50)
Skill = (10,10,0,10,0,0,0,0,0,0,0,0,2000,50,50)
Skill = (11,11,0,10,0,0,0,0,0,0,0,83,1500,125,50)
Skill = (12,0,2147483647,0,0,0,0,0,0,0,0,0,1000,2147483647,2147483647)
Skill = (13,61,0,10,0,0,0,0,0,0,0,27861,1100,28208,20)
Skill = (14,0,1200,0,0,0,1122,0,0,0,0,0,0,0,0)
Skill = (15,0,2147483647,0,0,0,0,0,0,0,0,0,1000,2147483647,2147483647)
Skill = (16,0,2147483647,0,0,0,0,0,0,0,0,0,1000,2147483647,2147483647)
Skill = (17,0,2147483647,0,0,0,0,0,0,0,0,0,50,2147483647,2147483647)
Skill = (18,0,2147483647,0,0,0,0,0,0,0,0,0,1000,2147483647,2147483647)
Skill = (19,0,2147483647,0,0,0,0,0,0,0,0,0,1000,2147483647,2147483647)
Skill = (20,0,2147483647,0,0,0,0,0,0,0,0,0,1000,2147483647,2147483647)
Skill = (21,0,2147483647,0,0,0,0,0,0,0,0,0,1000,2147483647,2147483647)
Skill = (22,200,200,0,0,0,0,0,0,0,0,0,0,0,0)
Skill = (23,0,2147483647,0,0,0,0,0,0,0,0,0,1000,2147483647,2147483647)
Skill = (24,0,2147483647,0,0,0,0,0,0,0,0,0,1000,2147483647,2147483647)

Spells      = {1,3,8,9,10,16,18,20,21,88}
QuestValues = {(25,1),(26,1),(59,1),(84,1),(85,1)}
Murders     = {}
