ID              = 9324053
Name            = "Grate slayer"
Race            = 1
Profession      = 12
OriginalOutfit  = 134-21-114-121-114
CurrentOutfit   = 134-21-114-121-114
LastLogin       = 1131262794
LastLogout      = 1131262825
StartPosition   = [32360,31782,7]
CurrentPosition = [32338,31787,7]
PlayerkillerEnd = 0

Skill = (0,19,0,1,0,0,0,0,0,0,1,85489,0,98800,100)
Skill = (1,10,0,0,0,0,0,0,0,0,0,1551,1400,1974,20)
Skill = (2,295,295,0,0,0,0,0,0,0,10,0,0,0,0)
Skill = (3,0,200,0,0,0,0,0,0,0,15,0,0,0,0)
Skill = (4,88,88,0,0,0,0,0,0,0,1,0,0,0,0)
Skill = (5,690,690,0,0,0,0,0,0,0,20,0,0,0,0)
Skill = (6,34,0,10,0,0,0,0,0,0,0,9503,1100,9834,100)
Skill = (7,54,0,10,0,0,0,0,0,0,0,20802,1100,21567,30)
Skill = (8,10,0,10,0,0,0,0,0,0,0,36,1200,50,50)
Skill = (9,10,0,10,0,0,0,0,0,0,0,0,1200,50,50)
Skill = (10,10,0,10,0,0,0,0,0,0,0,0,1200,50,50)
Skill = (11,19,0,10,0,0,0,0,0,0,0,1242,1200,1297,50)
Skill = (12,0,2147483647,0,0,0,0,0,0,0,0,0,1000,2147483647,2147483647)
Skill = (13,24,0,10,0,0,0,0,0,0,0,600,1100,635,20)
Skill = (14,0,1200,0,0,0,0,0,0,0,0,0,0,0,0)
Skill = (15,0,2147483647,0,0,0,0,0,0,0,0,0,1000,2147483647,2147483647)
Skill = (16,0,2147483647,0,0,0,0,0,0,0,0,0,1000,2147483647,2147483647)
Skill = (17,0,2147483647,0,0,0,0,0,0,0,0,0,50,2147483647,2147483647)
Skill = (18,0,2147483647,0,0,0,0,0,0,0,0,0,1000,2147483647,2147483647)
Skill = (19,0,2147483647,0,0,0,0,0,0,0,0,0,1000,2147483647,2147483647)
Skill = (20,0,2147483647,0,0,0,0,0,0,0,0,0,1000,2147483647,2147483647)
Skill = (21,0,2147483647,0,0,0,0,0,0,0,0,0,1000,2147483647,2147483647)
Skill = (22,100,100,0,0,0,0,0,0,0,0,0,0,0,0)
Skill = (23,0,2147483647,0,0,0,0,0,0,0,0,0,1000,2147483647,2147483647)
Skill = (24,0,2147483647,0,0,0,0,0,0,0,0,0,1000,2147483647,2147483647)

Spells      = {1,3,6,8,10,20,29,49,51,76,79,81}
QuestValues = {(20,1),(21,1),(22,1),(23,1),(37,1),(59,1),(69,1),(190,1),(191,1)}
Murders     = {}
