ID              = 9460953
Name            = "Sir Shirad"
Race            = 1
Profession      = 4
OriginalOutfit  = 129-94-114-0-0
CurrentOutfit   = 129-94-114-0-0
LastLogin       = 1132098612
LastLogout      = 1132098630
StartPosition   = [32732,31634,7]
CurrentPosition = [32720,31634,7]
PlayerkillerEnd = 0

Skill = (0,17,0,1,0,0,0,0,0,0,1,68269,0,69700,100)
Skill = (1,23,0,0,0,0,0,0,0,0,0,1674,1100,1769,20)
Skill = (2,230,230,0,0,0,0,0,0,0,5,0,0,0,0)
Skill = (3,305,305,0,0,0,0,0,0,0,30,0,0,0,0)
Skill = (4,86,86,0,0,0,0,0,0,0,1,0,0,0,0)
Skill = (5,560,560,0,0,0,0,0,0,0,10,0,0,0,0)
Skill = (6,21,0,10,0,0,0,0,0,0,0,20405,1500,25749,100)
Skill = (7,10,0,10,0,0,0,0,0,0,0,2,1800,30,30)
Skill = (8,10,0,10,0,0,0,0,0,0,0,22,1800,50,50)
Skill = (9,19,0,10,0,0,0,0,0,0,0,13771,1800,22252,50)
Skill = (10,10,0,10,0,0,0,0,0,0,0,0,1800,50,50)
Skill = (11,13,0,10,0,0,0,0,0,0,0,271,1500,406,50)
Skill = (12,0,2147483647,0,0,0,0,0,0,0,0,0,1000,2147483647,2147483647)
Skill = (13,26,0,10,0,0,0,0,0,0,0,723,1100,810,20)
Skill = (14,0,1200,0,0,0,0,0,0,0,0,0,0,0,0)
Skill = (15,0,2147483647,0,0,0,0,0,0,0,0,0,1000,2147483647,2147483647)
Skill = (16,0,2147483647,0,0,0,0,0,0,0,0,0,1000,2147483647,2147483647)
Skill = (17,0,2147483647,0,0,0,0,0,0,0,0,0,50,2147483647,2147483647)
Skill = (18,0,2147483647,0,0,0,0,0,0,0,0,0,1000,2147483647,2147483647)
Skill = (19,0,2147483647,0,0,0,0,0,0,0,0,0,1000,2147483647,2147483647)
Skill = (20,0,2147483647,0,0,0,0,0,0,0,0,0,1000,2147483647,2147483647)
Skill = (21,0,2147483647,0,0,0,0,0,0,0,0,0,1000,2147483647,2147483647)
Skill = (22,34,100,0,0,0,0,0,0,0,0,0,0,0,0)
Skill = (23,0,2147483647,0,0,0,0,0,0,0,0,0,1000,2147483647,2147483647)
Skill = (24,0,2147483647,0,0,0,0,0,0,0,0,0,1000,2147483647,2147483647)

Spells      = {3,5,7,8,9,10,16,17,26,27,42,44,45}
QuestValues = {(21,1),(22,1),(23,1),(98,1),(125,1),(126,1),(190,1),(191,1)}
Murders     = {}
