ID              = 9919053
Name            = "Sebaxz"
Race            = 1
Profession      = 1
OriginalOutfit  = 128-114-114-94-114
CurrentOutfit   = 128-114-114-94-114
LastLogin       = 1132001676
LastLogout      = 1132002550
StartPosition   = [32369,32241,7]
CurrentPosition = [32346,32222,7]
PlayerkillerEnd = 0

Skill = (0,9,0,1,0,0,0,0,0,0,1,8685,0,9300,100)
Skill = (1,1,0,0,0,0,0,0,0,0,0,56,3000,80,20)
Skill = (2,200,200,0,0,0,0,0,0,0,15,0,0,0,0)
Skill = (3,24,40,0,0,0,0,0,0,0,5,0,0,0,0)
Skill = (4,78,78,0,0,0,0,0,0,0,1,0,0,0,0)
Skill = (5,495,495,0,0,0,0,0,0,0,25,0,0,0,0)
Skill = (6,14,0,10,0,0,0,0,0,0,0,592,1100,610,100)
Skill = (7,11,0,10,0,0,0,0,0,0,0,49,1400,71,30)
Skill = (8,28,0,10,0,0,0,0,0,0,0,2416,1100,2557,50)
Skill = (9,14,0,10,0,0,0,0,0,0,0,271,1100,305,50)
Skill = (10,13,0,10,0,0,0,0,0,0,0,174,1100,232,50)
Skill = (11,11,0,10,0,0,0,0,0,0,0,90,1100,105,50)
Skill = (12,0,2147483647,0,0,0,0,0,0,0,0,0,1000,2147483647,2147483647)
Skill = (13,11,0,10,0,0,0,0,0,0,0,25,1100,42,20)
Skill = (14,0,1200,0,0,0,602,0,0,0,0,0,0,0,0)
Skill = (15,0,2147483647,0,0,0,0,0,83,83,0,0,1000,2147483647,2147483647)
Skill = (16,0,2147483647,0,0,0,0,0,0,0,0,0,1000,2147483647,2147483647)
Skill = (17,0,2147483647,0,0,0,0,0,0,0,0,0,50,2147483647,2147483647)
Skill = (18,0,2147483647,0,0,0,0,0,0,0,0,0,1000,2147483647,2147483647)
Skill = (19,0,2147483647,0,0,0,0,0,0,0,0,0,1000,2147483647,2147483647)
Skill = (20,0,2147483647,0,0,0,0,0,0,0,0,0,1000,2147483647,2147483647)
Skill = (21,0,2147483647,0,0,0,0,0,0,0,0,0,1000,2147483647,2147483647)
Skill = (22,100,100,0,0,0,0,0,0,0,0,0,0,0,0)
Skill = (23,0,2147483647,0,0,0,0,0,0,0,0,0,1000,2147483647,2147483647)
Skill = (24,0,2147483647,0,0,0,0,0,0,0,0,0,1000,2147483647,2147483647)

Spells      = {1,10,20}
QuestValues = {(18,1),(35,1),(59,1),(96,1),(97,1),(106,1),(107,1),(223,1)}
Murders     = {1130307531}
