ID              = 10054600
Name            = "Zondreth"
Race            = 1
Profession      = 2
OriginalOutfit  = 128-76-19-57-38
CurrentOutfit   = 128-76-19-57-38
LastLogin       = 1129767929
LastLogout      = 1129767932
StartPosition   = [32732,31634,7]
CurrentPosition = [32682,31684,7]
PlayerkillerEnd = 0

Skill = (0,8,0,1,0,0,0,0,0,0,1,5140,0,6400,100)
Skill = (1,1,0,0,0,0,0,0,0,0,0,37,1400,47,20)
Skill = (2,185,185,0,0,0,0,0,0,0,10,0,0,0,0)
Skill = (3,17,35,0,0,0,0,0,0,0,15,0,0,0,0)
Skill = (4,77,77,0,0,0,0,0,0,0,1,0,0,0,0)
Skill = (5,470,470,0,0,0,0,0,0,0,20,0,0,0,0)
Skill = (6,21,0,10,0,0,0,0,0,0,0,1990,1100,2138,100)
Skill = (7,24,0,10,0,0,0,0,0,0,0,941,1100,953,30)
Skill = (8,13,0,10,0,0,0,0,0,0,0,248,1200,268,50)
Skill = (9,14,0,10,0,0,0,0,0,0,0,321,1200,372,50)
Skill = (10,10,0,10,0,0,0,0,0,0,0,19,1200,50,50)
Skill = (11,10,0,10,0,0,0,0,0,0,0,46,1200,50,50)
Skill = (12,0,2147483647,0,0,0,0,0,0,0,0,0,1000,2147483647,2147483647)
Skill = (13,10,0,10,0,0,0,0,0,0,0,0,1100,20,20)
Skill = (14,0,1200,0,0,0,0,0,0,0,0,0,0,0,0)
Skill = (15,0,2147483647,0,0,0,0,0,0,0,0,0,1000,2147483647,2147483647)
Skill = (16,0,2147483647,0,0,0,0,0,0,0,0,0,1000,2147483647,2147483647)
Skill = (17,0,2147483647,0,0,0,0,0,3,3,0,0,50,2147483647,2147483647)
Skill = (18,0,2147483647,0,0,0,0,0,0,0,0,0,1000,2147483647,2147483647)
Skill = (19,0,2147483647,0,0,0,0,0,0,0,0,0,1000,2147483647,2147483647)
Skill = (20,0,2147483647,0,0,0,0,0,0,0,0,0,1000,2147483647,2147483647)
Skill = (21,0,2147483647,0,0,0,0,0,0,0,0,0,1000,2147483647,2147483647)
Skill = (22,100,100,0,0,0,0,0,120,120,0,0,0,0,0)
Skill = (23,0,2147483647,0,0,0,0,0,0,0,0,0,1000,2147483647,2147483647)
Skill = (24,0,2147483647,0,0,0,0,0,0,0,0,0,1000,2147483647,2147483647)

Spells      = {20,42}
QuestValues = {(20,1),(21,1),(22,1),(23,1),(59,1)}
Murders     = {}
