ID              = 10554100
Name            = "Blasa Erithika"
Race            = 1
Profession      = 0
OriginalOutfit  = 137-58-85-85-85
CurrentOutfit   = 137-58-85-85-85
LastLogin       = 1128559693
LastLogout      = 1128559698
StartPosition   = [32097,32219,7]
CurrentPosition = [32097,32216,7]
PlayerkillerEnd = 0

Skill = (0,5,0,1,0,0,0,0,0,0,1,815,0,1500,100)
Skill = (1,0,0,0,0,0,0,0,0,0,0,0,3000,20,20)
Skill = (2,170,170,0,0,0,0,0,0,0,5,0,0,0,0)
Skill = (3,20,20,0,0,0,0,0,0,0,5,0,0,0,0)
Skill = (4,74,74,0,0,0,0,0,0,0,1,0,0,0,0)
Skill = (5,440,440,0,0,0,0,0,0,0,10,0,0,0,0)
Skill = (6,12,0,10,0,0,0,0,0,0,0,417,1500,475,100)
Skill = (7,10,0,10,0,0,0,0,0,0,0,0,2000,30,30)
Skill = (8,12,0,10,0,0,0,0,0,0,0,333,2000,350,50)
Skill = (9,13,0,10,0,0,0,0,0,0,0,374,2000,750,50)
Skill = (10,11,0,10,0,0,0,0,0,0,0,144,2000,150,50)
Skill = (11,11,0,10,0,0,0,0,0,0,0,108,1500,125,50)
Skill = (12,0,2147483647,0,0,0,0,0,0,0,0,0,1000,2147483647,2147483647)
Skill = (13,11,0,10,0,0,0,0,0,0,0,33,1100,42,20)
Skill = (14,0,1200,0,0,0,0,0,0,0,0,0,0,0,0)
Skill = (15,0,2147483647,0,0,0,0,0,0,0,0,0,1000,2147483647,2147483647)
Skill = (16,0,2147483647,0,0,0,0,0,0,0,0,0,1000,2147483647,2147483647)
Skill = (17,0,2147483647,0,0,0,0,0,0,0,0,0,50,2147483647,2147483647)
Skill = (18,0,2147483647,0,0,0,0,0,0,0,0,0,1000,2147483647,2147483647)
Skill = (19,0,2147483647,0,0,0,0,0,0,0,0,0,1000,2147483647,2147483647)
Skill = (20,0,2147483647,0,0,0,0,0,0,0,0,0,1000,2147483647,2147483647)
Skill = (21,0,2147483647,0,0,0,0,0,0,0,0,0,1000,2147483647,2147483647)
Skill = (22,100,100,0,0,0,0,0,0,0,0,0,0,0,0)
Skill = (23,0,2147483647,0,0,0,0,0,0,0,0,0,1000,2147483647,2147483647)
Skill = (24,0,2147483647,0,0,0,0,0,0,0,0,0,1000,2147483647,2147483647)

Spells      = {}
QuestValues = {(59,1),(223,1)}
Murders     = {}
