ID              = 11568700
Name            = "Alleejandro"
Race            = 1
Profession      = 0
OriginalOutfit  = 129-0-49-82-127
CurrentOutfit   = 129-0-49-82-127
LastLogin       = 1131503952
LastLogout      = 1131504035
StartPosition   = [32097,32219,7]
CurrentPosition = [32049,32155,10]
PlayerkillerEnd = 0

Skill = (0,1,0,1,0,0,0,0,0,0,1,19,0,100,100)
Skill = (1,0,0,0,0,0,0,0,0,0,0,0,3000,20,20)
Skill = (2,139,150,0,0,0,0,0,0,0,5,0,0,0,0)
Skill = (3,0,0,0,0,0,0,0,0,0,5,0,0,0,0)
Skill = (4,70,70,0,0,0,0,0,0,0,1,0,0,0,0)
Skill = (5,400,400,0,0,0,0,0,0,0,10,0,0,0,0)
Skill = (6,10,0,10,0,0,0,0,0,0,0,0,1500,100,100)
Skill = (7,10,0,10,0,0,0,0,0,0,0,0,2000,30,30)
Skill = (8,10,0,10,0,0,0,0,0,0,0,0,2000,50,50)
Skill = (9,10,0,10,0,0,0,0,0,0,0,19,2000,50,50)
Skill = (10,10,0,10,0,0,0,0,0,0,0,0,2000,50,50)
Skill = (11,11,0,10,0,0,0,0,0,0,0,113,1500,125,50)
Skill = (12,0,2147483647,0,0,0,0,0,0,0,0,0,1000,2147483647,2147483647)
Skill = (13,10,0,10,0,0,0,0,0,0,0,0,1100,20,20)
Skill = (14,0,1200,0,0,0,0,0,0,0,0,0,0,0,0)
Skill = (15,0,2147483647,0,0,0,0,0,0,0,0,0,1000,2147483647,2147483647)
Skill = (16,0,2147483647,0,0,0,0,0,0,0,0,0,1000,2147483647,2147483647)
Skill = (17,0,2147483647,0,0,0,0,0,0,0,0,0,1000,2147483647,2147483647)
Skill = (18,0,2147483647,0,0,0,0,0,0,0,0,0,1000,2147483647,2147483647)
Skill = (19,0,2147483647,0,0,0,0,0,0,0,0,0,1000,2147483647,2147483647)
Skill = (20,0,2147483647,0,0,0,0,0,0,0,0,0,1000,2147483647,2147483647)
Skill = (21,0,2147483647,0,0,0,0,0,0,0,0,0,1000,2147483647,2147483647)
Skill = (22,100,100,0,0,0,2,0,94,120,0,0,0,0,0)
Skill = (23,0,2147483647,0,0,0,0,0,0,0,0,0,1000,2147483647,2147483647)
Skill = (24,0,2147483647,0,0,0,0,0,0,0,0,0,1000,2147483647,2147483647)

Spells      = {}
QuestValues = {}
Murders     = {}
