ID              = 9436800
Name            = "Se-xo"
Race            = 1
Profession      = 3
OriginalOutfit  = 137-98-96-96-96
CurrentOutfit   = 137-98-96-96-96
LastLogin       = 1132006405
LastLogout      = 1132006407
StartPosition   = [32369,32241,7]
CurrentPosition = [32182,32435,7]
PlayerkillerEnd = 0

Skill = (0,6,0,1,0,0,0,0,0,0,1,1697,0,2600,100)
Skill = (1,2,0,0,0,0,0,0,0,0,0,55,1100,66,20)
Skill = (2,175,175,0,0,0,0,0,0,0,5,0,0,0,0)
Skill = (3,-25,-25,0,0,0,0,0,0,0,30,0,0,0,0)
Skill = (4,75,75,0,0,0,0,0,0,0,1,0,0,0,0)
Skill = (5,450,450,0,0,0,0,0,0,0,10,0,0,0,0)
Skill = (6,13,0,10,0,0,0,0,0,0,0,608,1500,812,100)
Skill = (7,10,0,10,0,0,0,0,0,0,0,0,2000,30,30)
Skill = (8,12,0,10,0,0,0,0,0,0,0,207,2000,350,50)
Skill = (9,12,0,10,0,0,0,0,0,0,0,288,2000,350,50)
Skill = (10,10,0,10,0,0,0,0,0,0,0,20,2000,50,50)
Skill = (11,10,0,10,0,0,0,0,0,0,0,11,1500,50,50)
Skill = (12,0,2147483647,0,0,0,0,0,0,0,0,0,1000,2147483647,2147483647)
Skill = (13,12,0,10,0,0,0,0,0,0,0,62,1100,66,20)
Skill = (14,0,1200,0,0,0,0,0,0,0,0,0,0,0,0)
Skill = (15,0,2147483647,0,0,0,0,0,0,0,0,0,1000,2147483647,2147483647)
Skill = (16,0,2147483647,0,0,0,0,0,0,0,0,0,1000,2147483647,2147483647)
Skill = (17,0,2147483647,0,0,0,0,0,0,0,0,0,50,2147483647,2147483647)
Skill = (18,0,2147483647,0,0,0,0,0,0,0,0,0,1000,2147483647,2147483647)
Skill = (19,0,2147483647,0,0,0,0,0,0,0,0,0,1000,2147483647,2147483647)
Skill = (20,0,2147483647,0,0,0,0,0,0,0,0,0,1000,2147483647,2147483647)
Skill = (21,0,2147483647,0,0,0,0,0,0,0,0,0,1000,2147483647,2147483647)
Skill = (22,100,100,0,0,0,0,0,0,0,0,0,0,0,0)
Skill = (23,0,2147483647,0,0,0,0,0,0,0,0,0,1000,2147483647,2147483647)
Skill = (24,0,2147483647,0,0,0,0,0,0,0,0,0,1000,2147483647,2147483647)

Spells      = {1,2,3,8,10,16,17,18,19,20,22,25,27,29,44,45}
QuestValues = {(20,1),(21,1),(22,1),(23,1),(32,1),(33,1),(34,1),(37,1),(55,1),(59,1),(100,1),(106,1),(107,1),(109,1),(140,1),(141,1),(223,1)}
Murders     = {}
