ID              = 9555000
Name            = "Darth'Prostituta"
Race            = 1
Profession      = 3
OriginalOutfit  = 129-0-85-85-0
CurrentOutfit   = 129-0-85-85-0
LastLogin       = 1124745575
LastLogout      = 1124745899
StartPosition   = [32360,31782,7]
CurrentPosition = [32367,31755,8]
PlayerkillerEnd = 0

Skill = (0,10,0,1,0,0,0,0,0,0,1,10351,0,13000,100)
Skill = (1,7,0,0,0,0,0,0,0,0,0,214,1100,228,20)
Skill = (2,65,195,0,0,0,0,0,0,0,5,0,0,0,0)
Skill = (3,62,95,0,0,0,0,0,0,0,30,0,0,0,0)
Skill = (4,79,79,0,0,0,0,0,0,0,1,0,0,0,0)
Skill = (5,490,490,0,0,0,0,0,0,0,10,0,0,0,0)
Skill = (6,18,0,10,0,0,0,0,0,0,0,5256,1500,7488,100)
Skill = (7,10,0,10,0,0,0,0,0,0,0,0,2000,30,30)
Skill = (8,14,0,10,0,0,0,0,0,0,0,1101,2000,1550,50)
Skill = (9,16,0,10,0,0,0,0,0,0,0,4583,2000,6350,50)
Skill = (10,10,0,10,0,0,0,0,0,0,0,0,2000,50,50)
Skill = (11,11,0,10,0,0,0,0,0,0,0,90,1500,125,50)
Skill = (12,0,2147483647,0,0,0,0,0,0,0,0,0,1000,2147483647,2147483647)
Skill = (13,19,0,10,0,0,0,0,0,0,0,294,1100,318,20)
Skill = (14,0,1200,0,0,0,79,0,0,0,0,0,0,0,0)
Skill = (15,0,2147483647,0,0,0,0,0,83,83,0,0,1000,2147483647,2147483647)
Skill = (16,0,2147483647,0,0,0,0,0,0,0,0,0,1000,2147483647,2147483647)
Skill = (17,0,2147483647,0,0,0,0,0,0,0,0,0,50,2147483647,2147483647)
Skill = (18,0,2147483647,0,0,0,0,0,0,0,0,0,1000,2147483647,2147483647)
Skill = (19,0,2147483647,0,0,0,0,0,0,0,0,0,1000,2147483647,2147483647)
Skill = (20,0,2147483647,0,0,0,0,0,0,0,0,0,1000,2147483647,2147483647)
Skill = (21,0,2147483647,0,0,0,0,0,0,0,0,0,1000,2147483647,2147483647)
Skill = (22,94,100,0,0,0,1,0,24,120,0,0,0,0,0)
Skill = (23,0,2147483647,0,0,0,0,0,0,0,0,0,1000,2147483647,2147483647)
Skill = (24,0,2147483647,0,0,0,0,0,0,0,0,0,1000,2147483647,2147483647)

Spells      = {7,8,10,11,30}
QuestValues = {(20,1),(21,1),(22,1),(23,1),(32,1),(33,1),(34,1),(59,1)}
Murders     = {1124552890,1124649327}
