ID              = 11417499
Name            = "Antaauri"
Race            = 1
Profession      = 3
OriginalOutfit  = 134-57-114-114-114
CurrentOutfit   = 134-57-114-114-114
LastLogin       = 1132112341
LastLogout      = 1132113921
StartPosition   = [32369,32241,7]
CurrentPosition = [32416,32220,6]
PlayerkillerEnd = 0

Skill = (0,9,0,1,0,0,0,0,0,0,1,9166,0,9300,100)
Skill = (1,3,0,0,0,0,0,0,0,0,0,84,1100,92,20)
Skill = (2,190,190,0,0,0,0,0,0,0,5,0,0,0,0)
Skill = (3,20,65,0,0,0,0,0,0,0,30,0,0,0,0)
Skill = (4,78,78,0,0,0,0,0,0,0,1,0,0,0,0)
Skill = (5,480,480,0,0,0,0,0,0,0,10,0,0,0,0)
Skill = (6,16,0,10,0,0,0,0,0,0,0,2882,1500,3217,100)
Skill = (7,10,0,10,0,0,0,0,0,0,0,0,2000,30,30)
Skill = (8,15,0,10,0,0,0,0,0,0,0,3149,2000,3150,50)
Skill = (9,10,0,10,0,0,0,0,0,0,0,0,2000,50,50)
Skill = (10,14,0,10,0,0,0,0,0,0,0,952,2000,1550,50)
Skill = (11,10,0,10,0,0,0,0,0,0,0,6,1500,50,50)
Skill = (12,0,2147483647,0,0,0,0,0,0,0,0,0,1000,2147483647,2147483647)
Skill = (13,12,0,10,0,0,0,0,0,0,0,42,1100,66,20)
Skill = (14,0,1200,0,0,0,0,0,0,0,0,0,0,0,0)
Skill = (15,0,2147483647,0,0,0,0,0,0,0,0,0,1000,2147483647,2147483647)
Skill = (16,0,2147483647,0,0,0,0,0,6000,6000,0,0,1000,2147483647,2147483647)
Skill = (17,0,2147483647,0,0,0,0,0,3,3,0,0,50,2147483647,2147483647)
Skill = (18,0,2147483647,0,0,0,0,0,8,8,0,0,1000,2147483647,2147483647)
Skill = (19,0,2147483647,0,0,0,0,0,0,0,0,0,1000,2147483647,2147483647)
Skill = (20,0,2147483647,0,0,0,0,0,120,120,0,0,1000,2147483647,2147483647)
Skill = (21,0,2147483647,0,0,0,0,0,0,0,0,0,1000,2147483647,2147483647)
Skill = (22,100,100,0,0,0,0,0,120,120,0,0,0,0,0)
Skill = (23,0,2147483647,0,0,0,0,0,0,0,0,0,1000,2147483647,2147483647)
Skill = (24,0,2147483647,0,0,0,0,0,0,0,0,0,1000,2147483647,2147483647)

Spells      = {1,2,20}
QuestValues = {(32,1),(33,1),(34,1),(35,1),(37,1),(223,1)}
Murders     = {}
