ID              = 7956199
Name            = "Rhapz"
Race            = 1
Profession      = 2
OriginalOutfit  = 129-95-95-95-95
CurrentOutfit   = 129-95-95-95-95
LastLogin       = 1131349808
LastLogout      = 1131349826
StartPosition   = [32360,31782,7]
CurrentPosition = [32336,31781,6]
PlayerkillerEnd = 1132109323

Skill = (0,20,0,1,0,0,0,0,0,0,1,99069,0,116000,100)
Skill = (1,8,0,0,0,0,0,0,0,0,0,937,1400,983,20)
Skill = (2,96,305,0,0,0,0,0,0,0,10,0,0,0,0)
Skill = (3,15,215,0,0,0,0,0,0,0,15,0,0,0,0)
Skill = (4,89,89,0,0,0,0,0,0,0,1,0,0,0,0)
Skill = (5,710,710,0,0,0,0,0,0,0,20,0,0,0,0)
Skill = (6,24,0,10,0,0,0,0,0,0,0,2994,1100,3177,100)
Skill = (7,50,0,10,0,0,0,0,0,0,0,14408,1100,14635,30)
Skill = (8,13,0,10,0,0,0,0,0,0,0,216,1200,268,50)
Skill = (9,11,0,10,0,0,0,0,0,0,0,52,1200,109,50)
Skill = (10,10,0,10,0,0,0,0,0,0,0,9,1200,50,50)
Skill = (11,11,0,10,0,0,0,0,0,0,0,86,1200,109,50)
Skill = (12,0,2147483647,0,0,0,0,0,0,0,0,0,1000,2147483647,2147483647)
Skill = (13,24,0,10,0,0,0,0,0,0,0,593,1100,635,20)
Skill = (14,0,1200,0,0,0,0,0,0,0,0,0,0,0,0)
Skill = (15,0,2147483647,0,0,0,0,0,0,0,0,0,1000,2147483647,2147483647)
Skill = (16,0,2147483647,0,0,0,0,0,0,0,0,0,1000,2147483647,2147483647)
Skill = (17,0,2147483647,0,0,0,0,0,0,0,0,0,50,2147483647,2147483647)
Skill = (18,0,2147483647,0,0,0,0,0,8,8,0,0,1000,2147483647,2147483647)
Skill = (19,0,2147483647,0,0,0,0,0,0,0,0,0,1000,2147483647,2147483647)
Skill = (20,0,2147483647,0,0,0,0,0,0,0,0,0,1000,2147483647,2147483647)
Skill = (21,0,2147483647,0,0,0,0,0,0,0,0,0,1000,2147483647,2147483647)
Skill = (22,75,100,0,0,0,0,0,0,0,0,0,0,0,0)
Skill = (23,0,2147483647,0,0,0,0,0,0,0,0,0,1000,2147483647,2147483647)
Skill = (24,0,2147483647,0,0,0,0,0,0,0,0,0,1000,2147483647,2147483647)

Spells      = {2,3,6,8,20,42,51,76,79}
QuestValues = {(14,1),(16,1),(18,1),(19,1),(20,1),(21,1),(22,1),(23,1),(25,1),(26,1),(27,1),(31,1),(32,1),(33,1),(35,1),(37,1),(86,1),(87,1),(100,1),(106,1),(107,1),(121,1),(128,1),(144,1),(190,1),(191,1),(254,1)}
Murders     = {1128894860,1128895188,1128896281,1128896342,1129517323,1129969399,1129969525}
