ID              = 8059499
Name            = "Aleary"
Race            = 1
Profession      = 13
OriginalOutfit  = 134-77-114-114-114
CurrentOutfit   = 134-77-114-114-114
LastLogin       = 1129415425
LastLogout      = 1129415556
StartPosition   = [32360,31782,7]
CurrentPosition = [32341,31787,7]
PlayerkillerEnd = 1132007553

Skill = (0,40,0,1,0,0,0,0,0,0,1,932149,0,992000,100)
Skill = (1,50,0,0,0,0,0,0,0,0,0,23610,1100,25625,20)
Skill = (2,345,345,0,0,0,0,0,0,0,5,0,0,0,0)
Skill = (3,175,995,0,0,0,0,0,0,0,30,0,0,0,0)
Skill = (4,109,109,0,0,0,0,0,0,0,1,0,0,0,0)
Skill = (5,790,790,0,0,0,0,0,0,0,10,0,0,0,0)
Skill = (6,23,0,10,0,0,0,0,0,0,0,39746,1500,58185,100)
Skill = (7,10,0,10,0,0,0,0,0,0,0,20,2000,30,30)
Skill = (8,11,0,10,0,0,0,0,0,0,0,92,2000,150,50)
Skill = (9,19,0,10,0,0,0,0,0,0,0,42313,2000,51150,50)
Skill = (10,10,0,10,0,0,0,0,0,0,0,23,2000,50,50)
Skill = (11,13,0,10,0,0,0,0,0,0,0,354,1500,406,50)
Skill = (12,0,2147483647,0,0,0,0,0,0,0,0,0,1000,2147483647,2147483647)
Skill = (13,51,0,10,0,0,0,0,0,0,0,10538,1100,10752,20)
Skill = (14,0,1200,0,0,0,0,0,0,0,0,0,0,0,0)
Skill = (15,0,2147483647,0,0,0,0,0,0,0,0,0,1000,2147483647,2147483647)
Skill = (16,0,2147483647,0,0,0,0,0,0,0,0,0,1000,2147483647,2147483647)
Skill = (17,0,2147483647,0,0,0,0,0,0,0,0,0,50,2147483647,2147483647)
Skill = (18,0,2147483647,0,0,0,0,0,0,0,0,0,1000,2147483647,2147483647)
Skill = (19,0,2147483647,0,0,0,0,0,0,0,0,0,1000,2147483647,2147483647)
Skill = (20,0,2147483647,0,0,0,0,0,0,0,0,0,1000,2147483647,2147483647)
Skill = (21,0,2147483647,0,0,0,0,0,0,0,0,0,1000,2147483647,2147483647)
Skill = (22,131,200,0,0,0,0,0,0,0,0,0,0,0,0)
Skill = (23,0,2147483647,0,0,0,0,0,0,0,0,0,1000,2147483647,2147483647)
Skill = (24,0,2147483647,0,0,0,0,0,0,0,0,0,1000,2147483647,2147483647)

Spells      = {1,2,3,6,8,9,10,13,15,16,17,20,21,23,24,29,30,33,39,44,45,76,81,88}
QuestValues = {(1,4),(2,6),(36,1),(41,1),(42,1),(43,1),(44,1),(77,1),(78,1),(86,1),(87,1),(88,1),(89,1),(90,1),(91,1),(92,1),(96,1),(97,1),(98,1),(99,1),(106,1),(107,1),(109,1),(111,1),(112,1),(115,1),(125,1),(126,1),(129,1),(130,1),(131,1),(132,1),(135,1),(136,1),(137,1),(151,1),(152,1),(153,1),(190,1),(191,1),(200,1),(201,1),(202,1),(211,4),(253,1),(254,1)}
Murders     = {1129413221,1129413531,1129415553,1129415553,1129415553,1129415553,1129415553,1129415553}
