ID              = 8203199
Name            = "Don'Pooh"
Race            = 1
Profession      = 4
OriginalOutfit  = 130-0-113-114-114
CurrentOutfit   = 130-0-113-114-114
LastLogin       = 1131147379
LastLogout      = 1131147400
StartPosition   = [32360,31782,7]
CurrentPosition = [32360,31782,7]
PlayerkillerEnd = 0

Skill = (0,15,0,1,0,0,0,0,0,0,1,44322,0,47000,100)
Skill = (1,20,0,0,0,0,0,0,0,0,0,1151,1100,1280,20)
Skill = (2,220,220,0,0,0,0,0,0,0,5,0,0,0,0)
Skill = (3,245,245,0,0,0,0,0,0,0,30,0,0,0,0)
Skill = (4,84,84,0,0,0,0,0,0,0,1,0,0,0,0)
Skill = (5,540,540,0,0,0,0,0,0,0,10,0,0,0,0)
Skill = (6,16,0,10,0,0,0,0,0,0,0,2393,1500,3217,100)
Skill = (7,10,0,10,0,0,0,0,0,0,0,14,1800,30,30)
Skill = (8,10,0,10,0,0,0,0,0,0,0,9,1800,50,50)
Skill = (9,10,0,10,0,0,0,0,0,0,0,0,1800,50,50)
Skill = (10,18,0,10,0,0,0,0,0,0,0,12090,1800,12334,50)
Skill = (11,12,0,10,0,0,0,0,0,0,0,216,1500,237,50)
Skill = (12,0,2147483647,0,0,0,0,0,0,0,0,0,1000,2147483647,2147483647)
Skill = (13,22,0,10,0,0,0,0,0,0,0,477,1100,490,20)
Skill = (14,0,1200,0,0,0,0,0,0,0,0,0,0,0,0)
Skill = (15,0,2147483647,0,0,0,0,0,0,0,0,0,1000,2147483647,2147483647)
Skill = (16,0,2147483647,0,0,0,0,0,0,0,0,0,1000,2147483647,2147483647)
Skill = (17,0,2147483647,0,0,0,0,0,0,0,0,0,50,2147483647,2147483647)
Skill = (18,0,2147483647,0,0,0,0,0,0,0,0,0,1000,2147483647,2147483647)
Skill = (19,0,2147483647,0,0,0,0,0,0,0,0,0,1000,2147483647,2147483647)
Skill = (20,0,2147483647,0,0,0,0,0,0,0,0,0,1000,2147483647,2147483647)
Skill = (21,0,2147483647,0,0,0,0,0,0,0,0,0,1000,2147483647,2147483647)
Skill = (22,33,100,0,0,0,0,0,0,0,0,0,0,0,0)
Skill = (23,0,2147483647,0,0,0,0,0,0,0,0,0,1000,2147483647,2147483647)
Skill = (24,0,2147483647,0,0,0,0,0,0,0,0,0,1000,2147483647,2147483647)

Spells      = {4,5,8,10,42}
QuestValues = {(17,1),(18,1),(21,1),(22,1),(23,1),(35,1),(58,1),(59,1),(60,1),(61,1),(125,1),(126,1),(224,1),(226,1)}
Murders     = {}
