ID              = 9327399
Name            = "Rafael on zanera"
Race            = 1
Profession      = 3
OriginalOutfit  = 129-115-105-114-114
CurrentOutfit   = 129-115-105-114-114
LastLogin       = 1131928321
LastLogout      = 1131928406
StartPosition   = [32360,31782,7]
CurrentPosition = [32337,31791,7]
PlayerkillerEnd = 0

Skill = (0,16,0,1,0,0,0,0,0,0,1,47214,0,57600,100)
Skill = (1,13,0,0,0,0,0,0,0,0,0,547,1100,559,20)
Skill = (2,0,225,0,0,0,0,0,0,0,5,0,0,0,0)
Skill = (3,275,275,0,0,0,0,0,0,0,30,0,0,0,0)
Skill = (4,85,85,0,0,0,0,0,0,0,1,0,0,0,0)
Skill = (5,550,550,0,0,0,0,0,0,0,10,0,0,0,0)
Skill = (6,20,0,10,0,0,0,0,0,0,0,16092,1500,17099,100)
Skill = (7,10,0,10,0,0,0,0,0,0,0,17,2000,30,30)
Skill = (8,11,0,10,0,0,0,0,0,0,0,139,2000,150,50)
Skill = (9,18,0,10,0,0,0,0,0,0,0,15019,2000,25550,50)
Skill = (10,10,0,10,0,0,0,0,0,0,0,0,2000,50,50)
Skill = (11,10,0,10,0,0,0,0,0,0,0,32,1500,50,50)
Skill = (12,0,2147483647,0,0,0,0,0,0,0,0,0,1000,2147483647,2147483647)
Skill = (13,27,0,10,0,0,0,0,0,0,0,878,1100,911,20)
Skill = (14,0,1200,0,0,0,0,0,0,0,0,0,0,0,0)
Skill = (15,0,2147483647,0,0,0,0,0,0,0,0,0,1000,2147483647,2147483647)
Skill = (16,0,2147483647,0,0,0,0,0,0,0,0,0,1000,2147483647,2147483647)
Skill = (17,0,2147483647,0,0,0,0,0,0,0,0,0,50,2147483647,2147483647)
Skill = (18,0,2147483647,0,0,0,5,0,8,8,0,0,1000,2147483647,2147483647)
Skill = (19,0,2147483647,0,0,0,0,0,0,0,0,0,1000,2147483647,2147483647)
Skill = (20,0,2147483647,0,0,0,0,0,0,0,0,0,1000,2147483647,2147483647)
Skill = (21,0,2147483647,0,0,0,0,0,0,0,0,0,1000,2147483647,2147483647)
Skill = (22,71,100,0,0,0,0,0,0,0,0,0,0,0,0)
Skill = (23,0,2147483647,0,0,0,0,0,0,0,0,0,1000,2147483647,2147483647)
Skill = (24,0,2147483647,0,0,0,0,0,0,0,0,0,1000,2147483647,2147483647)

Spells      = {1,7,8,10,15,25,29}
QuestValues = {(18,1),(35,1),(59,1),(60,1),(125,1),(126,1)}
Murders     = {1131927648}
