ID              = 9681199
Name            = "Huevirujita Roja"
Race            = 1
Profession      = 4
OriginalOutfit  = 138-114-114-114-114
CurrentOutfit   = 138-114-114-114-114
LastLogin       = 1127451997
LastLogout      = 1127452011
StartPosition   = [32360,31782,7]
CurrentPosition = [32326,31815,7]
PlayerkillerEnd = 0

Skill = (0,8,0,1,0,0,0,0,0,0,1,6294,0,6400,100)
Skill = (1,9,0,0,0,0,0,0,0,0,0,297,1100,318,20)
Skill = (2,119,185,0,0,0,0,0,0,0,5,0,0,0,0)
Skill = (3,35,35,0,0,0,0,0,0,0,30,0,0,0,0)
Skill = (4,77,77,0,0,0,0,0,0,0,1,0,0,0,0)
Skill = (5,470,470,0,0,0,0,0,0,0,10,0,0,0,0)
Skill = (6,15,0,10,0,0,0,0,0,0,0,1815,1500,2078,100)
Skill = (7,13,0,10,0,0,0,0,0,0,0,232,1800,356,30)
Skill = (8,10,0,10,0,0,0,0,0,0,0,1,1800,50,50)
Skill = (9,16,0,10,0,0,0,0,0,0,0,3588,1800,3763,50)
Skill = (10,10,0,10,0,0,0,0,0,0,0,0,1800,50,50)
Skill = (11,10,0,10,0,0,0,0,0,0,0,23,1500,50,50)
Skill = (12,0,2147483647,0,0,0,0,0,0,0,0,0,1000,2147483647,2147483647)
Skill = (13,17,0,10,0,0,0,0,0,0,0,190,1100,228,20)
Skill = (14,0,1200,0,0,0,0,0,0,0,0,0,0,0,0)
Skill = (15,0,2147483647,0,0,0,0,0,0,0,0,0,1000,2147483647,2147483647)
Skill = (16,0,2147483647,0,0,0,0,0,0,0,0,0,1000,2147483647,2147483647)
Skill = (17,0,2147483647,0,0,0,0,0,0,0,0,0,50,2147483647,2147483647)
Skill = (18,0,2147483647,0,0,0,0,0,0,0,0,0,1000,2147483647,2147483647)
Skill = (19,0,2147483647,0,0,0,0,0,0,0,0,0,1000,2147483647,2147483647)
Skill = (20,0,2147483647,0,0,0,0,0,0,0,0,0,1000,2147483647,2147483647)
Skill = (21,0,2147483647,0,0,0,0,0,0,0,0,0,1000,2147483647,2147483647)
Skill = (22,100,100,0,0,0,0,0,120,120,0,0,0,0,0)
Skill = (23,0,2147483647,0,0,0,0,0,0,0,0,0,1000,2147483647,2147483647)
Skill = (24,0,2147483647,0,0,0,0,0,0,0,0,0,1000,2147483647,2147483647)

Spells      = {8,10,42}
QuestValues = {(18,1),(20,1),(27,1),(32,1),(33,1),(34,1),(59,1),(125,1),(126,1)}
Murders     = {}
