ID              = 8593825
Name            = "Joey Grecco"
Race            = 1
Profession      = 14
OriginalOutfit  = 133-114-132-4-0
CurrentOutfit   = 133-114-132-4-0
LastLogin       = 1131872941
LastLogout      = 1131872958
StartPosition   = [32732,31634,7]
CurrentPosition = [32683,31688,7]
PlayerkillerEnd = 0

Skill = (0,29,0,1,0,0,0,0,0,0,1,355805,0,368300,100)
Skill = (1,41,0,0,0,0,0,0,0,0,0,10382,1100,10752,20)
Skill = (2,290,290,0,0,0,0,0,0,0,5,0,0,0,0)
Skill = (3,195,665,0,0,0,0,0,0,0,30,0,0,0,0)
Skill = (4,98,98,0,0,0,0,0,10,10,1,0,0,0,0)
Skill = (5,680,680,0,0,0,0,0,0,0,10,0,0,0,0)
Skill = (6,22,0,10,0,0,0,0,0,0,0,38522,1500,38723,100)
Skill = (7,10,0,10,0,0,0,0,0,0,0,0,1800,30,30)
Skill = (8,10,0,10,0,0,0,0,0,0,0,6,1800,50,50)
Skill = (9,20,0,10,0,0,0,0,0,0,0,37975,1800,40105,50)
Skill = (10,10,0,10,0,0,0,0,0,0,0,0,1800,50,50)
Skill = (11,11,0,10,0,0,0,0,0,0,0,69,1500,125,50)
Skill = (12,0,2147483647,0,0,0,0,0,0,0,0,0,1000,2147483647,2147483647)
Skill = (13,45,0,10,0,0,0,0,0,0,0,5777,1100,5982,20)
Skill = (14,0,1200,0,0,0,897,0,0,0,0,0,0,0,0)
Skill = (15,0,2147483647,0,0,0,0,0,0,0,0,0,1000,2147483647,2147483647)
Skill = (16,0,2147483647,0,0,0,0,0,200,200,0,0,1000,2147483647,2147483647)
Skill = (17,0,2147483647,0,0,0,0,0,0,0,0,0,50,2147483647,2147483647)
Skill = (18,0,2147483647,0,0,0,0,0,8,8,0,0,1000,2147483647,2147483647)
Skill = (19,0,2147483647,0,0,0,0,0,10,10,0,0,1000,2147483647,2147483647)
Skill = (20,0,2147483647,0,0,0,0,0,0,0,0,0,1000,2147483647,2147483647)
Skill = (21,0,2147483647,0,0,0,0,0,0,0,0,0,1000,2147483647,2147483647)
Skill = (22,100,100,0,0,0,0,0,15,15,0,0,0,0,0)
Skill = (23,0,2147483647,0,0,0,0,0,0,0,0,0,1000,2147483647,2147483647)
Skill = (24,0,2147483647,0,0,0,0,0,0,0,0,0,1000,2147483647,2147483647)

Spells      = {1,2,3,4,5,6,7,8,9,11,15,16,17,18,20,25,27,29,31,39,42,44,45,76,81,83,88}
QuestValues = {(20,1),(55,1),(76,1),(77,1),(78,1),(84,1),(85,1),(89,1),(90,1),(91,1),(92,1),(96,1),(97,1),(106,1),(107,1),(109,1),(125,1),(126,1),(140,1),(141,1),(190,1),(191,1),(257,1)}
Murders     = {}
