ID              = 8702125
Name            = "Gabriel the dark"
Race            = 1
Profession      = 4
OriginalOutfit  = 130-19-57-95-114
CurrentOutfit   = 130-19-57-95-114
LastLogin       = 1129365992
LastLogout      = 1129366534
StartPosition   = [32360,31782,7]
CurrentPosition = [32589,31826,7]
PlayerkillerEnd = 0

Skill = (0,12,0,1,0,0,0,0,0,0,1,18194,0,23200,100)
Skill = (1,14,0,0,0,0,0,0,0,0,0,599,1100,635,20)
Skill = (2,78,205,0,0,0,0,0,0,0,5,0,0,0,0)
Skill = (3,85,155,0,0,0,0,0,0,0,30,0,0,0,0)
Skill = (4,81,81,0,0,0,0,0,0,0,1,0,0,0,0)
Skill = (5,510,510,0,0,0,0,0,0,0,10,0,0,0,0)
Skill = (6,21,0,10,0,0,0,0,0,0,0,19359,1500,25749,100)
Skill = (7,10,0,10,0,0,0,0,0,0,0,0,1800,30,30)
Skill = (8,19,0,10,0,0,0,0,0,0,0,15397,1800,22252,50)
Skill = (9,10,0,10,0,0,0,0,0,0,0,33,1800,50,50)
Skill = (10,10,0,10,0,0,0,0,0,0,0,0,1800,50,50)
Skill = (11,11,0,10,0,0,0,0,0,0,0,76,1500,125,50)
Skill = (12,0,2147483647,0,0,0,0,0,0,0,0,0,1000,2147483647,2147483647)
Skill = (13,27,0,10,0,0,0,0,0,0,0,815,1100,911,20)
Skill = (14,0,1200,0,0,0,0,0,0,0,0,0,0,0,0)
Skill = (15,0,2147483647,0,0,0,3,0,24,83,0,0,1000,2147483647,2147483647)
Skill = (16,0,2147483647,0,0,0,0,0,0,0,0,0,1000,2147483647,2147483647)
Skill = (17,0,2147483647,0,0,0,0,0,3,3,0,0,50,2147483647,2147483647)
Skill = (18,0,2147483647,0,0,0,0,0,0,0,0,0,1000,2147483647,2147483647)
Skill = (19,0,2147483647,0,0,0,0,0,0,0,0,0,1000,2147483647,2147483647)
Skill = (20,0,2147483647,0,0,0,0,0,0,0,0,0,1000,2147483647,2147483647)
Skill = (21,0,2147483647,0,0,0,0,0,0,0,0,0,1000,2147483647,2147483647)
Skill = (22,63,100,0,0,0,1,0,44,120,0,0,0,0,0)
Skill = (23,0,2147483647,0,0,0,0,0,0,0,0,0,1000,2147483647,2147483647)
Skill = (24,0,2147483647,0,0,0,0,0,0,0,0,0,1000,2147483647,2147483647)

Spells      = {4,5,7,8,10,15,20,42}
QuestValues = {(22,1),(23,1),(35,1),(59,1),(61,1),(223,1)}
Murders     = {}
