ID              = 9176825
Name            = "Princess Zhaint"
Race            = 1
Profession      = 14
OriginalOutfit  = 142-3-114-114-3
CurrentOutfit   = 142-3-114-114-3
LastLogin       = 1132083815
LastLogout      = 1132083878
StartPosition   = [33217,31814,8]
CurrentPosition = [32798,31555,6]
PlayerkillerEnd = 0

Skill = (0,21,0,1,0,0,0,0,0,0,1,116601,0,135100,100)
Skill = (1,48,0,0,0,0,0,0,0,0,0,19912,1100,21143,20)
Skill = (2,250,250,0,0,0,0,0,0,0,5,0,0,0,0)
Skill = (3,141,425,0,0,0,0,0,0,0,30,0,0,0,0)
Skill = (4,90,90,0,0,0,0,0,0,0,1,0,0,0,0)
Skill = (5,600,600,0,0,0,0,0,0,0,10,0,0,0,0)
Skill = (6,20,0,10,0,0,0,0,0,0,0,16224,1500,17099,100)
Skill = (7,10,0,10,0,0,0,0,0,0,0,0,1800,30,30)
Skill = (8,10,0,10,0,0,0,0,0,0,0,37,1800,50,50)
Skill = (9,19,0,10,0,0,0,0,0,0,0,14441,1800,22252,50)
Skill = (10,13,0,10,0,0,0,0,0,0,0,560,1800,593,50)
Skill = (11,14,0,10,0,0,0,0,0,0,0,520,1500,659,50)
Skill = (12,0,2147483647,0,0,0,0,0,0,0,0,0,1000,2147483647,2147483647)
Skill = (13,60,0,10,0,0,0,0,0,0,0,25590,1100,25625,20)
Skill = (14,0,1200,0,0,0,999,0,0,0,0,0,0,0,0)
Skill = (15,0,2147483647,0,0,0,0,0,0,0,0,0,1000,2147483647,2147483647)
Skill = (16,0,2147483647,0,0,0,0,0,0,0,0,0,1000,2147483647,2147483647)
Skill = (17,0,2147483647,0,0,0,0,0,3,3,0,0,50,2147483647,2147483647)
Skill = (18,0,2147483647,0,0,0,0,0,8,8,0,0,1000,2147483647,2147483647)
Skill = (19,0,2147483647,0,0,0,0,0,0,0,0,0,1000,2147483647,2147483647)
Skill = (20,0,2147483647,0,0,0,0,0,0,0,0,0,1000,2147483647,2147483647)
Skill = (21,0,2147483647,0,0,0,0,0,0,0,0,0,1000,2147483647,2147483647)
Skill = (22,93,200,0,0,0,0,0,15,15,0,0,0,0,0)
Skill = (23,0,2147483647,0,0,0,0,0,0,0,0,0,1000,2147483647,2147483647)
Skill = (24,0,2147483647,0,0,0,0,0,0,0,0,0,1000,2147483647,2147483647)

Spells      = {1,2,3,5,8,29,42}
QuestValues = {(190,1),(191,1)}
Murders     = {}
