ID              = 9310525
Name            = "Tyrand"
Race            = 1
Profession      = 3
OriginalOutfit  = 128-91-88-79-88
CurrentOutfit   = 128-91-88-79-88
LastLogin       = 1131873823
LastLogout      = 1131873828
StartPosition   = [32957,32076,7]
CurrentPosition = [32910,32071,6]
PlayerkillerEnd = 0

Skill = (0,13,0,1,0,0,0,0,0,0,1,29623,0,29900,100)
Skill = (1,10,0,0,0,0,0,0,0,0,0,341,1100,370,20)
Skill = (2,200,210,0,0,0,0,0,0,0,5,0,0,0,0)
Skill = (3,70,185,0,0,0,0,0,0,0,30,0,0,0,0)
Skill = (4,82,82,0,0,0,0,0,0,0,1,0,0,0,0)
Skill = (5,520,520,0,0,0,0,0,0,0,10,0,0,0,0)
Skill = (6,19,0,10,0,0,0,0,0,0,0,10564,1500,11333,100)
Skill = (7,10,0,10,0,0,0,0,0,0,0,0,2000,30,30)
Skill = (8,10,0,10,0,0,0,0,0,0,0,11,2000,50,50)
Skill = (9,13,0,10,0,0,0,0,0,0,0,689,2000,750,50)
Skill = (10,16,0,10,0,0,0,0,0,0,0,4528,2000,6350,50)
Skill = (11,10,0,10,0,0,0,0,0,0,0,21,1500,50,50)
Skill = (12,0,2147483647,0,0,0,0,0,0,0,0,0,1000,2147483647,2147483647)
Skill = (13,10,0,10,0,0,0,0,0,0,0,0,1100,20,20)
Skill = (14,0,1200,0,0,0,0,0,0,0,0,0,0,0,0)
Skill = (15,0,2147483647,0,0,0,0,0,0,0,0,0,1000,2147483647,2147483647)
Skill = (16,0,2147483647,0,0,0,0,0,0,0,0,0,1000,2147483647,2147483647)
Skill = (17,0,2147483647,0,0,0,0,0,0,0,0,0,50,2147483647,2147483647)
Skill = (18,0,2147483647,0,0,0,0,0,8,8,0,0,1000,2147483647,2147483647)
Skill = (19,0,2147483647,0,0,0,0,0,0,0,0,0,1000,2147483647,2147483647)
Skill = (20,0,2147483647,0,0,0,0,0,0,0,0,0,1000,2147483647,2147483647)
Skill = (21,0,2147483647,0,0,0,0,0,0,0,0,0,1000,2147483647,2147483647)
Skill = (22,92,100,0,0,0,0,0,0,0,0,0,0,0,0)
Skill = (23,0,2147483647,0,0,0,0,0,0,0,0,0,1000,2147483647,2147483647)
Skill = (24,0,2147483647,0,0,0,0,0,0,0,0,0,1000,2147483647,2147483647)

Spells      = {1,2,8,20}
QuestValues = {(20,1),(21,1),(22,1),(23,1),(59,1)}
Murders     = {}
