ID              = 9976025
Name            = "Principe Maya"
Race            = 1
Profession      = 2
OriginalOutfit  = 129-114-121-0-113
CurrentOutfit   = 129-114-121-0-113
LastLogin       = 1130733416
LastLogout      = 1130733466
StartPosition   = [32360,31782,7]
CurrentPosition = [32338,31778,7]
PlayerkillerEnd = 0

Skill = (0,8,0,1,0,0,0,0,0,0,1,5436,0,6400,100)
Skill = (1,1,0,0,0,0,0,0,0,0,0,21,1400,47,20)
Skill = (2,185,185,0,0,0,0,0,0,0,10,0,0,0,0)
Skill = (3,23,35,0,0,0,0,0,0,0,15,0,0,0,0)
Skill = (4,77,77,0,0,0,0,0,0,0,1,0,0,0,0)
Skill = (5,470,470,0,0,0,0,0,0,0,20,0,0,0,0)
Skill = (6,22,0,10,0,0,0,0,0,0,0,2160,1100,2452,100)
Skill = (7,13,0,10,0,0,0,0,0,0,0,128,1100,139,30)
Skill = (8,16,0,10,0,0,0,0,0,0,0,624,1200,645,50)
Skill = (9,12,0,10,0,0,0,0,0,0,0,125,1200,181,50)
Skill = (10,16,0,10,0,0,0,0,0,0,0,553,1200,645,50)
Skill = (11,11,0,10,0,0,0,0,0,0,0,62,1200,109,50)
Skill = (12,0,2147483647,0,0,0,0,0,0,0,0,0,1000,2147483647,2147483647)
Skill = (13,25,0,10,0,0,0,0,0,0,0,705,1100,718,20)
Skill = (14,0,1200,0,0,0,597,0,0,0,0,0,0,0,0)
Skill = (15,0,2147483647,0,0,0,0,0,83,83,0,0,1000,2147483647,2147483647)
Skill = (16,0,2147483647,0,0,0,0,0,0,0,0,0,1000,2147483647,2147483647)
Skill = (17,0,2147483647,0,0,0,0,0,3,3,0,0,50,2147483647,2147483647)
Skill = (18,0,2147483647,0,0,0,0,0,8,8,0,0,1000,2147483647,2147483647)
Skill = (19,0,2147483647,0,0,0,0,0,0,0,0,0,1000,2147483647,2147483647)
Skill = (20,0,2147483647,0,0,0,0,0,0,0,0,0,1000,2147483647,2147483647)
Skill = (21,0,2147483647,0,0,0,0,0,0,0,0,0,1000,2147483647,2147483647)
Skill = (22,100,100,0,0,0,0,0,120,120,0,0,0,0,0)
Skill = (23,0,2147483647,0,0,0,0,0,0,0,0,0,1000,2147483647,2147483647)
Skill = (24,0,2147483647,0,0,0,0,0,0,0,0,0,1000,2147483647,2147483647)

Spells      = {10,42}
QuestValues = {(18,1),(20,1),(21,1),(22,1),(23,1),(27,1),(32,1),(33,1),(34,1),(35,1),(59,1),(223,1)}
Murders     = {}
