ID              = 11334646
Name            = "Zimoon Sene"
Race            = 1
Profession      = 3
OriginalOutfit  = 139-99-90-126-114
CurrentOutfit   = 139-99-90-126-114
LastLogin       = 1132107504
LastLogout      = 1132107747
StartPosition   = [32369,32241,7]
CurrentPosition = [32433,32213,8]
PlayerkillerEnd = 0

Skill = (0,8,0,1,0,0,0,0,0,0,1,5297,0,6400,100)
Skill = (1,0,0,0,0,0,0,0,0,0,0,0,1100,20,20)
Skill = (2,100,185,0,0,0,0,0,0,0,5,0,0,0,0)
Skill = (3,35,35,0,0,0,0,0,0,0,30,0,0,0,0)
Skill = (4,77,77,0,0,0,0,0,0,0,1,0,0,0,0)
Skill = (5,470,470,0,0,0,0,0,0,0,10,0,0,0,0)
Skill = (6,17,0,10,0,0,0,0,0,0,0,4802,1500,4925,100)
Skill = (7,10,0,10,0,0,0,0,0,0,0,0,2000,30,30)
Skill = (8,16,0,10,0,0,0,0,0,0,0,4996,2000,6350,50)
Skill = (9,10,0,10,0,0,0,0,0,0,0,0,2000,50,50)
Skill = (10,10,0,10,0,0,0,0,0,0,0,0,2000,50,50)
Skill = (11,12,0,10,0,0,0,0,0,0,0,125,1500,237,50)
Skill = (12,0,2147483647,0,0,0,0,0,0,0,0,0,1000,2147483647,2147483647)
Skill = (13,19,0,10,0,0,0,0,0,0,0,277,1100,318,20)
Skill = (14,0,1200,0,0,0,0,0,0,0,0,0,0,0,0)
Skill = (15,0,2147483647,0,0,0,0,0,0,0,0,0,1000,2147483647,2147483647)
Skill = (16,0,2147483647,0,0,0,0,0,0,0,0,0,1000,2147483647,2147483647)
Skill = (17,0,2147483647,0,0,0,0,0,3,3,0,0,50,2147483647,2147483647)
Skill = (18,0,2147483647,0,0,0,0,0,0,0,0,0,1000,2147483647,2147483647)
Skill = (19,0,2147483647,0,0,0,0,0,0,0,0,0,1000,2147483647,2147483647)
Skill = (20,0,2147483647,0,0,0,0,0,0,0,0,0,1000,2147483647,2147483647)
Skill = (21,0,2147483647,0,0,0,0,0,0,0,0,0,1000,2147483647,2147483647)
Skill = (22,100,100,0,0,0,0,0,120,120,0,0,0,0,0)
Skill = (23,0,2147483647,0,0,0,0,0,0,0,0,0,1000,2147483647,2147483647)
Skill = (24,0,2147483647,0,0,0,0,0,0,0,0,0,1000,2147483647,2147483647)

Spells      = {}
QuestValues = {(20,1),(21,1),(22,1),(23,1),(32,1),(33,1),(34,1),(59,1)}
Murders     = {}
