ID              = 11348146
Name            = "Driver Blood"
Race            = 1
Profession      = 0
OriginalOutfit  = 130-131-126-114-94
CurrentOutfit   = 33-0-0-0-0
LastLogin       = 1131393944
LastLogout      = 1131395001
StartPosition   = [32097,32219,7]
CurrentPosition = [32113,32128,8]
PlayerkillerEnd = 0

Skill = (0,5,0,1,0,0,0,0,0,0,1,1012,0,1500,100)
Skill = (1,0,0,0,0,0,0,0,0,0,0,0,3000,20,20)
Skill = (2,112,170,0,0,0,0,0,0,0,5,0,0,0,0)
Skill = (3,20,20,0,0,0,0,0,0,0,5,0,0,0,0)
Skill = (4,74,74,0,0,0,0,0,0,0,1,0,0,0,0)
Skill = (5,440,440,0,0,0,0,0,0,0,10,0,0,0,0)
Skill = (6,12,0,10,0,0,0,0,0,0,0,410,1500,475,100)
Skill = (7,10,0,10,0,0,0,0,0,0,0,11,2000,30,30)
Skill = (8,10,0,10,0,0,0,0,0,0,0,1,2000,50,50)
Skill = (9,14,0,10,0,0,0,0,0,0,0,940,2000,1550,50)
Skill = (10,12,0,10,0,0,0,0,0,0,0,178,2000,350,50)
Skill = (11,10,0,10,0,0,0,0,0,0,0,17,1500,50,50)
Skill = (12,0,2147483647,0,0,0,0,0,0,0,0,0,1000,2147483647,2147483647)
Skill = (13,16,0,10,0,0,0,0,0,0,0,173,1100,189,20)
Skill = (14,0,1200,0,0,0,0,0,0,0,0,0,0,0,0)
Skill = (15,0,2147483647,0,0,0,0,0,0,0,0,0,1000,2147483647,2147483647)
Skill = (16,0,2147483647,0,0,0,1,0,2490,6000,0,0,1000,2147483647,2147483647)
Skill = (17,0,2147483647,0,0,0,0,0,3,3,0,0,50,2147483647,2147483647)
Skill = (18,0,2147483647,0,0,0,0,0,0,0,0,0,1000,2147483647,2147483647)
Skill = (19,0,2147483647,0,0,0,0,0,0,0,0,0,1000,2147483647,2147483647)
Skill = (20,0,2147483647,0,0,0,0,0,0,0,0,0,1000,2147483647,2147483647)
Skill = (21,0,2147483647,0,0,0,0,0,0,0,0,0,1000,2147483647,2147483647)
Skill = (22,100,100,0,0,0,0,0,120,120,0,0,0,0,0)
Skill = (23,0,2147483647,0,0,0,0,0,0,0,0,0,1000,2147483647,2147483647)
Skill = (24,0,2147483647,0,0,0,0,0,0,0,0,0,1000,2147483647,2147483647)

Spells      = {}
QuestValues = {(20,1),(21,1),(22,1),(23,1),(35,1),(59,1),(223,1)}
Murders     = {}
