ID              = 7949246
Name            = "Tony Chokobola"
Race            = 1
Profession      = 1
OriginalOutfit  = 134-79-114-114-114
CurrentOutfit   = 134-79-114-114-114
LastLogin       = 1132115684
LastLogout      = 1132115768
StartPosition   = [32369,32241,7]
CurrentPosition = [32348,32213,7]
PlayerkillerEnd = 0

Skill = (0,30,0,1,0,0,0,0,0,0,1,397869,0,409000,100)
Skill = (1,4,0,0,0,0,0,0,0,0,0,1424,3000,2420,20)
Skill = (2,515,515,0,0,0,0,0,0,0,15,0,0,0,0)
Skill = (3,145,145,0,0,0,0,0,0,0,5,0,0,0,0)
Skill = (4,99,99,0,0,0,0,0,0,0,1,0,0,0,0)
Skill = (5,1020,1020,0,0,0,0,0,0,0,25,0,0,0,0)
Skill = (6,57,0,10,0,0,0,0,0,0,0,95463,1100,96017,100)
Skill = (7,10,0,10,0,0,0,0,0,0,0,9,1400,30,30)
Skill = (8,63,0,10,0,0,0,0,0,0,0,82856,1100,85435,50)
Skill = (9,10,0,10,0,0,0,0,0,0,0,0,1100,50,50)
Skill = (10,10,0,10,0,0,0,0,0,0,0,0,1100,50,50)
Skill = (11,10,0,10,0,0,0,0,0,0,0,7,1100,50,50)
Skill = (12,0,2147483647,0,0,0,0,0,0,0,0,0,1000,2147483647,2147483647)
Skill = (13,44,0,10,0,0,0,0,0,0,0,5264,1100,5420,20)
Skill = (14,0,1200,0,0,0,0,0,0,0,0,0,0,0,0)
Skill = (15,0,2147483647,0,0,0,0,0,0,0,0,0,1000,2147483647,2147483647)
Skill = (16,0,2147483647,0,0,0,0,0,0,0,0,0,1000,2147483647,2147483647)
Skill = (17,0,2147483647,0,0,0,0,0,0,0,0,0,50,2147483647,2147483647)
Skill = (18,0,2147483647,0,0,0,0,0,0,0,0,0,1000,2147483647,2147483647)
Skill = (19,0,2147483647,0,0,0,0,0,0,0,0,0,1000,2147483647,2147483647)
Skill = (20,0,2147483647,0,0,0,0,0,0,0,0,0,1000,2147483647,2147483647)
Skill = (21,0,2147483647,0,0,0,0,0,0,0,0,0,1000,2147483647,2147483647)
Skill = (22,100,100,0,0,0,0,0,0,0,0,0,0,0,0)
Skill = (23,0,2147483647,0,0,0,0,0,0,0,0,0,1000,2147483647,2147483647)
Skill = (24,0,2147483647,0,0,0,0,0,0,0,0,0,1000,2147483647,2147483647)

Spells      = {1,10,29}
QuestValues = {(15,1),(17,1),(20,1),(21,1),(22,1),(23,1),(25,1),(26,1),(27,1),(32,1),(33,1),(34,1),(55,1),(58,1),(69,1),(84,1),(85,1),(86,1),(87,1),(96,1),(97,1),(98,1),(100,1),(106,1),(107,1),(109,1),(128,1),(140,1),(141,1),(145,1),(146,1),(147,1)}
Murders     = {1129692357,1130122366,1131389779,1132078693,1132082298}
