ID              = 8081346
Name            = "Baranek of Zanera"
Race            = 1
Profession      = 1
OriginalOutfit  = 130-87-128-104-65
CurrentOutfit   = 130-87-128-104-65
LastLogin       = 1127593391
LastLogout      = 1127593593
StartPosition   = [32369,32241,7]
CurrentPosition = [32347,32226,7]
PlayerkillerEnd = 0

Skill = (0,9,0,1,0,0,0,0,0,0,1,8385,0,9300,100)
Skill = (1,1,0,0,0,0,0,0,0,0,0,78,3000,80,20)
Skill = (2,200,200,0,0,0,0,0,0,0,15,0,0,0,0)
Skill = (3,40,40,0,0,0,0,0,0,0,5,0,0,0,0)
Skill = (4,78,78,0,0,0,0,0,0,0,1,0,0,0,0)
Skill = (5,495,495,0,0,0,0,0,0,0,25,0,0,0,0)
Skill = (6,25,0,10,0,0,0,0,0,0,0,3410,1100,3594,100)
Skill = (7,10,0,10,0,0,0,0,0,0,0,8,1400,30,30)
Skill = (8,30,0,10,0,0,0,0,0,0,0,3035,1100,3200,50)
Skill = (9,10,0,10,0,0,0,0,0,0,0,12,1100,50,50)
Skill = (10,10,0,10,0,0,0,0,0,0,0,9,1100,50,50)
Skill = (11,10,0,10,0,0,0,0,0,0,0,23,1100,50,50)
Skill = (12,0,2147483647,0,0,0,0,0,0,0,0,0,1000,2147483647,2147483647)
Skill = (13,24,0,10,0,0,0,0,0,0,0,592,1100,635,20)
Skill = (14,0,1200,0,0,0,0,0,0,0,0,0,0,0,0)
Skill = (15,0,2147483647,0,0,0,0,0,0,0,0,0,1000,2147483647,2147483647)
Skill = (16,0,2147483647,0,0,0,0,0,0,0,0,0,1000,2147483647,2147483647)
Skill = (17,0,2147483647,0,0,0,0,0,0,0,0,0,50,2147483647,2147483647)
Skill = (18,0,2147483647,0,0,0,0,0,0,0,0,0,1000,2147483647,2147483647)
Skill = (19,0,2147483647,0,0,0,0,0,0,0,0,0,1000,2147483647,2147483647)
Skill = (20,0,2147483647,0,0,0,0,0,0,0,0,0,1000,2147483647,2147483647)
Skill = (21,0,2147483647,0,0,0,0,0,0,0,0,0,1000,2147483647,2147483647)
Skill = (22,100,100,0,0,0,0,0,0,0,0,0,0,0,0)
Skill = (23,0,2147483647,0,0,0,0,0,0,0,0,0,1000,2147483647,2147483647)
Skill = (24,0,2147483647,0,0,0,0,0,0,0,0,0,1000,2147483647,2147483647)

Spells      = {1,20,29}
QuestValues = {(18,1),(21,1),(35,1),(60,1),(223,1)}
Murders     = {}
