ID              = 8853446
Name            = "Xirxoxoxo"
Race            = 1
Profession      = 0
OriginalOutfit  = 137-114-0-0-0
CurrentOutfit   = 33-0-0-0-0
LastLogin       = 1131054817
LastLogout      = 1131055701
StartPosition   = [32097,32219,7]
CurrentPosition = [32093,32121,9]
PlayerkillerEnd = 0

Skill = (0,7,0,1,0,0,0,0,0,0,1,3115,0,4200,100)
Skill = (1,0,0,0,0,0,0,0,0,0,0,0,3000,20,20)
Skill = (2,12,180,0,0,0,0,0,0,0,5,0,0,0,0)
Skill = (3,30,30,0,0,0,0,0,0,0,5,0,0,0,0)
Skill = (4,76,76,0,0,0,0,0,0,0,1,0,0,0,0)
Skill = (5,460,460,0,0,0,0,0,0,0,10,0,0,0,0)
Skill = (6,15,0,10,0,0,0,0,0,0,0,1588,1500,2078,100)
Skill = (7,11,0,10,0,0,0,0,0,0,0,51,2000,90,30)
Skill = (8,15,0,10,0,0,0,0,0,0,0,1603,2000,3150,50)
Skill = (9,13,0,10,0,0,0,0,0,0,0,414,2000,750,50)
Skill = (10,12,0,10,0,0,0,0,0,0,0,182,2000,350,50)
Skill = (11,11,0,10,0,0,0,0,0,0,0,66,1500,125,50)
Skill = (12,0,2147483647,0,0,0,0,0,0,0,0,0,1000,2147483647,2147483647)
Skill = (13,16,0,10,0,0,0,0,0,0,0,167,1100,189,20)
Skill = (14,0,1200,0,0,0,1016,0,0,0,0,0,0,0,0)
Skill = (15,0,2147483647,0,0,0,0,0,0,0,0,0,1000,2147483647,2147483647)
Skill = (16,0,2147483647,0,0,0,1,0,3509,6000,0,0,1000,2147483647,2147483647)
Skill = (17,0,2147483647,0,0,0,0,0,3,3,0,0,50,2147483647,2147483647)
Skill = (18,0,2147483647,0,0,0,0,0,0,0,0,0,1000,2147483647,2147483647)
Skill = (19,0,2147483647,0,0,0,0,0,0,0,0,0,1000,2147483647,2147483647)
Skill = (20,0,2147483647,0,0,0,0,0,0,0,0,0,1000,2147483647,2147483647)
Skill = (21,0,2147483647,0,0,0,0,0,0,0,0,0,1000,2147483647,2147483647)
Skill = (22,100,100,0,0,0,0,0,120,120,0,0,0,0,0)
Skill = (23,0,2147483647,0,0,0,0,0,0,0,0,0,1000,2147483647,2147483647)
Skill = (24,0,2147483647,0,0,0,0,0,0,0,0,0,1000,2147483647,2147483647)

Spells      = {}
QuestValues = {(20,1),(21,1),(22,1),(23,1),(32,1),(33,1),(34,1),(59,1)}
Murders     = {}
