ID              = 9013746
Name            = "Ananaxeron"
Race            = 1
Profession      = 1
OriginalOutfit  = 139-0-69-114-114
CurrentOutfit   = 139-0-69-114-114
LastLogin       = 1125235539
LastLogout      = 1125235805
StartPosition   = [32369,32241,7]
CurrentPosition = [32427,31879,10]
PlayerkillerEnd = 0

Skill = (0,17,0,1,0,0,0,0,0,0,1,57979,0,69700,100)
Skill = (1,3,0,0,0,0,0,0,0,0,0,282,3000,800,20)
Skill = (2,320,320,0,0,0,0,0,0,0,15,0,0,0,0)
Skill = (3,80,80,0,0,0,0,0,0,0,5,0,0,0,0)
Skill = (4,86,86,0,0,0,0,0,0,0,1,0,0,0,0)
Skill = (5,695,695,0,0,0,0,0,0,0,25,0,0,0,0)
Skill = (6,42,0,10,0,0,0,0,0,0,0,20815,1100,22225,100)
Skill = (7,10,0,10,0,0,0,0,0,0,0,9,1400,30,30)
Skill = (8,12,0,10,0,0,0,0,0,0,0,117,1100,165,50)
Skill = (9,44,0,10,0,0,0,0,0,0,0,12914,1100,13551,50)
Skill = (10,10,0,10,0,0,0,0,0,0,0,40,1100,50,50)
Skill = (11,10,0,10,0,0,0,0,0,0,0,10,1100,50,50)
Skill = (12,0,2147483647,0,0,0,0,0,0,0,0,0,1000,2147483647,2147483647)
Skill = (13,11,0,10,0,0,0,0,0,0,0,37,1100,42,20)
Skill = (14,0,1200,0,0,0,866,0,0,0,0,0,0,0,0)
Skill = (15,0,2147483647,0,0,0,0,0,0,0,0,0,1000,2147483647,2147483647)
Skill = (16,0,2147483647,0,0,0,0,0,0,0,0,0,1000,2147483647,2147483647)
Skill = (17,0,2147483647,0,0,0,0,0,3,3,0,0,50,2147483647,2147483647)
Skill = (18,0,2147483647,0,0,0,0,0,0,0,0,0,1000,2147483647,2147483647)
Skill = (19,0,2147483647,0,0,0,0,0,0,0,0,0,1000,2147483647,2147483647)
Skill = (20,0,2147483647,0,0,0,0,0,0,0,0,0,1000,2147483647,2147483647)
Skill = (21,0,2147483647,0,0,0,0,0,0,0,0,0,1000,2147483647,2147483647)
Skill = (22,100,100,0,0,0,0,0,120,120,0,0,0,0,0)
Skill = (23,0,2147483647,0,0,0,0,0,0,0,0,0,1000,2147483647,2147483647)
Skill = (24,0,2147483647,0,0,0,0,0,0,0,0,0,1000,2147483647,2147483647)

Spells      = {1,10,29}
QuestValues = {(20,1),(21,1),(22,1),(23,1),(32,1),(33,1),(34,1),(35,1),(37,1),(100,1)}
Murders     = {1123512461}
