ID              = 9332546
Name            = "Glor Akrin"
Race            = 1
Profession      = 4
OriginalOutfit  = 130-81-114-83-114
CurrentOutfit   = 130-81-114-83-114
LastLogin       = 1124785641
LastLogout      = 1124785675
StartPosition   = [32957,32076,7]
CurrentPosition = [32917,32081,7]
PlayerkillerEnd = 0

Skill = (0,9,0,1,0,0,0,0,0,0,1,9175,0,9300,100)
Skill = (1,6,0,0,0,0,0,0,0,0,0,167,1100,189,20)
Skill = (2,85,190,0,0,0,0,0,0,0,5,0,0,0,0)
Skill = (3,19,65,0,0,0,0,0,0,0,30,0,0,0,0)
Skill = (4,78,78,0,0,0,0,0,0,0,1,0,0,0,0)
Skill = (5,480,480,0,0,0,0,0,0,0,10,0,0,0,0)
Skill = (6,18,0,10,0,0,0,0,0,0,0,6113,1500,7488,100)
Skill = (7,12,0,10,0,0,0,0,0,0,0,145,1800,181,30)
Skill = (8,17,0,10,0,0,0,0,0,0,0,4135,1800,6824,50)
Skill = (9,10,0,10,0,0,0,0,0,0,0,32,1800,50,50)
Skill = (10,10,0,10,0,0,0,0,0,0,0,0,1800,50,50)
Skill = (11,10,0,10,0,0,0,0,0,0,0,11,1500,50,50)
Skill = (12,0,2147483647,0,0,0,0,0,0,0,0,0,1000,2147483647,2147483647)
Skill = (13,10,0,10,0,0,0,0,0,0,0,0,1100,20,20)
Skill = (14,0,1200,0,0,0,392,0,0,0,0,0,0,0,0)
Skill = (15,0,2147483647,0,0,0,0,0,83,83,0,0,1000,2147483647,2147483647)
Skill = (16,0,2147483647,0,0,0,0,0,0,0,0,0,1000,2147483647,2147483647)
Skill = (17,0,2147483647,0,0,0,0,0,3,3,0,0,50,2147483647,2147483647)
Skill = (18,0,2147483647,0,0,0,0,0,8,8,0,0,1000,2147483647,2147483647)
Skill = (19,0,2147483647,0,0,0,0,0,0,0,0,0,1000,2147483647,2147483647)
Skill = (20,0,2147483647,0,0,0,0,0,120,120,0,0,1000,2147483647,2147483647)
Skill = (21,0,2147483647,0,0,0,0,0,0,0,0,0,1000,2147483647,2147483647)
Skill = (22,100,100,0,0,0,0,0,0,0,0,0,0,0,0)
Skill = (23,0,2147483647,0,0,0,0,0,0,0,0,0,1000,2147483647,2147483647)
Skill = (24,0,2147483647,0,0,0,0,0,0,0,0,0,1000,2147483647,2147483647)

Spells      = {10}
QuestValues = {(18,1),(20,1),(59,1),(224,1)}
Murders     = {}
