ID              = 9582446
Name            = "Sagitarium aiorios"
Race            = 1
Profession      = 1
OriginalOutfit  = 129-114-0-114-0
CurrentOutfit   = 129-114-0-114-0
LastLogin       = 1125153725
LastLogout      = 1125157083
StartPosition   = [32360,31782,7]
CurrentPosition = [32404,32161,7]
PlayerkillerEnd = 0

Skill = (0,14,0,1,0,0,0,0,0,0,1,31704,0,37800,100)
Skill = (1,2,0,0,0,0,0,0,0,0,0,103,3000,260,20)
Skill = (2,159,275,0,0,0,0,0,0,0,15,0,0,0,0)
Skill = (3,65,65,0,0,0,0,0,0,0,5,0,0,0,0)
Skill = (4,83,83,0,0,0,0,0,0,0,1,0,0,0,0)
Skill = (5,620,620,0,0,0,0,0,0,0,25,0,0,0,0)
Skill = (6,33,0,10,0,0,0,0,0,0,0,8343,1100,8849,100)
Skill = (7,16,0,10,0,0,0,0,0,0,0,631,1400,715,30)
Skill = (8,38,0,10,0,0,0,0,0,0,0,7402,1100,7431,50)
Skill = (9,10,0,10,0,0,0,0,0,0,0,9,1100,50,50)
Skill = (10,10,0,10,0,0,0,0,0,0,0,24,1100,50,50)
Skill = (11,10,0,10,0,0,0,0,0,0,0,46,1100,50,50)
Skill = (12,0,2147483647,0,0,0,0,0,0,0,0,0,1000,2147483647,2147483647)
Skill = (13,10,0,10,0,0,0,0,0,0,0,0,1100,20,20)
Skill = (14,0,1200,0,0,0,683,0,0,0,0,0,0,0,0)
Skill = (15,0,2147483647,0,0,0,0,0,83,83,0,0,1000,2147483647,2147483647)
Skill = (16,0,2147483647,0,0,0,0,0,0,0,0,0,1000,2147483647,2147483647)
Skill = (17,0,2147483647,0,0,0,0,0,3,3,0,0,50,2147483647,2147483647)
Skill = (18,0,2147483647,0,0,0,0,0,0,0,0,0,1000,2147483647,2147483647)
Skill = (19,0,2147483647,0,0,0,0,0,0,0,0,0,1000,2147483647,2147483647)
Skill = (20,0,2147483647,0,0,0,0,0,0,0,0,0,1000,2147483647,2147483647)
Skill = (21,0,2147483647,0,0,0,0,0,0,0,0,0,1000,2147483647,2147483647)
Skill = (22,100,100,0,0,0,0,0,120,120,0,0,0,0,0)
Skill = (23,0,2147483647,0,0,0,0,0,0,0,0,0,1000,2147483647,2147483647)
Skill = (24,0,2147483647,0,0,0,0,0,0,0,0,0,1000,2147483647,2147483647)

Spells      = {1,10}
QuestValues = {(20,1),(21,1),(22,1),(23,1),(32,1),(33,1),(34,1),(54,1),(59,1)}
Murders     = {}
