ID              = 10396388
Name            = "Kikinfonseca"
Race            = 1
Profession      = 13
OriginalOutfit  = 128-19-114-114-96
CurrentOutfit   = 128-19-114-114-96
LastLogin       = 1132026695
LastLogout      = 1132027931
StartPosition   = [32732,31634,7]
CurrentPosition = [32656,31669,8]
PlayerkillerEnd = 0

Skill = (0,23,0,1,0,0,0,0,0,0,1,157198,0,179400,100)
Skill = (1,32,0,0,0,0,0,0,0,0,0,4287,1100,4445,20)
Skill = (2,220,260,0,0,0,0,0,0,0,5,0,0,0,0)
Skill = (3,23,485,0,0,0,0,0,0,0,30,0,0,0,0)
Skill = (4,92,92,0,0,0,0,0,0,0,1,0,0,0,0)
Skill = (5,620,620,0,0,0,0,0,0,0,10,0,0,0,0)
Skill = (6,19,0,10,0,0,0,0,0,0,0,11226,1500,11333,100)
Skill = (7,10,0,10,0,0,0,0,0,0,0,7,2000,30,30)
Skill = (8,18,0,10,0,0,0,0,0,0,0,23622,2000,25550,50)
Skill = (9,10,0,10,0,0,0,0,0,0,0,0,2000,50,50)
Skill = (10,10,0,10,0,0,0,0,0,0,0,0,2000,50,50)
Skill = (11,15,0,10,0,0,0,0,0,0,0,812,1500,1039,50)
Skill = (12,0,2147483647,0,0,0,0,0,0,0,0,0,1000,2147483647,2147483647)
Skill = (13,10,0,10,0,0,0,0,0,0,0,2,1100,20,20)
Skill = (14,0,1200,0,0,0,0,0,0,0,0,0,0,0,0)
Skill = (15,0,2147483647,0,0,0,0,0,83,83,0,0,1000,2147483647,2147483647)
Skill = (16,0,2147483647,0,0,0,0,0,200,200,0,0,1000,2147483647,2147483647)
Skill = (17,0,2147483647,0,0,0,0,0,3,3,0,0,50,2147483647,2147483647)
Skill = (18,0,2147483647,0,0,0,0,0,8,8,0,0,1000,2147483647,2147483647)
Skill = (19,0,2147483647,0,0,0,0,0,0,0,0,0,1000,2147483647,2147483647)
Skill = (20,0,2147483647,0,0,0,0,0,0,0,0,0,1000,2147483647,2147483647)
Skill = (21,0,2147483647,0,0,0,0,0,0,0,0,0,1000,2147483647,2147483647)
Skill = (22,4,100,0,0,0,0,0,120,120,0,0,0,0,0)
Skill = (23,0,2147483647,0,0,0,0,0,0,0,0,0,1000,2147483647,2147483647)
Skill = (24,0,2147483647,0,0,0,0,0,0,0,0,0,1000,2147483647,2147483647)

Spells      = {2,3,8,9,10,13,20,21,29,38}
QuestValues = {(46,1),(72,1),(73,1),(74,1),(75,1),(84,1),(85,1),(86,1),(87,1),(93,1),(94,1),(95,1),(190,1),(191,1)}
Murders     = {1130078296}
