ID              = 7945888
Name            = "Logan Spok"
Race            = 1
Profession      = 11
OriginalOutfit  = 134-114-89-0-114
CurrentOutfit   = 134-114-89-0-114
LastLogin       = 1129438462
LastLogout      = 1129438464
StartPosition   = [32369,32241,7]
CurrentPosition = [32341,32230,7]
PlayerkillerEnd = 0

Skill = (0,28,0,1,0,0,0,0,0,0,1,309145,0,330400,100)
Skill = (1,4,0,0,0,0,0,0,0,0,0,1076,3000,2420,20)
Skill = (2,485,485,0,0,0,0,0,0,0,15,0,0,0,0)
Skill = (3,63,135,0,0,0,0,0,0,0,5,0,0,0,0)
Skill = (4,97,97,0,0,0,0,0,0,0,1,0,0,0,0)
Skill = (5,970,970,0,0,0,0,0,0,0,25,0,0,0,0)
Skill = (6,60,0,10,0,0,0,0,0,0,0,125820,1100,128129,100)
Skill = (7,10,0,10,0,0,0,0,0,0,0,6,1400,30,30)
Skill = (8,61,0,10,0,0,0,0,0,0,0,70147,1100,70521,50)
Skill = (9,10,0,10,0,0,0,0,0,0,0,0,1100,50,50)
Skill = (10,10,0,10,0,0,0,0,0,0,0,0,1100,50,50)
Skill = (11,10,0,10,0,0,0,0,0,0,0,24,1100,50,50)
Skill = (12,0,2147483647,0,0,0,0,0,0,0,0,0,1000,2147483647,2147483647)
Skill = (13,36,0,10,0,0,0,0,0,0,0,2278,1100,2421,20)
Skill = (14,0,1200,0,0,0,0,0,0,0,0,0,0,0,0)
Skill = (15,0,2147483647,0,0,0,0,0,83,83,0,0,1000,2147483647,2147483647)
Skill = (16,0,2147483647,0,0,0,0,0,0,0,0,0,1000,2147483647,2147483647)
Skill = (17,0,2147483647,0,0,0,0,0,0,0,0,0,50,2147483647,2147483647)
Skill = (18,0,2147483647,0,0,0,0,0,0,0,0,0,1000,2147483647,2147483647)
Skill = (19,0,2147483647,0,0,0,0,0,0,0,0,0,1000,2147483647,2147483647)
Skill = (20,0,2147483647,0,0,0,0,0,0,0,0,0,1000,2147483647,2147483647)
Skill = (21,0,2147483647,0,0,0,0,0,0,0,0,0,1000,2147483647,2147483647)
Skill = (22,100,100,0,0,0,0,0,15,15,0,0,0,0,0)
Skill = (23,0,2147483647,0,0,0,0,0,0,0,0,0,1000,2147483647,2147483647)
Skill = (24,0,2147483647,0,0,0,0,0,0,0,0,0,1000,2147483647,2147483647)

Spells      = {1,6,10,20,29,76,81}
QuestValues = {(14,1),(19,1),(20,1),(21,1),(22,1),(23,1),(25,1),(26,1),(27,1),(32,1),(33,1),(34,1),(59,1),(86,1),(87,1),(96,1),(97,1),(190,1),(191,1)}
Murders     = {}
