ID              = 7953088
Name            = "Astrix Fezao"
Race            = 1
Profession      = 1
OriginalOutfit  = 134-0-114-114-0
CurrentOutfit   = 134-0-114-114-0
LastLogin       = 1130774460
LastLogout      = 1130774464
StartPosition   = [32957,32076,7]
CurrentPosition = [32350,32222,7]
PlayerkillerEnd = 0

Skill = (0,17,0,1,0,0,0,0,0,0,1,60599,0,69700,100)
Skill = (1,3,0,0,0,0,0,0,0,0,0,421,3000,800,20)
Skill = (2,320,320,0,0,0,0,0,0,0,15,0,0,0,0)
Skill = (3,80,80,0,0,0,0,0,0,0,5,0,0,0,0)
Skill = (4,86,86,0,0,0,0,0,0,0,1,0,0,0,0)
Skill = (5,695,695,0,0,0,0,0,0,0,25,0,0,0,0)
Skill = (6,49,0,10,0,0,0,0,0,0,0,40814,1100,44259,100)
Skill = (7,10,0,10,0,0,0,0,0,0,0,6,1400,30,30)
Skill = (8,10,0,10,0,0,0,0,0,0,0,0,1100,50,50)
Skill = (9,10,0,10,0,0,0,0,0,0,0,0,1100,50,50)
Skill = (10,49,0,10,0,0,0,0,0,0,0,21796,1100,22129,50)
Skill = (11,10,0,10,0,0,0,0,0,0,0,2,1100,50,50)
Skill = (12,0,2147483647,0,0,0,0,0,0,0,0,0,1000,2147483647,2147483647)
Skill = (13,34,0,10,0,0,0,0,0,0,0,1769,1100,1966,20)
Skill = (14,0,1200,0,0,0,0,0,0,0,0,0,0,0,0)
Skill = (15,0,2147483647,0,0,0,0,0,83,83,0,0,1000,2147483647,2147483647)
Skill = (16,0,2147483647,0,0,0,0,0,0,0,0,0,1000,2147483647,2147483647)
Skill = (17,0,2147483647,0,0,0,0,0,0,0,0,0,50,2147483647,2147483647)
Skill = (18,0,2147483647,0,0,0,0,0,8,8,0,0,1000,2147483647,2147483647)
Skill = (19,0,2147483647,0,0,0,0,0,10,10,0,0,1000,2147483647,2147483647)
Skill = (20,0,2147483647,0,0,0,0,0,0,0,0,0,1000,2147483647,2147483647)
Skill = (21,0,2147483647,0,0,0,0,0,0,0,0,0,1000,2147483647,2147483647)
Skill = (22,100,100,0,0,0,0,0,0,0,0,0,0,0,0)
Skill = (23,0,2147483647,0,0,0,0,0,0,0,0,0,1000,2147483647,2147483647)
Skill = (24,0,2147483647,0,0,0,0,0,0,0,0,0,1000,2147483647,2147483647)

Spells      = {1,10,29}
QuestValues = {(20,1),(25,1),(26,1),(27,1),(31,1),(32,1),(33,1),(34,1),(84,1),(85,1),(86,1),(87,1),(100,1),(125,1),(126,1)}
Murders     = {}
