ID              = 8228388
Name            = "Alytt Zeli"
Race            = 1
Profession      = 3
OriginalOutfit  = 138-114-114-92-95
CurrentOutfit   = 138-114-114-92-95
LastLogin       = 1131500322
LastLogout      = 1131500325
StartPosition   = [32957,32076,7]
CurrentPosition = [32923,32074,7]
PlayerkillerEnd = 0

Skill = (0,11,0,1,0,0,0,0,0,0,1,14486,0,17600,100)
Skill = (1,5,0,0,0,0,0,0,0,0,0,152,1100,154,20)
Skill = (2,126,200,0,0,0,0,0,0,0,5,0,0,0,0)
Skill = (3,15,125,0,0,0,0,0,0,0,30,0,0,0,0)
Skill = (4,80,80,0,0,0,0,0,0,0,1,0,0,0,0)
Skill = (5,500,500,0,0,0,0,0,0,0,10,0,0,0,0)
Skill = (6,18,0,10,0,0,0,0,0,0,0,6692,1500,7488,100)
Skill = (7,10,0,10,0,0,0,0,0,0,0,11,2000,30,30)
Skill = (8,17,0,10,0,0,0,0,0,0,0,6743,2000,12750,50)
Skill = (9,14,0,10,0,0,0,0,0,0,0,1229,2000,1550,50)
Skill = (10,12,0,10,0,0,0,0,0,0,0,156,2000,350,50)
Skill = (11,10,0,10,0,0,0,0,0,0,0,9,1500,50,50)
Skill = (12,0,2147483647,0,0,0,0,0,0,0,0,0,1000,2147483647,2147483647)
Skill = (13,18,0,10,0,0,0,0,0,0,0,268,1100,271,20)
Skill = (14,0,1200,0,0,0,0,0,0,0,0,0,0,0,0)
Skill = (15,0,2147483647,0,0,0,0,0,83,83,0,0,1000,2147483647,2147483647)
Skill = (16,0,2147483647,0,0,0,0,0,0,0,0,0,1000,2147483647,2147483647)
Skill = (17,0,2147483647,0,0,0,0,0,0,0,0,0,50,2147483647,2147483647)
Skill = (18,0,2147483647,0,0,0,0,0,0,0,0,0,1000,2147483647,2147483647)
Skill = (19,0,2147483647,0,0,0,0,0,0,0,0,0,1000,2147483647,2147483647)
Skill = (20,0,2147483647,0,0,0,0,0,0,0,0,0,1000,2147483647,2147483647)
Skill = (21,0,2147483647,0,0,0,0,0,0,0,0,0,1000,2147483647,2147483647)
Skill = (22,100,100,0,0,0,0,0,120,120,0,0,0,0,0)
Skill = (23,0,2147483647,0,0,0,0,0,0,0,0,0,1000,2147483647,2147483647)
Skill = (24,0,2147483647,0,0,0,0,0,0,0,0,0,1000,2147483647,2147483647)

Spells      = {1,7,10,25,27}
QuestValues = {(21,1),(22,1),(23,1),(223,1)}
Murders     = {}
