ID              = 8318588
Name            = "Dark Siem"
Race            = 1
Profession      = 2
OriginalOutfit  = 129-76-114-57-95
CurrentOutfit   = 129-76-114-57-95
LastLogin       = 1127239210
LastLogout      = 1127239269
StartPosition   = [32649,31925,11]
CurrentPosition = [32679,31683,8]
PlayerkillerEnd = 0

Skill = (0,14,0,1,0,0,0,0,0,0,1,30456,0,37800,100)
Skill = (1,6,0,0,0,0,0,0,0,0,0,422,1400,477,20)
Skill = (2,245,245,0,0,0,0,0,0,0,10,0,0,0,0)
Skill = (3,125,125,0,0,0,0,0,0,0,15,0,0,0,0)
Skill = (4,83,83,0,0,0,0,0,0,0,1,0,0,0,0)
Skill = (5,590,590,0,0,0,0,0,0,0,20,0,0,0,0)
Skill = (6,36,0,10,0,0,0,0,0,0,0,11848,1100,12109,100)
Skill = (7,48,0,10,0,0,0,0,0,0,0,11744,1100,12043,30)
Skill = (8,10,0,10,0,0,0,0,0,0,0,0,1200,50,50)
Skill = (9,12,0,10,0,0,0,0,0,0,0,163,1200,181,50)
Skill = (10,11,0,10,0,0,0,0,0,0,0,105,1200,109,50)
Skill = (11,14,0,10,0,0,0,0,0,0,0,286,1200,372,50)
Skill = (12,0,2147483647,0,0,0,0,0,0,0,0,0,1000,2147483647,2147483647)
Skill = (13,27,0,10,0,0,0,0,0,0,0,841,1100,911,20)
Skill = (14,0,1200,0,0,0,33,0,0,0,0,0,0,0,0)
Skill = (15,0,2147483647,0,0,0,0,0,83,83,0,0,1000,2147483647,2147483647)
Skill = (16,0,2147483647,0,0,0,0,0,0,0,0,0,1000,2147483647,2147483647)
Skill = (17,0,2147483647,0,0,0,0,0,3,3,0,0,50,2147483647,2147483647)
Skill = (18,0,2147483647,0,0,0,0,0,8,8,0,0,1000,2147483647,2147483647)
Skill = (19,0,2147483647,0,0,0,0,0,0,0,0,0,1000,2147483647,2147483647)
Skill = (20,0,2147483647,0,0,0,0,0,0,0,0,0,1000,2147483647,2147483647)
Skill = (21,0,2147483647,0,0,0,0,0,0,0,0,0,1000,2147483647,2147483647)
Skill = (22,100,100,0,0,0,0,0,120,120,0,0,0,0,0)
Skill = (23,0,2147483647,0,0,0,0,0,0,0,0,0,1000,2147483647,2147483647)
Skill = (24,0,2147483647,0,0,0,0,0,0,0,0,0,1000,2147483647,2147483647)

Spells      = {2,10,20,29,42,51}
QuestValues = {(17,1),(46,1),(223,1),(224,1)}
Murders     = {}
