ID              = 8813088
Name            = "Ikki on Zanera"
Race            = 1
Profession      = 1
OriginalOutfit  = 131-11-114-114-10
CurrentOutfit   = 131-11-114-114-10
LastLogin       = 1130772257
LastLogout      = 1130772258
StartPosition   = [32360,31782,7]
CurrentPosition = [32545,31771,7]
PlayerkillerEnd = 0

Skill = (0,13,0,1,0,0,0,0,0,0,1,25511,0,29900,100)
Skill = (1,2,0,0,0,0,0,0,0,0,0,96,3000,260,20)
Skill = (2,239,260,0,0,0,0,0,0,0,15,0,0,0,0)
Skill = (3,40,60,0,0,0,0,0,0,0,5,0,0,0,0)
Skill = (4,82,82,0,0,0,0,0,0,0,1,0,0,0,0)
Skill = (5,595,595,0,0,0,0,0,0,0,25,0,0,0,0)
Skill = (6,31,0,10,0,0,0,0,0,0,0,6788,1100,7140,100)
Skill = (7,10,0,10,0,0,0,0,0,0,0,0,1400,30,30)
Skill = (8,35,0,10,0,0,0,0,0,0,0,5144,1100,5459,50)
Skill = (9,10,0,10,0,0,0,0,0,0,0,17,1100,50,50)
Skill = (10,10,0,10,0,0,0,0,0,0,0,0,1100,50,50)
Skill = (11,10,0,10,0,0,0,0,0,0,0,3,1100,50,50)
Skill = (12,0,2147483647,0,0,0,0,0,0,0,0,0,1000,2147483647,2147483647)
Skill = (13,17,0,10,0,0,0,0,0,0,0,196,1100,228,20)
Skill = (14,0,1200,0,0,0,0,0,0,0,0,0,0,0,0)
Skill = (15,0,2147483647,0,0,0,0,0,0,0,0,0,1000,2147483647,2147483647)
Skill = (16,0,2147483647,0,0,0,0,0,0,0,0,0,1000,2147483647,2147483647)
Skill = (17,0,2147483647,0,0,0,0,0,0,0,0,0,50,2147483647,2147483647)
Skill = (18,0,2147483647,0,0,0,0,0,0,0,0,0,1000,2147483647,2147483647)
Skill = (19,0,2147483647,0,0,0,0,0,0,0,0,0,1000,2147483647,2147483647)
Skill = (20,0,2147483647,0,0,0,0,0,0,0,0,0,1000,2147483647,2147483647)
Skill = (21,0,2147483647,0,0,0,0,0,0,0,0,0,1000,2147483647,2147483647)
Skill = (22,100,100,0,0,0,1,0,0,120,0,0,0,0,0)
Skill = (23,0,2147483647,0,0,0,0,0,0,0,0,0,1000,2147483647,2147483647)
Skill = (24,0,2147483647,0,0,0,0,0,0,0,0,0,1000,2147483647,2147483647)

Spells      = {1,10}
QuestValues = {(20,1),(21,1),(22,1),(23,1),(32,1),(33,1),(34,1),(54,1),(59,1)}
Murders     = {}
