ID              = 9066888
Name            = "Iskar Xael"
Race            = 1
Profession      = 3
OriginalOutfit  = 128-0-48-95-95
CurrentOutfit   = 128-0-48-95-95
LastLogin       = 1131030438
LastLogout      = 1131031890
StartPosition   = [32957,32076,7]
CurrentPosition = [32929,32076,7]
PlayerkillerEnd = 0

Skill = (0,23,0,1,0,0,0,0,0,0,1,172790,0,179400,100)
Skill = (1,30,0,0,0,0,0,0,0,0,0,3491,1100,3638,20)
Skill = (2,260,260,0,0,0,0,0,0,0,5,0,0,0,0)
Skill = (3,119,485,0,0,0,0,0,0,0,30,0,0,0,0)
Skill = (4,92,92,0,0,0,0,0,0,0,1,0,0,0,0)
Skill = (5,620,620,0,0,0,0,0,0,0,10,0,0,0,0)
Skill = (6,21,0,10,0,0,0,0,0,0,0,21354,1500,25749,100)
Skill = (7,10,0,10,0,0,0,0,0,0,0,0,2000,30,30)
Skill = (8,15,0,10,0,0,0,0,0,0,0,2038,2000,3150,50)
Skill = (9,18,0,10,0,0,0,0,0,0,0,21701,2000,25550,50)
Skill = (10,10,0,10,0,0,0,0,0,0,0,0,2000,50,50)
Skill = (11,15,0,10,0,0,0,0,0,0,0,989,1500,1039,50)
Skill = (12,0,2147483647,0,0,0,0,0,0,0,0,0,1000,2147483647,2147483647)
Skill = (13,53,0,10,0,0,0,0,0,0,0,12941,1100,13052,20)
Skill = (14,0,1200,0,0,0,1136,0,0,0,0,0,0,0,0)
Skill = (15,0,2147483647,0,0,0,0,0,83,83,0,0,1000,2147483647,2147483647)
Skill = (16,0,2147483647,0,0,0,0,0,200,200,0,0,1000,2147483647,2147483647)
Skill = (17,0,2147483647,0,0,0,0,0,3,3,0,0,50,2147483647,2147483647)
Skill = (18,0,2147483647,0,0,0,0,0,8,8,0,0,1000,2147483647,2147483647)
Skill = (19,0,2147483647,0,0,0,0,0,0,0,0,0,1000,2147483647,2147483647)
Skill = (20,0,2147483647,0,0,0,0,0,0,0,0,0,1000,2147483647,2147483647)
Skill = (21,0,2147483647,0,0,0,0,0,0,0,0,0,1000,2147483647,2147483647)
Skill = (22,89,100,0,0,0,0,0,120,120,0,0,0,0,0)
Skill = (23,0,2147483647,0,0,0,0,0,0,0,0,0,1000,2147483647,2147483647)
Skill = (24,0,2147483647,0,0,0,0,0,0,0,0,0,1000,2147483647,2147483647)

Spells      = {1,2,3,7,8,9,10,13,16,17,20,21,29,45}
QuestValues = {(20,1),(21,1),(22,1),(23,1),(24,1),(27,1),(29,1),(30,1),(32,1),(33,1),(34,1),(93,1),(94,1),(95,1),(100,1),(106,1),(107,1),(190,1),(191,1)}
Murders     = {}
