ID              = 9886988
Name            = "Chori-queso"
Race            = 1
Profession      = 1
OriginalOutfit  = 129-114-94-114-76
CurrentOutfit   = 129-114-94-114-76
LastLogin       = 1125934322
LastLogout      = 1125934328
StartPosition   = [32957,32076,7]
CurrentPosition = [32964,32096,6]
PlayerkillerEnd = 0

Skill = (0,9,0,1,0,0,0,0,0,0,1,9039,0,9300,100)
Skill = (1,1,0,0,0,0,0,0,0,0,0,66,3000,80,20)
Skill = (2,200,200,0,0,0,0,0,0,0,15,0,0,0,0)
Skill = (3,39,40,0,0,0,0,0,0,0,5,0,0,0,0)
Skill = (4,78,78,0,0,0,0,0,0,0,1,0,0,0,0)
Skill = (5,495,495,0,0,0,0,0,0,0,25,0,0,0,0)
Skill = (6,30,0,10,0,0,0,0,0,0,0,6072,1100,6400,100)
Skill = (7,10,0,10,0,0,0,0,0,0,0,3,1400,30,30)
Skill = (8,12,0,10,0,0,0,0,0,0,0,130,1100,165,50)
Skill = (9,10,0,10,0,0,0,0,0,0,0,27,1100,50,50)
Skill = (10,34,0,10,0,0,0,0,0,0,0,4669,1100,4917,50)
Skill = (11,10,0,10,0,0,0,0,0,0,0,8,1100,50,50)
Skill = (12,0,2147483647,0,0,0,0,0,0,0,0,0,1000,2147483647,2147483647)
Skill = (13,16,0,10,0,0,0,0,0,0,0,182,1100,189,20)
Skill = (14,0,1200,0,0,0,375,0,0,0,0,0,0,0,0)
Skill = (15,0,2147483647,0,0,0,0,0,83,83,0,0,1000,2147483647,2147483647)
Skill = (16,0,2147483647,0,0,0,0,0,0,0,0,0,1000,2147483647,2147483647)
Skill = (17,0,2147483647,0,0,0,0,0,3,3,0,0,50,2147483647,2147483647)
Skill = (18,0,2147483647,0,0,0,0,0,8,8,0,0,1000,2147483647,2147483647)
Skill = (19,0,2147483647,0,0,0,0,0,0,0,0,0,1000,2147483647,2147483647)
Skill = (20,0,2147483647,0,0,0,0,0,0,0,0,0,1000,2147483647,2147483647)
Skill = (21,0,2147483647,0,0,0,0,0,0,0,0,0,1000,2147483647,2147483647)
Skill = (22,100,100,0,0,0,0,0,0,0,0,0,0,0,0)
Skill = (23,0,2147483647,0,0,0,0,0,0,0,0,0,1000,2147483647,2147483647)
Skill = (24,0,2147483647,0,0,0,0,0,0,0,0,0,1000,2147483647,2147483647)

Spells      = {1,10}
QuestValues = {(17,1),(20,1),(32,1),(33,1),(59,1),(93,1),(94,1),(95,1)}
Murders     = {}
