ID              = 9973088
Name            = "Roib Endil"
Race            = 1
Profession      = 1
OriginalOutfit  = 129-0-114-114-114
CurrentOutfit   = 129-0-114-114-114
LastLogin       = 1128623797
LastLogout      = 1128623990
StartPosition   = [32360,31782,7]
CurrentPosition = [32423,31905,10]
PlayerkillerEnd = 0

Skill = (0,18,0,1,0,0,0,0,0,0,1,76448,0,83400,100)
Skill = (1,3,0,0,0,0,0,0,0,0,0,306,3000,800,20)
Skill = (2,335,335,0,0,0,0,0,0,0,15,0,0,0,0)
Skill = (3,69,85,0,0,0,0,0,0,0,5,0,0,0,0)
Skill = (4,87,87,0,0,0,0,0,0,0,1,0,0,0,0)
Skill = (5,720,720,0,0,0,0,0,0,0,25,0,0,0,0)
Skill = (6,46,0,10,0,0,0,0,0,0,0,31434,1100,33003,100)
Skill = (7,10,0,10,0,0,0,0,0,0,0,27,1400,30,30)
Skill = (8,10,0,10,0,0,0,0,0,0,0,0,1100,50,50)
Skill = (9,48,0,10,0,0,0,0,0,0,0,19634,1100,20072,50)
Skill = (10,10,0,10,0,0,0,0,0,0,0,0,1100,50,50)
Skill = (11,11,0,10,0,0,0,0,0,0,0,64,1100,105,50)
Skill = (12,0,2147483647,0,0,0,0,0,0,0,0,0,1000,2147483647,2147483647)
Skill = (13,26,0,10,0,0,0,0,0,0,0,766,1100,810,20)
Skill = (14,0,1200,0,0,0,531,0,0,0,0,0,0,0,0)
Skill = (15,0,2147483647,0,0,0,0,0,83,83,0,0,1000,2147483647,2147483647)
Skill = (16,0,2147483647,0,0,0,0,0,0,0,0,0,1000,2147483647,2147483647)
Skill = (17,0,2147483647,0,0,0,0,0,3,3,0,0,50,2147483647,2147483647)
Skill = (18,0,2147483647,0,0,0,0,0,8,8,0,0,1000,2147483647,2147483647)
Skill = (19,0,2147483647,0,0,0,0,0,0,0,0,0,1000,2147483647,2147483647)
Skill = (20,0,2147483647,0,0,0,0,0,0,0,0,0,1000,2147483647,2147483647)
Skill = (21,0,2147483647,0,0,0,0,0,0,0,0,0,1000,2147483647,2147483647)
Skill = (22,100,100,0,0,0,1,0,45,120,0,0,0,0,0)
Skill = (23,0,2147483647,0,0,0,0,0,0,0,0,0,1000,2147483647,2147483647)
Skill = (24,0,2147483647,0,0,0,0,0,0,0,0,0,1000,2147483647,2147483647)

Spells      = {1,10,20,29}
QuestValues = {(17,1),(19,1),(20,1),(21,1),(22,1),(23,1),(32,1),(60,1),(223,1)}
Murders     = {}
