ID              = 9976788
Name            = "Hutarus"
Race            = 1
Profession      = 11
OriginalOutfit  = 134-76-48-57-57
CurrentOutfit   = 134-76-48-57-57
LastLogin       = 1131279554
LastLogout      = 1131279568
StartPosition   = [32369,32241,7]
CurrentPosition = [32369,32233,8]
PlayerkillerEnd = 0

Skill = (0,35,0,1,0,0,0,0,0,0,1,635103,0,658000,100)
Skill = (1,4,0,0,0,0,0,0,0,0,0,1128,3000,2420,20)
Skill = (2,590,590,0,0,0,0,0,0,0,15,0,0,0,0)
Skill = (3,137,170,0,0,0,0,0,0,0,5,0,0,0,0)
Skill = (4,104,104,0,0,0,0,0,1,1,1,0,0,0,0)
Skill = (5,1145,1145,0,0,0,0,0,0,0,25,0,0,0,0)
Skill = (6,53,0,10,0,0,0,0,0,0,0,60772,1100,65264,100)
Skill = (7,10,0,10,0,0,0,0,0,0,0,14,1400,30,30)
Skill = (8,57,0,10,0,0,0,0,0,0,0,44733,1100,48008,50)
Skill = (9,10,0,10,0,0,0,0,0,0,0,4,1100,50,50)
Skill = (10,10,0,10,0,0,0,0,0,0,0,0,1100,50,50)
Skill = (11,17,0,10,0,0,0,0,0,0,0,541,1100,571,50)
Skill = (12,0,2147483647,0,0,0,0,0,0,0,0,0,1000,2147483647,2147483647)
Skill = (13,24,0,10,0,0,0,0,0,0,0,597,1100,635,20)
Skill = (14,0,1200,0,0,0,1040,0,0,0,0,0,0,0,0)
Skill = (15,0,2147483647,0,0,0,0,0,83,83,0,0,1000,2147483647,2147483647)
Skill = (16,0,2147483647,0,0,0,0,0,0,0,0,0,1000,2147483647,2147483647)
Skill = (17,0,2147483647,0,0,0,0,0,3,3,0,0,50,2147483647,2147483647)
Skill = (18,0,2147483647,0,0,0,0,0,0,0,0,0,1000,2147483647,2147483647)
Skill = (19,0,2147483647,0,0,0,0,0,0,0,0,0,1000,2147483647,2147483647)
Skill = (20,0,2147483647,0,0,0,0,0,0,0,0,0,1000,2147483647,2147483647)
Skill = (21,0,2147483647,0,0,0,0,0,0,0,0,0,1000,2147483647,2147483647)
Skill = (22,100,200,0,0,0,0,0,15,15,0,0,0,0,0)
Skill = (23,0,2147483647,0,0,0,0,0,0,0,0,0,1000,2147483647,2147483647)
Skill = (24,0,2147483647,0,0,0,0,0,0,0,0,0,1000,2147483647,2147483647)

Spells      = {1,10,20,29,76}
QuestValues = {(59,1),(84,1),(85,1),(86,1),(87,1)}
Murders     = {}
