ID              = 10847937
Name            = "Agelina oscura"
Race            = 1
Profession      = 4
OriginalOutfit  = 129-114-132-114-132
CurrentOutfit   = 129-114-132-114-132
LastLogin       = 1132104774
LastLogout      = 1132110446
StartPosition   = [32360,31782,7]
CurrentPosition = [32559,31995,9]
PlayerkillerEnd = 0

Skill = (0,22,0,1,0,0,0,0,0,0,1,142800,0,156200,100)
Skill = (1,27,0,0,0,0,0,0,0,0,0,2543,1100,2684,20)
Skill = (2,255,255,0,0,0,0,0,0,0,5,0,0,0,0)
Skill = (3,286,455,0,0,0,0,0,0,0,30,0,0,0,0)
Skill = (4,91,91,0,0,0,0,0,0,0,1,0,0,0,0)
Skill = (5,610,610,0,0,0,0,0,0,0,10,0,0,0,0)
Skill = (6,22,0,10,0,0,0,0,0,0,0,37381,1500,38723,100)
Skill = (7,10,0,10,0,0,0,0,0,0,0,0,1800,30,30)
Skill = (8,20,0,10,0,0,0,0,0,0,0,22672,1800,40105,50)
Skill = (9,13,0,10,0,0,0,0,0,0,0,313,1800,593,50)
Skill = (10,15,0,10,0,0,0,0,0,0,0,1332,1800,2063,50)
Skill = (11,12,0,10,0,0,0,0,0,0,0,149,1500,237,50)
Skill = (12,0,2147483647,0,0,0,0,0,0,0,0,0,1000,2147483647,2147483647)
Skill = (13,32,0,10,0,0,0,0,0,0,0,1559,1100,1590,20)
Skill = (14,0,1200,0,0,0,1113,0,0,0,0,0,0,0,0)
Skill = (15,0,2147483647,0,0,0,0,0,0,0,0,0,1000,2147483647,2147483647)
Skill = (16,0,2147483647,0,0,0,0,0,0,0,0,0,1000,2147483647,2147483647)
Skill = (17,0,2147483647,0,0,0,0,0,3,3,0,0,50,2147483647,2147483647)
Skill = (18,0,2147483647,0,0,0,0,0,1,1,0,0,1000,2147483647,2147483647)
Skill = (19,0,2147483647,0,0,0,0,0,0,0,0,0,1000,2147483647,2147483647)
Skill = (20,0,2147483647,0,0,0,0,0,0,0,0,0,1000,2147483647,2147483647)
Skill = (21,0,2147483647,0,0,0,0,0,0,0,0,0,1000,2147483647,2147483647)
Skill = (22,46,100,0,0,0,1,0,99,120,0,0,0,0,0)
Skill = (23,0,2147483647,0,0,0,0,0,0,0,0,0,1000,2147483647,2147483647)
Skill = (24,0,2147483647,0,0,0,0,0,0,0,0,0,1000,2147483647,2147483647)

Spells      = {4,5,8,42}
QuestValues = {(32,1),(33,1),(34,1),(59,1)}
Murders     = {}
