ID              = 11612137
Name            = "Barleshir the Withe"
Race            = 1
Profession      = 2
OriginalOutfit  = 130-0-0-0-0
CurrentOutfit   = 130-0-0-0-0
LastLogin       = 1132099425
LastLogout      = 1132099781
StartPosition   = [32369,32241,7]
CurrentPosition = [32347,32216,7]
PlayerkillerEnd = 0

Skill = (0,10,0,1,0,0,0,0,0,0,1,9988,0,13000,100)
Skill = (1,5,0,0,0,0,0,0,0,0,0,231,1400,326,20)
Skill = (2,205,205,0,0,0,0,0,0,0,10,0,0,0,0)
Skill = (3,22,65,0,0,0,0,0,0,0,15,0,0,0,0)
Skill = (4,79,79,0,0,0,0,0,0,0,1,0,0,0,0)
Skill = (5,510,510,0,0,0,0,0,0,0,20,0,0,0,0)
Skill = (6,30,0,10,0,0,0,0,0,0,0,6371,1100,6400,100)
Skill = (7,33,0,10,0,0,0,0,0,0,0,2415,1100,2654,30)
Skill = (8,17,0,10,0,0,0,0,0,0,0,769,1200,824,50)
Skill = (9,16,0,10,0,0,0,0,0,0,0,567,1200,645,50)
Skill = (10,21,0,10,0,0,0,0,0,0,0,1976,1200,1979,50)
Skill = (11,19,0,10,0,0,0,0,0,0,0,1040,1200,1297,50)
Skill = (12,0,2147483647,0,0,0,0,0,0,0,0,0,1000,2147483647,2147483647)
Skill = (13,19,0,10,0,0,0,0,0,0,0,282,1100,318,20)
Skill = (14,0,1200,0,0,0,377,0,0,0,0,0,0,0,0)
Skill = (15,0,2147483647,0,0,0,0,0,0,0,0,0,1000,2147483647,2147483647)
Skill = (16,0,2147483647,0,0,0,0,0,0,0,0,0,1000,2147483647,2147483647)
Skill = (17,0,2147483647,0,0,0,0,0,3,3,0,0,50,2147483647,2147483647)
Skill = (18,0,2147483647,0,0,0,0,0,0,0,0,0,1000,2147483647,2147483647)
Skill = (19,0,2147483647,0,0,0,0,0,0,0,0,0,1000,2147483647,2147483647)
Skill = (20,0,2147483647,0,0,0,0,0,0,0,0,0,1000,2147483647,2147483647)
Skill = (21,0,2147483647,0,0,0,0,0,0,0,0,0,1000,2147483647,2147483647)
Skill = (22,100,100,0,0,0,0,0,120,120,0,0,0,0,0)
Skill = (23,0,2147483647,0,0,0,0,0,0,0,0,0,1000,2147483647,2147483647)
Skill = (24,0,2147483647,0,0,0,0,0,0,0,0,0,1000,2147483647,2147483647)

Spells      = {2,20,51}
QuestValues = {(17,1),(20,1),(21,1),(23,1),(32,1),(33,1),(34,1),(35,1),(100,1)}
Murders     = {}
