ID              = 11714237
Name            = "Edlly Hall"
Race            = 1
Profession      = 4
OriginalOutfit  = 128-114-114-114-114
CurrentOutfit   = 128-114-114-114-114
LastLogin       = 1132078107
LastLogout      = 1132078681
StartPosition   = [32369,32241,7]
CurrentPosition = [32345,32224,7]
PlayerkillerEnd = 0

Skill = (0,10,0,1,0,0,0,0,0,0,1,11190,0,13000,100)
Skill = (1,6,0,0,0,0,0,0,0,0,0,170,1100,189,20)
Skill = (2,195,195,0,0,0,0,0,0,0,5,0,0,0,0)
Skill = (3,18,95,0,0,0,0,0,0,0,30,0,0,0,0)
Skill = (4,79,79,0,0,0,0,0,0,0,1,0,0,0,0)
Skill = (5,490,490,0,0,0,0,0,0,0,10,0,0,0,0)
Skill = (6,18,0,10,0,0,0,0,0,0,0,5180,1500,7488,100)
Skill = (7,10,0,10,0,0,0,0,0,0,0,1,1800,30,30)
Skill = (8,12,0,10,0,0,0,0,0,0,0,178,1800,302,50)
Skill = (9,16,0,10,0,0,0,0,0,0,0,2301,1800,3763,50)
Skill = (10,14,0,10,0,0,0,0,0,0,0,1072,1800,1118,50)
Skill = (11,10,0,10,0,0,0,0,0,0,0,0,1500,50,50)
Skill = (12,0,2147483647,0,0,0,0,0,0,0,0,0,1000,2147483647,2147483647)
Skill = (13,21,0,10,0,0,0,0,0,0,0,411,1100,427,20)
Skill = (14,0,1200,0,0,0,0,0,0,0,0,0,0,0,0)
Skill = (15,0,2147483647,0,0,0,6,0,0,83,0,0,1000,2147483647,2147483647)
Skill = (16,0,2147483647,0,0,0,0,0,0,0,0,0,1000,2147483647,2147483647)
Skill = (17,0,2147483647,0,0,0,0,0,3,3,0,0,50,2147483647,2147483647)
Skill = (18,0,2147483647,0,0,0,0,0,0,0,0,0,1000,2147483647,2147483647)
Skill = (19,0,2147483647,0,0,0,0,0,0,0,0,0,1000,2147483647,2147483647)
Skill = (20,0,2147483647,0,0,0,0,0,0,0,0,0,1000,2147483647,2147483647)
Skill = (21,0,2147483647,0,0,0,0,0,0,0,0,0,1000,2147483647,2147483647)
Skill = (22,100,100,0,0,0,0,0,120,120,0,0,0,0,0)
Skill = (23,0,2147483647,0,0,0,0,0,0,0,0,0,1000,2147483647,2147483647)
Skill = (24,0,2147483647,0,0,0,0,0,0,0,0,0,1000,2147483647,2147483647)

Spells      = {1,10,42}
QuestValues = {(20,1),(21,1),(22,1),(23,1),(59,1)}
Murders     = {}
