ID              = 8634637
Name            = "Blind Luis"
Race            = 1
Profession      = 1
OriginalOutfit  = 128-114-126-126-114
CurrentOutfit   = 128-114-126-126-114
LastLogin       = 1132097642
LastLogout      = 1132097829
StartPosition   = [32957,32076,7]
CurrentPosition = [32865,31939,4]
PlayerkillerEnd = 0

Skill = (0,21,0,1,0,0,0,0,0,0,1,128621,0,135100,100)
Skill = (1,3,0,0,0,0,0,0,0,0,0,693,3000,800,20)
Skill = (2,380,380,0,0,0,0,0,0,0,15,0,0,0,0)
Skill = (3,79,100,0,0,0,0,0,0,0,5,0,0,0,0)
Skill = (4,90,90,0,0,0,0,0,0,0,1,0,0,0,0)
Skill = (5,795,795,0,0,0,0,0,0,0,25,0,0,0,0)
Skill = (6,48,0,10,0,0,0,0,0,0,0,39146,1100,40144,100)
Skill = (7,12,0,10,0,0,0,0,0,0,0,76,1400,130,30)
Skill = (8,51,0,10,0,0,0,0,0,0,0,26594,1100,26881,50)
Skill = (9,11,0,10,0,0,0,0,0,0,0,65,1100,105,50)
Skill = (10,10,0,10,0,0,0,0,0,0,0,41,1100,50,50)
Skill = (11,12,0,10,0,0,0,0,0,0,0,135,1100,165,50)
Skill = (12,0,2147483647,0,0,0,0,0,0,0,0,0,1000,2147483647,2147483647)
Skill = (13,33,0,10,0,0,0,0,0,0,0,1763,1100,1769,20)
Skill = (14,0,1200,0,0,0,892,0,0,0,0,0,0,0,0)
Skill = (15,0,2147483647,0,0,0,0,0,83,83,0,0,1000,2147483647,2147483647)
Skill = (16,0,2147483647,0,0,0,0,0,0,0,0,0,1000,2147483647,2147483647)
Skill = (17,0,2147483647,0,0,0,0,0,3,3,0,0,50,2147483647,2147483647)
Skill = (18,0,2147483647,0,0,0,0,0,8,8,0,0,1000,2147483647,2147483647)
Skill = (19,0,2147483647,0,0,0,0,0,0,0,0,0,1000,2147483647,2147483647)
Skill = (20,0,2147483647,0,0,0,0,0,0,0,0,0,1000,2147483647,2147483647)
Skill = (21,0,2147483647,0,0,0,0,0,0,0,0,0,1000,2147483647,2147483647)
Skill = (22,100,100,0,0,0,1,0,109,120,0,0,0,0,0)
Skill = (23,0,2147483647,0,0,0,0,0,0,0,0,0,1000,2147483647,2147483647)
Skill = (24,0,2147483647,0,0,0,0,0,0,0,0,0,1000,2147483647,2147483647)

Spells      = {1,10,20,29}
QuestValues = {(16,1),(19,1),(20,1),(21,1),(22,1),(23,1),(32,1),(33,1),(34,1),(49,1),(59,1),(96,1),(97,1),(98,1),(109,1),(125,1),(126,1),(253,1)}
Murders     = {}
