ID              = 8874137
Name            = "Sandra Anara"
Race            = 1
Profession      = 3
OriginalOutfit  = 138-96-114-96-96
CurrentOutfit   = 138-96-114-96-96
LastLogin       = 1131716845
LastLogout      = 1131716864
StartPosition   = [32957,32076,7]
CurrentPosition = [32923,32076,7]
PlayerkillerEnd = 0

Skill = (0,12,0,1,0,0,0,0,0,0,1,19028,0,23200,100)
Skill = (1,6,0,0,0,0,0,0,0,0,0,171,1100,189,20)
Skill = (2,142,205,0,0,0,0,0,0,0,5,0,0,0,0)
Skill = (3,12,155,0,0,0,0,0,0,0,30,0,0,0,0)
Skill = (4,81,81,0,0,0,0,0,0,0,1,0,0,0,0)
Skill = (5,510,510,0,0,0,0,0,0,0,10,0,0,0,0)
Skill = (6,19,0,10,0,0,0,0,0,0,0,8096,1500,11333,100)
Skill = (7,10,0,10,0,0,0,0,0,0,0,0,2000,30,30)
Skill = (8,17,0,10,0,0,0,0,0,0,0,6571,2000,12750,50)
Skill = (9,15,0,10,0,0,0,0,0,0,0,2707,2000,3150,50)
Skill = (10,12,0,10,0,0,0,0,0,0,0,150,2000,350,50)
Skill = (11,12,0,10,0,0,0,0,0,0,0,171,1500,237,50)
Skill = (12,0,2147483647,0,0,0,0,0,0,0,0,0,1000,2147483647,2147483647)
Skill = (13,24,0,10,0,0,0,0,0,0,0,583,1100,635,20)
Skill = (14,0,1200,0,0,0,0,0,0,0,0,0,0,0,0)
Skill = (15,0,2147483647,0,0,0,0,0,83,83,0,0,1000,2147483647,2147483647)
Skill = (16,0,2147483647,0,0,0,0,0,0,0,0,0,1000,2147483647,2147483647)
Skill = (17,0,2147483647,0,0,0,0,0,3,3,0,0,50,2147483647,2147483647)
Skill = (18,0,2147483647,0,0,0,0,0,8,8,0,0,1000,2147483647,2147483647)
Skill = (19,0,2147483647,0,0,0,0,0,10,10,0,0,1000,2147483647,2147483647)
Skill = (20,0,2147483647,0,0,0,0,0,0,0,0,0,1000,2147483647,2147483647)
Skill = (21,0,2147483647,0,0,0,0,0,0,0,0,0,1000,2147483647,2147483647)
Skill = (22,92,100,0,0,0,0,0,120,120,0,0,0,0,0)
Skill = (23,0,2147483647,0,0,0,0,0,0,0,0,0,1000,2147483647,2147483647)
Skill = (24,0,2147483647,0,0,0,0,0,0,0,0,0,1000,2147483647,2147483647)

Spells      = {1,2,8,10}
QuestValues = {(20,1),(23,1),(32,1),(33,1),(34,1),(35,1),(59,1),(60,1),(93,1),(94,1),(95,1),(223,1)}
Murders     = {}
