ID              = 10196759
Name            = "Kiiepuc"
Race            = 1
Profession      = 1
OriginalOutfit  = 130-116-105-107-114
CurrentOutfit   = 130-116-105-107-114
LastLogin       = 1128845785
LastLogout      = 1128846599
StartPosition   = [32360,31782,7]
CurrentPosition = [32336,31778,7]
PlayerkillerEnd = 0

Skill = (0,22,0,1,0,0,0,0,0,0,1,147376,0,156200,100)
Skill = (1,3,0,0,0,0,0,0,0,0,0,681,3000,800,20)
Skill = (2,395,395,0,0,0,0,0,0,0,15,0,0,0,0)
Skill = (3,5,105,0,0,0,0,0,0,0,5,0,0,0,0)
Skill = (4,91,91,0,0,0,0,0,0,0,1,0,0,0,0)
Skill = (5,820,820,0,0,0,0,0,0,0,25,0,0,0,0)
Skill = (6,42,0,10,0,0,0,0,0,0,0,21940,1100,22225,100)
Skill = (7,10,0,10,0,0,0,0,0,0,0,0,1400,30,30)
Skill = (8,46,0,10,0,0,0,0,0,0,0,15823,1100,16501,50)
Skill = (9,10,0,10,0,0,0,0,0,0,0,0,1100,50,50)
Skill = (10,10,0,10,0,0,0,0,0,0,0,0,1100,50,50)
Skill = (11,10,0,10,0,0,0,0,0,0,0,41,1100,50,50)
Skill = (12,0,2147483647,0,0,0,0,0,0,0,0,0,1000,2147483647,2147483647)
Skill = (13,13,0,10,0,0,0,0,0,0,0,79,1100,92,20)
Skill = (14,0,1200,0,0,0,0,0,0,0,0,0,0,0,0)
Skill = (15,0,2147483647,0,0,0,0,0,0,0,0,0,1000,2147483647,2147483647)
Skill = (16,0,2147483647,0,0,0,0,0,0,0,0,0,1000,2147483647,2147483647)
Skill = (17,0,2147483647,0,0,0,0,0,0,0,0,0,50,2147483647,2147483647)
Skill = (18,0,2147483647,0,0,0,0,0,0,0,0,0,1000,2147483647,2147483647)
Skill = (19,0,2147483647,0,0,0,0,0,0,0,0,0,1000,2147483647,2147483647)
Skill = (20,0,2147483647,0,0,0,0,0,0,0,0,0,1000,2147483647,2147483647)
Skill = (21,0,2147483647,0,0,0,0,0,0,0,0,0,1000,2147483647,2147483647)
Skill = (22,100,100,0,0,0,0,0,0,0,0,0,0,0,0)
Skill = (23,0,2147483647,0,0,0,0,0,0,0,0,0,1000,2147483647,2147483647)
Skill = (24,0,2147483647,0,0,0,0,0,0,0,0,0,1000,2147483647,2147483647)

Spells      = {1,10,11,29}
QuestValues = {(20,1),(21,1),(22,1),(23,1),(32,1),(33,1),(34,1),(59,1),(96,1),(97,1),(98,1),(125,1),(126,1),(224,1)}
Murders     = {1126529752}
