ID              = 8301359
Name            = "Yossa"
Race            = 1
Profession      = 1
OriginalOutfit  = 129-57-94-97-76
CurrentOutfit   = 129-57-94-97-76
LastLogin       = 1129120276
LastLogout      = 1129120391
StartPosition   = [32957,32076,7]
CurrentPosition = [32933,32075,7]
PlayerkillerEnd = 0

Skill = (0,24,0,1,0,0,0,0,0,0,1,203929,0,204800,100)
Skill = (1,4,0,0,0,0,0,0,0,0,0,1142,3000,2420,20)
Skill = (2,425,425,0,0,0,0,0,0,0,15,0,0,0,0)
Skill = (3,115,115,0,0,0,0,0,0,0,5,0,0,0,0)
Skill = (4,93,93,0,0,0,0,0,0,0,1,0,0,0,0)
Skill = (5,870,870,0,0,0,0,0,0,0,25,0,0,0,0)
Skill = (6,54,0,10,0,0,0,0,0,0,0,71022,1100,71890,100)
Skill = (7,10,0,10,0,0,0,0,0,0,0,14,1400,30,30)
Skill = (8,10,0,10,0,0,0,0,0,0,0,0,1100,50,50)
Skill = (9,10,0,10,0,0,0,0,0,0,0,0,1100,50,50)
Skill = (10,56,0,10,0,0,0,0,0,0,0,41958,1100,43598,50)
Skill = (11,10,0,10,0,0,0,0,0,0,0,10,1100,50,50)
Skill = (12,0,2147483647,0,0,0,0,0,0,0,0,0,1000,2147483647,2147483647)
Skill = (13,34,0,10,0,0,0,0,0,0,0,1819,1100,1966,20)
Skill = (14,0,1200,0,0,0,0,0,0,0,0,0,0,0,0)
Skill = (15,0,2147483647,0,0,0,0,0,0,0,0,0,1000,2147483647,2147483647)
Skill = (16,0,2147483647,0,0,0,0,0,0,0,0,0,1000,2147483647,2147483647)
Skill = (17,0,2147483647,0,0,0,0,0,0,0,0,0,50,2147483647,2147483647)
Skill = (18,0,2147483647,0,0,0,0,0,0,0,0,0,1000,2147483647,2147483647)
Skill = (19,0,2147483647,0,0,0,0,0,0,0,0,0,1000,2147483647,2147483647)
Skill = (20,0,2147483647,0,0,0,0,0,0,0,0,0,1000,2147483647,2147483647)
Skill = (21,0,2147483647,0,0,0,0,0,0,0,0,0,1000,2147483647,2147483647)
Skill = (22,100,100,0,0,0,0,0,0,0,0,0,0,0,0)
Skill = (23,0,2147483647,0,0,0,0,0,0,0,0,0,1000,2147483647,2147483647)
Skill = (24,0,2147483647,0,0,0,0,0,0,0,0,0,1000,2147483647,2147483647)

Spells      = {1,10,11,20,29}
QuestValues = {(17,1),(21,1),(22,1),(23,1),(37,1),(93,1),(94,1),(95,1),(96,1),(97,1),(98,1),(99,1),(115,1),(125,1),(126,1),(153,1),(190,1),(191,1),(192,1)}
Murders     = {}
