ID              = 8318959
Name            = "Hodin Buscape"
Race            = 1
Profession      = 0
OriginalOutfit  = 134-79-114-79-114
CurrentOutfit   = 134-79-114-79-114
LastLogin       = 1131239351
LastLogout      = 1131239381
StartPosition   = [32097,32219,7]
CurrentPosition = [32098,32204,7]
PlayerkillerEnd = 0

Skill = (0,4,0,1,0,0,0,0,0,0,1,726,0,800,100)
Skill = (1,0,0,0,0,0,0,0,0,0,0,0,3000,20,20)
Skill = (2,165,165,0,0,0,0,0,0,0,5,0,0,0,0)
Skill = (3,15,15,0,0,0,0,0,0,0,5,0,0,0,0)
Skill = (4,73,73,0,0,0,0,0,0,0,1,0,0,0,0)
Skill = (5,430,430,0,0,0,0,0,0,0,10,0,0,0,0)
Skill = (6,13,0,10,0,0,0,0,0,0,0,496,1500,812,100)
Skill = (7,13,0,10,0,0,0,0,0,0,0,211,2000,450,30)
Skill = (8,11,0,10,0,0,0,0,0,0,0,104,2000,150,50)
Skill = (9,12,0,10,0,0,0,0,0,0,0,285,2000,350,50)
Skill = (10,10,0,10,0,0,0,0,0,0,0,0,2000,50,50)
Skill = (11,11,0,10,0,0,0,0,0,0,0,59,1500,125,50)
Skill = (12,0,2147483647,0,0,0,0,0,0,0,0,0,1000,2147483647,2147483647)
Skill = (13,10,0,10,0,0,0,0,0,0,0,0,1100,20,20)
Skill = (14,0,1200,0,0,0,0,0,0,0,0,0,0,0,0)
Skill = (15,0,2147483647,0,0,0,0,0,0,0,0,0,1000,2147483647,2147483647)
Skill = (16,0,2147483647,0,0,0,0,0,0,0,0,0,1000,2147483647,2147483647)
Skill = (17,0,2147483647,0,0,0,0,0,0,0,0,0,50,2147483647,2147483647)
Skill = (18,0,2147483647,0,0,0,0,0,0,0,0,0,1000,2147483647,2147483647)
Skill = (19,0,2147483647,0,0,0,0,0,0,0,0,0,1000,2147483647,2147483647)
Skill = (20,0,2147483647,0,0,0,0,0,0,0,0,0,1000,2147483647,2147483647)
Skill = (21,0,2147483647,0,0,0,0,0,0,0,0,0,1000,2147483647,2147483647)
Skill = (22,100,100,0,0,0,0,0,0,0,0,0,0,0,0)
Skill = (23,0,2147483647,0,0,0,0,0,0,0,0,0,1000,2147483647,2147483647)
Skill = (24,0,2147483647,0,0,0,0,0,0,0,0,0,1000,2147483647,2147483647)

Spells      = {}
QuestValues = {(20,1),(21,1),(22,1),(23,1),(24,1),(33,1),(34,1)}
Murders     = {}
