ID              = 9154559
Name            = "Don'Tenox Aikos"
Race            = 1
Profession      = 2
OriginalOutfit  = 134-132-114-114-132
CurrentOutfit   = 134-132-114-114-132
LastLogin       = 1130040602
LastLogout      = 1130040633
StartPosition   = [32360,31782,7]
CurrentPosition = [32335,31784,7]
PlayerkillerEnd = 1132631278

Skill = (0,15,0,1,0,0,0,0,0,0,1,42124,0,47000,100)
Skill = (1,6,0,0,0,0,0,0,0,0,0,432,1400,477,20)
Skill = (2,255,255,0,0,0,0,0,0,0,10,0,0,0,0)
Skill = (3,115,140,0,0,0,0,0,0,0,15,0,0,0,0)
Skill = (4,84,84,0,0,0,0,0,0,0,1,0,0,0,0)
Skill = (5,610,610,0,0,0,0,0,0,0,20,0,0,0,0)
Skill = (6,34,0,10,0,0,0,0,0,0,0,9332,1100,9834,100)
Skill = (7,47,0,10,0,0,0,0,0,0,0,10502,1100,10921,30)
Skill = (8,10,0,10,0,0,0,0,0,0,0,0,1200,50,50)
Skill = (9,14,0,10,0,0,0,0,0,0,0,322,1200,372,50)
Skill = (10,10,0,10,0,0,0,0,0,0,0,0,1200,50,50)
Skill = (11,21,0,10,0,0,0,0,0,0,0,1782,1200,1979,50)
Skill = (12,0,2147483647,0,0,0,0,0,0,0,0,0,1000,2147483647,2147483647)
Skill = (13,34,0,10,0,0,0,0,0,0,0,1935,1100,1966,20)
Skill = (14,0,1200,0,0,0,0,0,0,0,0,0,0,0,0)
Skill = (15,0,2147483647,0,0,0,0,0,0,0,0,0,1000,2147483647,2147483647)
Skill = (16,0,2147483647,0,0,0,0,0,0,0,0,0,1000,2147483647,2147483647)
Skill = (17,0,2147483647,0,0,0,0,0,0,0,0,0,50,2147483647,2147483647)
Skill = (18,0,2147483647,0,0,0,0,0,0,0,0,0,1000,2147483647,2147483647)
Skill = (19,0,2147483647,0,0,0,0,0,0,0,0,0,1000,2147483647,2147483647)
Skill = (20,0,2147483647,0,0,0,0,0,0,0,0,0,1000,2147483647,2147483647)
Skill = (21,0,2147483647,0,0,0,0,0,0,0,0,0,1000,2147483647,2147483647)
Skill = (22,100,100,0,0,0,0,0,0,0,0,0,0,0,0)
Skill = (23,0,2147483647,0,0,0,0,0,0,0,0,0,1000,2147483647,2147483647)
Skill = (24,0,2147483647,0,0,0,0,0,0,0,0,0,1000,2147483647,2147483647)

Spells      = {1,2,8,10,29,42,51}
QuestValues = {(20,1),(32,1),(33,1),(34,1),(61,1)}
Murders     = {1130017108,1130017324,1130039236,1130039278}
