ID              = 9662959
Name            = "Iron Brulonto"
Race            = 1
Profession      = 2
OriginalOutfit  = 129-131-80-77-114
CurrentOutfit   = 129-131-80-77-114
LastLogin       = 1125791771
LastLogout      = 1125792307
StartPosition   = [32369,32241,7]
CurrentPosition = [32696,32032,7]
PlayerkillerEnd = 0

Skill = (0,16,0,1,0,0,0,0,0,0,1,48675,0,57600,100)
Skill = (1,8,0,0,0,0,0,0,0,0,0,714,1400,983,20)
Skill = (2,265,265,0,0,0,0,0,0,0,10,0,0,0,0)
Skill = (3,146,155,0,0,0,0,0,0,0,15,0,0,0,0)
Skill = (4,85,85,0,0,0,0,0,0,0,1,0,0,0,0)
Skill = (5,630,630,0,0,0,0,0,0,0,20,0,0,0,0)
Skill = (6,36,0,10,0,0,0,0,0,0,0,10950,1100,12109,100)
Skill = (7,45,0,10,0,0,0,0,0,0,0,8427,1100,8973,30)
Skill = (8,19,0,10,0,0,0,0,0,0,0,1219,1200,1297,50)
Skill = (9,23,0,10,0,0,0,0,0,0,0,2618,1200,2959,50)
Skill = (10,12,0,10,0,0,0,0,0,0,0,149,1200,181,50)
Skill = (11,18,0,10,0,0,0,0,0,0,0,930,1200,1039,50)
Skill = (12,0,2147483647,0,0,0,0,0,0,0,0,0,1000,2147483647,2147483647)
Skill = (13,15,0,10,0,0,0,0,0,0,0,142,1100,154,20)
Skill = (14,0,1200,0,0,0,429,0,0,0,0,0,0,0,0)
Skill = (15,0,2147483647,0,0,0,3,0,74,83,0,0,1000,2147483647,2147483647)
Skill = (16,0,2147483647,0,0,0,0,0,0,0,0,0,1000,2147483647,2147483647)
Skill = (17,0,2147483647,0,0,0,0,0,0,0,0,0,50,2147483647,2147483647)
Skill = (18,0,2147483647,0,0,0,0,0,0,0,0,0,1000,2147483647,2147483647)
Skill = (19,0,2147483647,0,0,0,0,0,0,0,0,0,1000,2147483647,2147483647)
Skill = (20,0,2147483647,0,0,0,0,0,0,0,0,0,1000,2147483647,2147483647)
Skill = (21,0,2147483647,0,0,0,0,0,0,0,0,0,1000,2147483647,2147483647)
Skill = (22,100,100,0,0,0,0,0,120,120,0,0,0,0,0)
Skill = (23,0,2147483647,0,0,0,0,0,0,0,0,0,1000,2147483647,2147483647)
Skill = (24,0,2147483647,0,0,0,0,0,0,0,0,0,1000,2147483647,2147483647)

Spells      = {1,2,7,8,10,11,20,29,42,44,48,51}
QuestValues = {(17,1),(18,1),(20,1),(21,1),(22,1),(23,1),(35,1),(37,1),(59,1),(61,1),(96,1),(97,1),(100,1),(223,1),(227,1)}
Murders     = {}
