ID              = 10371260
Name            = "Knight of Gabel"
Race            = 1
Profession      = 1
OriginalOutfit  = 130-114-94-114-114
CurrentOutfit   = 130-114-94-114-114
LastLogin       = 1130108115
LastLogout      = 1130108124
StartPosition   = [32957,32076,7]
CurrentPosition = [32918,32067,8]
PlayerkillerEnd = 0

Skill = (0,8,0,1,0,0,0,0,0,0,1,4777,0,6400,100)
Skill = (1,0,0,0,0,0,0,0,0,0,0,16,3000,20,20)
Skill = (2,185,185,0,0,0,0,0,0,0,15,0,0,0,0)
Skill = (3,20,35,0,0,0,0,0,0,0,5,0,0,0,0)
Skill = (4,77,77,0,0,0,0,0,0,0,1,0,0,0,0)
Skill = (5,470,470,0,0,0,0,0,0,0,25,0,0,0,0)
Skill = (6,21,0,10,0,0,0,0,0,0,0,2104,1100,2138,100)
Skill = (7,11,0,10,0,0,0,0,0,0,0,41,1400,71,30)
Skill = (8,25,0,10,0,0,0,0,0,0,0,1637,1100,1797,50)
Skill = (9,14,0,10,0,0,0,0,0,0,0,234,1100,305,50)
Skill = (10,10,0,10,0,0,0,0,0,0,0,0,1100,50,50)
Skill = (11,10,0,10,0,0,0,0,0,0,0,37,1100,50,50)
Skill = (12,0,2147483647,0,0,0,0,0,0,0,0,0,1000,2147483647,2147483647)
Skill = (13,11,0,10,0,0,0,0,0,0,0,38,1100,42,20)
Skill = (14,0,1200,0,0,0,145,0,0,0,0,0,0,0,0)
Skill = (15,0,2147483647,0,0,0,4,0,82,83,0,0,1000,2147483647,2147483647)
Skill = (16,0,2147483647,0,0,0,0,0,0,0,0,0,1000,2147483647,2147483647)
Skill = (17,0,2147483647,0,0,0,0,0,0,0,0,0,50,2147483647,2147483647)
Skill = (18,0,2147483647,0,0,0,0,0,0,0,0,0,1000,2147483647,2147483647)
Skill = (19,0,2147483647,0,0,0,0,0,0,0,0,0,1000,2147483647,2147483647)
Skill = (20,0,2147483647,0,0,0,0,0,0,0,0,0,1000,2147483647,2147483647)
Skill = (21,0,2147483647,0,0,0,0,0,0,0,0,0,1000,2147483647,2147483647)
Skill = (22,100,100,0,0,0,0,0,120,120,0,0,0,0,0)
Skill = (23,0,2147483647,0,0,0,0,0,0,0,0,0,1000,2147483647,2147483647)
Skill = (24,0,2147483647,0,0,0,0,0,0,0,0,0,1000,2147483647,2147483647)

Spells      = {10}
QuestValues = {(20,1),(32,1),(33,1),(34,1),(96,1),(97,1),(98,1),(106,1),(107,1),(223,1)}
Murders     = {}
