ID              = 7968160
Name            = "Raya'amundisen"
Race            = 1
Profession      = 1
OriginalOutfit  = 134-88-114-114-114
CurrentOutfit   = 134-88-114-114-114
LastLogin       = 1128374293
LastLogout      = 1128374309
StartPosition   = [33213,32454,1]
CurrentPosition = [33213,32454,1]
PlayerkillerEnd = 0

Skill = (0,12,0,1,0,0,0,0,0,0,1,19800,0,23200,100)
Skill = (1,2,0,0,0,0,0,0,0,0,0,117,3000,260,20)
Skill = (2,245,245,0,0,0,0,0,0,0,15,0,0,0,0)
Skill = (3,55,55,0,0,0,0,0,0,0,5,0,0,0,0)
Skill = (4,81,81,0,0,0,0,0,0,0,1,0,0,0,0)
Skill = (5,570,570,0,0,0,0,0,0,0,25,0,0,0,0)
Skill = (6,44,0,10,0,0,0,0,0,0,0,25348,1100,27102,100)
Skill = (7,10,0,10,0,0,0,0,0,0,0,4,1400,30,30)
Skill = (8,10,0,10,0,0,0,0,0,0,0,11,1100,50,50)
Skill = (9,10,0,10,0,0,0,0,0,0,0,31,1100,50,50)
Skill = (10,45,0,10,0,0,0,0,0,0,0,13976,1100,14956,50)
Skill = (11,10,0,10,0,0,0,0,0,0,0,14,1100,50,50)
Skill = (12,0,2147483647,0,0,0,0,0,0,0,0,0,1000,2147483647,2147483647)
Skill = (13,10,0,10,0,0,0,0,0,0,0,0,1100,20,20)
Skill = (14,0,1200,0,0,0,0,0,0,0,0,0,0,0,0)
Skill = (15,0,2147483647,0,0,0,0,0,0,0,0,0,1000,2147483647,2147483647)
Skill = (16,0,2147483647,0,0,0,0,0,0,0,0,0,1000,2147483647,2147483647)
Skill = (17,0,2147483647,0,0,0,0,0,0,0,0,0,50,2147483647,2147483647)
Skill = (18,0,2147483647,0,0,0,0,0,0,0,0,0,1000,2147483647,2147483647)
Skill = (19,0,2147483647,0,0,0,0,0,0,0,0,0,1000,2147483647,2147483647)
Skill = (20,0,2147483647,0,0,0,2,0,78,120,0,0,1000,2147483647,2147483647)
Skill = (21,0,2147483647,0,0,0,0,0,0,0,0,0,1000,2147483647,2147483647)
Skill = (22,100,100,0,0,0,0,0,0,0,0,0,0,0,0)
Skill = (23,0,2147483647,0,0,0,0,0,0,0,0,0,1000,2147483647,2147483647)
Skill = (24,0,2147483647,0,0,0,0,0,0,0,0,0,1000,2147483647,2147483647)

Spells      = {1,10,76}
QuestValues = {(59,1),(60,1),(61,1),(86,1),(87,1),(96,1),(97,1),(98,1),(99,1)}
Murders     = {}
