ID              = 8381260
Name            = "Felan Merma"
Race            = 1
Profession      = 3
OriginalOutfit  = 139-114-114-114-114
CurrentOutfit   = 139-114-114-114-114
LastLogin       = 1131413357
LastLogout      = 1131413386
StartPosition   = [32369,32241,7]
CurrentPosition = [32349,32225,8]
PlayerkillerEnd = 0

Skill = (0,15,0,1,0,0,0,0,0,0,1,45910,0,47000,100)
Skill = (1,19,0,0,0,0,0,0,0,0,0,1075,1100,1145,20)
Skill = (2,212,220,0,0,0,0,0,0,0,5,0,0,0,0)
Skill = (3,220,220,0,0,0,0,0,0,0,30,0,0,0,0)
Skill = (4,84,84,0,0,0,0,0,0,0,1,0,0,0,0)
Skill = (5,540,540,0,0,0,0,0,0,0,10,0,0,0,0)
Skill = (6,21,0,10,0,0,0,0,0,0,0,18446,1500,25749,100)
Skill = (7,12,0,10,0,0,0,0,0,0,0,93,2000,210,30)
Skill = (8,14,0,10,0,0,0,0,0,0,0,1185,2000,1550,50)
Skill = (9,17,0,10,0,0,0,0,0,0,0,12740,2000,12750,50)
Skill = (10,12,0,10,0,0,0,0,0,0,0,227,2000,350,50)
Skill = (11,15,0,10,0,0,0,0,0,0,0,923,1500,1039,50)
Skill = (12,0,2147483647,0,0,0,0,0,0,0,0,0,1000,2147483647,2147483647)
Skill = (13,41,0,10,0,0,0,0,0,0,0,3921,1100,4022,20)
Skill = (14,0,1200,0,0,0,0,0,0,0,0,0,0,0,0)
Skill = (15,0,2147483647,0,0,0,0,0,0,0,0,0,1000,2147483647,2147483647)
Skill = (16,0,2147483647,0,0,0,0,0,0,0,0,0,1000,2147483647,2147483647)
Skill = (17,0,2147483647,0,0,0,0,0,0,0,0,0,50,2147483647,2147483647)
Skill = (18,0,2147483647,0,0,0,0,0,0,0,0,0,1000,2147483647,2147483647)
Skill = (19,0,2147483647,0,0,0,0,0,0,0,0,0,1000,2147483647,2147483647)
Skill = (20,0,2147483647,0,0,0,0,0,0,0,0,0,1000,2147483647,2147483647)
Skill = (21,0,2147483647,0,0,0,0,0,0,0,0,0,1000,2147483647,2147483647)
Skill = (22,86,100,0,0,0,0,0,120,120,0,0,0,0,0)
Skill = (23,0,2147483647,0,0,0,0,0,0,0,0,0,1000,2147483647,2147483647)
Skill = (24,0,2147483647,0,0,0,0,0,0,0,0,0,1000,2147483647,2147483647)

Spells      = {1,2,3,8,10,16,22,26,27,29}
QuestValues = {(17,1),(18,1),(20,1),(21,1),(22,1),(23,1),(33,1),(35,1),(59,1),(223,1)}
Murders     = {}
