ID              = 8426460
Name            = "Zadorius Elempus"
Race            = 1
Profession      = 3
OriginalOutfit  = 128-95-86-0-114
CurrentOutfit   = 128-95-86-0-114
LastLogin       = 1130561702
LastLogout      = 1130561748
StartPosition   = [32369,32241,7]
CurrentPosition = [32369,32241,7]
PlayerkillerEnd = 1133153639

Skill = (0,16,0,1,0,0,0,0,0,0,1,47844,0,57600,100)
Skill = (1,20,0,0,0,0,0,0,0,0,0,1256,1100,1280,20)
Skill = (2,225,225,0,0,0,0,0,0,0,5,0,0,0,0)
Skill = (3,275,275,0,0,0,0,0,0,0,30,0,0,0,0)
Skill = (4,85,85,0,0,0,0,0,0,0,1,0,0,0,0)
Skill = (5,550,550,0,0,0,0,0,0,0,10,0,0,0,0)
Skill = (6,20,0,10,0,0,0,0,0,0,0,14647,1500,17099,100)
Skill = (7,11,0,10,0,0,0,0,0,0,0,34,2000,90,30)
Skill = (8,11,0,10,0,0,0,0,0,0,0,87,2000,150,50)
Skill = (9,17,0,10,0,0,0,0,0,0,0,12093,2000,12750,50)
Skill = (10,10,0,10,0,0,0,0,0,0,0,47,2000,50,50)
Skill = (11,11,0,10,0,0,0,0,0,0,0,71,1500,125,50)
Skill = (12,0,2147483647,0,0,0,0,0,0,0,0,0,1000,2147483647,2147483647)
Skill = (13,25,0,10,0,0,0,0,0,0,0,648,1100,718,20)
Skill = (14,0,1200,0,0,0,0,0,0,0,0,0,0,0,0)
Skill = (15,0,2147483647,0,0,0,0,0,0,0,0,0,1000,2147483647,2147483647)
Skill = (16,0,2147483647,0,0,0,0,0,0,0,0,0,1000,2147483647,2147483647)
Skill = (17,0,2147483647,0,0,0,0,0,0,0,0,0,50,2147483647,2147483647)
Skill = (18,0,2147483647,0,0,0,0,0,0,0,0,0,1000,2147483647,2147483647)
Skill = (19,0,2147483647,0,0,0,0,0,0,0,0,0,1000,2147483647,2147483647)
Skill = (20,0,2147483647,0,0,0,0,0,0,0,0,0,1000,2147483647,2147483647)
Skill = (21,0,2147483647,0,0,0,0,0,0,0,0,0,1000,2147483647,2147483647)
Skill = (22,68,100,0,0,0,0,0,0,0,0,0,0,0,0)
Skill = (23,0,2147483647,0,0,0,0,0,0,0,0,0,1000,2147483647,2147483647)
Skill = (24,0,2147483647,0,0,0,0,0,0,0,0,0,1000,2147483647,2147483647)

Spells      = {1,3,7,8,10,11,16,17,18,19,29,30,45}
QuestValues = {(16,1),(21,1),(22,1),(23,1),(27,1),(32,1),(33,1),(34,1),(35,1),(54,1),(59,1),(113,1),(114,1),(125,1),(126,1),(223,1)}
Murders     = {1130425774,1130559976,1130561184,1130561288,1130561433,1130561639}
