ID              = 8956260
Name            = "Isildur of Zanera"
Race            = 1
Profession      = 1
OriginalOutfit  = 129-114-132-114-132
CurrentOutfit   = 129-114-132-114-132
LastLogin       = 1131206801
LastLogout      = 1131208262
StartPosition   = [32360,31782,7]
CurrentPosition = [32577,31935,7]
PlayerkillerEnd = 0

Skill = (0,24,0,1,0,0,0,0,0,0,1,199727,0,204800,100)
Skill = (1,4,0,0,0,0,0,0,0,0,0,1034,3000,2420,20)
Skill = (2,425,425,0,0,0,0,0,0,0,15,0,0,0,0)
Skill = (3,115,115,0,0,0,0,0,0,0,5,0,0,0,0)
Skill = (4,93,93,0,0,0,0,0,0,0,1,0,0,0,0)
Skill = (5,870,870,0,0,0,0,0,0,0,25,0,0,0,0)
Skill = (6,53,0,10,0,0,0,0,0,0,0,63026,1100,65264,100)
Skill = (7,10,0,10,0,0,0,0,0,0,0,18,1400,30,30)
Skill = (8,10,0,10,0,0,0,0,0,0,0,20,1100,50,50)
Skill = (9,10,0,10,0,0,0,0,0,0,0,0,1100,50,50)
Skill = (10,55,0,10,0,0,0,0,0,0,0,39344,1100,39589,50)
Skill = (11,11,0,10,0,0,0,0,0,0,0,60,1100,105,50)
Skill = (12,0,2147483647,0,0,0,0,0,0,0,0,0,1000,2147483647,2147483647)
Skill = (13,41,0,10,0,0,0,0,0,0,0,3770,1100,4022,20)
Skill = (14,0,1200,0,0,0,0,0,0,0,0,0,0,0,0)
Skill = (15,0,2147483647,0,0,0,0,0,83,83,0,0,1000,2147483647,2147483647)
Skill = (16,0,2147483647,0,0,0,0,0,0,0,0,0,1000,2147483647,2147483647)
Skill = (17,0,2147483647,0,0,0,0,0,3,3,0,0,50,2147483647,2147483647)
Skill = (18,0,2147483647,0,0,0,0,0,8,8,0,0,1000,2147483647,2147483647)
Skill = (19,0,2147483647,0,0,0,0,0,10,10,0,0,1000,2147483647,2147483647)
Skill = (20,0,2147483647,0,0,0,0,0,0,0,0,0,1000,2147483647,2147483647)
Skill = (21,0,2147483647,0,0,0,0,0,0,0,0,0,1000,2147483647,2147483647)
Skill = (22,100,100,0,0,0,1,0,114,120,0,0,0,0,0)
Skill = (23,0,2147483647,0,0,0,0,0,0,0,0,0,1000,2147483647,2147483647)
Skill = (24,0,2147483647,0,0,0,0,0,0,0,0,0,1000,2147483647,2147483647)

Spells      = {1,10,11,20,29}
QuestValues = {(20,1),(21,1),(22,1),(23,1),(27,1),(32,1),(33,1),(34,1),(46,1),(54,1),(60,1),(61,1),(67,1),(68,1),(69,1),(70,1),(71,1),(96,1),(97,1),(98,1),(109,1),(125,1),(126,1),(190,1),(191,1)}
Murders     = {}
