ID              = 9041360
Name            = "Anuvies"
Race            = 1
Profession      = 2
OriginalOutfit  = 129-58-94-114-94
CurrentOutfit   = 129-58-94-114-94
LastLogin       = 1119999330
LastLogout      = 1119999444
StartPosition   = [32732,31634,7]
CurrentPosition = [32732,31634,7]
PlayerkillerEnd = 0

Skill = (0,10,0,1,0,0,0,0,0,0,1,9523,0,13000,100)
Skill = (1,0,0,0,0,0,0,0,0,0,0,13,1400,20,20)
Skill = (2,156,200,0,0,0,0,0,0,0,10,0,0,0,0)
Skill = (3,1,55,0,0,0,0,0,0,0,15,0,0,0,0)
Skill = (4,79,79,0,0,0,0,0,0,0,1,0,0,0,0)
Skill = (5,500,500,0,0,0,0,0,0,0,20,0,0,0,0)
Skill = (6,27,0,10,0,0,0,0,0,0,0,4465,1100,4559,100)
Skill = (7,25,0,10,0,0,0,0,0,0,0,1062,1100,1078,30)
Skill = (8,12,0,10,0,0,0,0,0,0,0,138,1200,181,50)
Skill = (9,19,0,10,0,0,0,0,0,0,0,1295,1200,1297,50)
Skill = (10,15,0,10,0,0,0,0,0,0,0,492,1200,496,50)
Skill = (11,10,0,10,0,0,0,0,0,0,0,43,1200,50,50)
Skill = (12,0,2147483647,0,0,0,0,0,0,0,0,0,1000,2147483647,2147483647)
Skill = (13,26,0,10,0,0,0,0,0,0,0,807,1100,810,20)
Skill = (14,0,1200,0,0,0,0,0,0,0,0,0,0,0,0)
Skill = (15,0,2147483647,0,0,0,3,0,32,83,0,0,1000,2147483647,2147483647)
Skill = (16,0,2147483647,0,0,0,0,0,0,0,0,0,1000,2147483647,2147483647)
Skill = (17,0,2147483647,0,0,0,0,0,0,0,0,0,50,2147483647,2147483647)
Skill = (18,0,2147483647,0,0,0,0,0,8,8,0,0,1000,2147483647,2147483647)
Skill = (19,0,2147483647,0,0,0,0,0,0,0,0,0,1000,2147483647,2147483647)
Skill = (20,0,2147483647,0,0,0,0,0,0,0,0,0,1000,2147483647,2147483647)
Skill = (21,0,2147483647,0,0,0,0,0,0,0,0,0,1000,2147483647,2147483647)
Skill = (22,200,200,0,0,0,0,0,0,0,0,0,0,0,0)
Skill = (23,0,2147483647,0,0,0,0,0,0,0,0,0,1000,2147483647,2147483647)
Skill = (24,0,2147483647,0,0,0,0,0,0,0,0,0,1000,2147483647,2147483647)

Spells      = {10,20}
QuestValues = {(20,1),(21,1),(22,1),(23,1),(32,1),(33,1),(35,1)}
Murders     = {}
