ID              = 10473490
Name            = "Bezelej"
Race            = 1
Profession      = 1
OriginalOutfit  = 131-95-95-95-95
CurrentOutfit   = 131-95-95-95-95
LastLogin       = 1131812823
LastLogout      = 1131812851
StartPosition   = [32957,32076,7]
CurrentPosition = [32912,32081,7]
PlayerkillerEnd = 0

Skill = (0,8,0,1,0,0,0,0,0,0,1,5650,0,6400,100)
Skill = (1,0,0,0,0,0,0,0,0,0,0,0,3000,20,20)
Skill = (2,165,185,0,0,0,0,0,0,0,15,0,0,0,0)
Skill = (3,35,35,0,0,0,0,0,0,0,5,0,0,0,0)
Skill = (4,77,77,0,0,0,0,0,0,0,1,0,0,0,0)
Skill = (5,470,470,0,0,0,0,0,0,0,25,0,0,0,0)
Skill = (6,23,0,10,0,0,0,0,0,0,0,2781,1100,2797,100)
Skill = (7,12,0,10,0,0,0,0,0,0,0,94,1400,130,30)
Skill = (8,19,0,10,0,0,0,0,0,0,0,685,1100,796,50)
Skill = (9,21,0,10,0,0,0,0,0,0,0,927,1100,1069,50)
Skill = (10,18,0,10,0,0,0,0,0,0,0,662,1100,678,50)
Skill = (11,10,0,10,0,0,0,0,0,0,0,49,1100,50,50)
Skill = (12,0,2147483647,0,0,0,0,0,0,0,0,0,1000,2147483647,2147483647)
Skill = (13,11,0,10,0,0,0,0,0,0,0,29,1100,42,20)
Skill = (14,0,1200,0,0,0,0,0,0,0,0,0,0,0,0)
Skill = (15,0,2147483647,0,0,0,0,0,0,0,0,0,1000,2147483647,2147483647)
Skill = (16,0,2147483647,0,0,0,0,0,0,0,0,0,1000,2147483647,2147483647)
Skill = (17,0,2147483647,0,0,0,0,0,3,3,0,0,50,2147483647,2147483647)
Skill = (18,0,2147483647,0,0,0,0,0,0,0,0,0,1000,2147483647,2147483647)
Skill = (19,0,2147483647,0,0,0,0,0,0,0,0,0,1000,2147483647,2147483647)
Skill = (20,0,2147483647,0,0,0,0,0,0,0,0,0,1000,2147483647,2147483647)
Skill = (21,0,2147483647,0,0,0,0,0,0,0,0,0,1000,2147483647,2147483647)
Skill = (22,100,100,0,0,0,0,0,120,120,0,0,0,0,0)
Skill = (23,0,2147483647,0,0,0,0,0,0,0,0,0,1000,2147483647,2147483647)
Skill = (24,0,2147483647,0,0,0,0,0,0,0,0,0,1000,2147483647,2147483647)

Spells      = {}
QuestValues = {(18,1),(23,1),(35,1),(61,1),(223,1)}
Murders     = {}
