ID              = 11103371
Name            = "Throna Marevin"
Race            = 1
Profession      = 2
OriginalOutfit  = 130-125-69-107-127
CurrentOutfit   = 130-125-69-107-127
LastLogin       = 1130934509
LastLogout      = 1130934553
StartPosition   = [32360,31782,7]
CurrentPosition = [32337,31785,7]
PlayerkillerEnd = 0

Skill = (0,8,0,1,0,0,0,0,0,0,1,4517,0,6400,100)
Skill = (1,2,0,0,0,0,0,0,0,0,0,72,1400,87,20)
Skill = (2,185,185,0,0,0,0,0,0,0,10,0,0,0,0)
Skill = (3,35,35,0,0,0,0,0,0,0,15,0,0,0,0)
Skill = (4,77,77,0,0,0,0,0,0,0,1,0,0,0,0)
Skill = (5,470,470,0,0,0,0,0,0,0,20,0,0,0,0)
Skill = (6,15,0,10,0,0,0,0,0,0,0,629,1100,771,100)
Skill = (7,11,0,10,0,0,0,0,0,0,0,41,1100,63,30)
Skill = (8,13,0,10,0,0,0,0,0,0,0,194,1200,268,50)
Skill = (9,17,0,10,0,0,0,0,0,0,0,765,1200,824,50)
Skill = (10,13,0,10,0,0,0,0,0,0,0,222,1200,268,50)
Skill = (11,10,0,10,0,0,0,0,0,0,0,42,1200,50,50)
Skill = (12,0,2147483647,0,0,0,0,0,0,0,0,0,1000,2147483647,2147483647)
Skill = (13,11,0,10,0,0,0,0,0,0,0,31,1100,42,20)
Skill = (14,0,1200,0,0,0,0,0,0,0,0,0,0,0,0)
Skill = (15,0,2147483647,0,0,0,0,0,0,0,0,0,1000,2147483647,2147483647)
Skill = (16,0,2147483647,0,0,0,0,0,0,0,0,0,1000,2147483647,2147483647)
Skill = (17,0,2147483647,0,0,0,0,0,0,0,0,0,50,2147483647,2147483647)
Skill = (18,0,2147483647,0,0,0,0,0,0,0,0,0,1000,2147483647,2147483647)
Skill = (19,0,2147483647,0,0,0,0,0,0,0,0,0,1000,2147483647,2147483647)
Skill = (20,0,2147483647,0,0,0,0,0,0,0,0,0,1000,2147483647,2147483647)
Skill = (21,0,2147483647,0,0,0,0,0,0,0,0,0,1000,2147483647,2147483647)
Skill = (22,100,100,0,0,0,0,0,0,0,0,0,0,0,0)
Skill = (23,0,2147483647,0,0,0,0,0,0,0,0,0,1000,2147483647,2147483647)
Skill = (24,0,2147483647,0,0,0,0,0,0,0,0,0,1000,2147483647,2147483647)

Spells      = {42}
QuestValues = {(59,1)}
Murders     = {}
