ID              = 11212671
Name            = "Nizha"
Race            = 1
Profession      = 2
OriginalOutfit  = 137-2-86-67-86
CurrentOutfit   = 137-2-86-67-86
LastLogin       = 1130126697
LastLogout      = 1130126969
StartPosition   = [32369,32241,7]
CurrentPosition = [32645,31915,8]
PlayerkillerEnd = 0

Skill = (0,10,0,1,0,0,0,0,0,0,1,10849,0,13000,100)
Skill = (1,3,0,0,0,0,0,0,0,0,0,102,1400,142,20)
Skill = (2,205,205,0,0,0,0,0,0,0,10,0,0,0,0)
Skill = (3,35,65,0,0,0,0,0,0,0,15,0,0,0,0)
Skill = (4,79,79,0,0,0,0,0,0,0,1,0,0,0,0)
Skill = (5,510,510,0,0,0,0,0,0,0,20,0,0,0,0)
Skill = (6,15,0,10,0,0,0,0,0,0,0,658,1100,771,100)
Skill = (7,24,0,10,0,0,0,0,0,0,0,907,1100,953,30)
Skill = (8,10,0,10,0,0,0,0,0,0,0,0,1200,50,50)
Skill = (9,18,0,10,0,0,0,0,0,0,0,934,1200,1039,50)
Skill = (10,10,0,10,0,0,0,0,0,0,0,0,1200,50,50)
Skill = (11,12,0,10,0,0,0,0,0,0,0,111,1200,181,50)
Skill = (12,0,2147483647,0,0,0,0,0,0,0,0,0,1000,2147483647,2147483647)
Skill = (13,10,0,10,0,0,0,0,0,0,0,0,1100,20,20)
Skill = (14,0,1200,0,0,0,894,0,0,0,0,0,0,0,0)
Skill = (15,0,2147483647,0,0,0,0,0,0,0,0,0,1000,2147483647,2147483647)
Skill = (16,0,2147483647,0,0,0,0,0,0,0,0,0,1000,2147483647,2147483647)
Skill = (17,0,2147483647,0,0,0,0,0,3,3,0,0,50,2147483647,2147483647)
Skill = (18,0,2147483647,0,0,0,0,0,0,0,0,0,1000,2147483647,2147483647)
Skill = (19,0,2147483647,0,0,0,0,0,0,0,0,0,1000,2147483647,2147483647)
Skill = (20,0,2147483647,0,0,0,0,0,0,0,0,0,1000,2147483647,2147483647)
Skill = (21,0,2147483647,0,0,0,0,0,0,0,0,0,1000,2147483647,2147483647)
Skill = (22,100,100,0,0,0,0,0,120,120,0,0,0,0,0)
Skill = (23,0,2147483647,0,0,0,0,0,0,0,0,0,1000,2147483647,2147483647)
Skill = (24,0,2147483647,0,0,0,0,0,0,0,0,0,1000,2147483647,2147483647)

Spells      = {1,29,42,51}
QuestValues = {(17,1),(20,1),(21,1),(22,1),(23,1)}
Murders     = {}
