ID              = 11581871
Name            = "Cronix Zalath"
Race            = 1
Profession      = 4
OriginalOutfit  = 134-76-76-114-78
CurrentOutfit   = 134-76-76-114-78
LastLogin       = 1132021065
LastLogout      = 1132021792
StartPosition   = [33213,32454,1]
CurrentPosition = [32359,32252,7]
PlayerkillerEnd = 0

Skill = (0,16,0,1,0,0,0,0,0,0,1,51637,0,57600,100)
Skill = (1,13,0,0,0,0,0,0,0,0,0,516,1100,559,20)
Skill = (2,225,225,0,0,0,0,0,0,0,5,0,0,0,0)
Skill = (3,12,275,0,0,0,0,0,0,0,30,0,0,0,0)
Skill = (4,85,85,0,0,0,0,0,0,0,1,0,0,0,0)
Skill = (5,550,550,0,0,0,0,0,0,0,10,0,0,0,0)
Skill = (6,15,0,10,0,0,0,0,0,0,0,1356,1500,2078,100)
Skill = (7,10,0,10,0,0,0,0,0,0,0,0,1800,30,30)
Skill = (8,11,0,10,0,0,0,0,0,0,0,69,1800,140,50)
Skill = (9,17,0,10,0,0,0,0,0,0,0,5057,1800,6824,50)
Skill = (10,13,0,10,0,0,0,0,0,0,0,481,1800,593,50)
Skill = (11,10,0,10,0,0,0,0,0,0,0,2,1500,50,50)
Skill = (12,0,2147483647,0,0,0,0,0,0,0,0,0,1000,2147483647,2147483647)
Skill = (13,10,0,10,0,0,0,0,0,0,0,0,1100,20,20)
Skill = (14,0,1200,0,0,0,589,0,0,0,0,0,0,0,0)
Skill = (15,0,2147483647,0,0,0,0,0,0,0,0,0,1000,2147483647,2147483647)
Skill = (16,0,2147483647,0,0,0,0,0,0,0,0,0,1000,2147483647,2147483647)
Skill = (17,0,2147483647,0,0,0,0,0,3,3,0,0,50,2147483647,2147483647)
Skill = (18,0,2147483647,0,0,0,0,0,0,0,0,0,1000,2147483647,2147483647)
Skill = (19,0,2147483647,0,0,0,0,0,10,10,0,0,1000,2147483647,2147483647)
Skill = (20,0,2147483647,0,0,0,0,0,0,0,0,0,1000,2147483647,2147483647)
Skill = (21,0,2147483647,0,0,0,0,0,0,0,0,0,1000,2147483647,2147483647)
Skill = (22,2,100,0,0,0,0,0,120,120,0,0,0,0,0)
Skill = (23,0,2147483647,0,0,0,0,0,0,0,0,0,1000,2147483647,2147483647)
Skill = (24,0,2147483647,0,0,0,0,0,0,0,0,0,1000,2147483647,2147483647)

Spells      = {1,2,5,8,20}
QuestValues = {(111,1),(112,1)}
Murders     = {}
