ID              = 8013771
Name            = "Dnet Hotner"
Race            = 1
Profession      = 13
OriginalOutfit  = 134-7-114-114-0
CurrentOutfit   = 134-7-114-114-0
LastLogin       = 1132062894
LastLogout      = 1132063008
StartPosition   = [32649,31925,11]
CurrentPosition = [32679,31689,7]
PlayerkillerEnd = 0

Skill = (0,40,0,1,0,0,0,0,0,0,1,981393,0,992000,100)
Skill = (1,52,0,0,0,0,0,0,0,0,0,28685,1100,31049,20)
Skill = (2,345,345,0,0,0,0,0,0,0,5,0,0,0,0)
Skill = (3,587,995,0,0,0,0,0,0,0,30,0,0,0,0)
Skill = (4,109,109,0,0,0,0,0,0,0,1,0,0,0,0)
Skill = (5,790,790,0,0,0,0,0,0,0,10,0,0,0,0)
Skill = (6,23,0,10,0,0,0,0,0,0,0,47229,1500,58185,100)
Skill = (7,11,0,10,0,0,0,0,0,0,0,60,2000,90,30)
Skill = (8,20,0,10,0,0,0,0,0,0,0,88160,2000,102350,50)
Skill = (9,15,0,10,0,0,0,0,0,0,0,2651,2000,3150,50)
Skill = (10,18,0,10,0,0,0,0,0,0,0,12927,2000,25550,50)
Skill = (11,16,0,10,0,0,0,0,0,0,0,1180,1500,1608,50)
Skill = (12,0,2147483647,0,0,0,0,0,0,0,0,0,1000,2147483647,2147483647)
Skill = (13,57,0,10,0,0,0,0,0,0,0,18370,1100,19203,20)
Skill = (14,0,1200,0,0,0,1070,0,0,0,0,0,0,0,0)
Skill = (15,0,2147483647,0,0,0,0,0,125,125,0,0,1000,2147483647,2147483647)
Skill = (16,0,2147483647,0,0,0,0,0,0,0,0,0,1000,2147483647,2147483647)
Skill = (17,0,2147483647,0,0,0,0,0,0,0,0,0,50,2147483647,2147483647)
Skill = (18,0,2147483647,0,0,0,0,0,0,0,0,0,1000,2147483647,2147483647)
Skill = (19,0,2147483647,0,0,0,0,0,0,0,0,0,1000,2147483647,2147483647)
Skill = (20,0,2147483647,0,0,0,0,0,0,0,0,0,1000,2147483647,2147483647)
Skill = (21,0,2147483647,0,0,0,0,0,0,0,0,0,1000,2147483647,2147483647)
Skill = (22,7,100,0,0,0,0,0,120,120,0,0,0,0,0)
Skill = (23,0,2147483647,0,0,0,0,0,0,0,0,0,1000,2147483647,2147483647)
Skill = (24,0,2147483647,0,0,0,0,0,0,0,0,0,1000,2147483647,2147483647)

Spells      = {1,2,3,6,8,9,10,11,13,16,17,18,19,20,21,22,24,25,26,27,28,29,30,32,33,39,44,45,50,55,75,76,78,81,83,86,87,88,89,92}
QuestValues = {(1,4),(2,6),(14,1),(15,1),(16,1),(19,1),(20,1),(21,1),(22,1),(23,1),(25,1),(26,1),(32,1),(33,1),(36,1),(37,1),(38,1),(39,1),(41,1),(42,1),(43,1),(44,1),(55,1),(56,1),(57,1),(77,1),(78,1),(80,1),(82,1),(86,1),(87,1),(93,1),(94,1),(95,1),(96,1),(97,1),(98,1),(100,1),(106,1),(107,1),(109,1),(111,1),(112,1),(113,1),(114,1),(115,1),(116,1),(117,1),(118,1),(121,1),(125,1),(126,1),(129,1),(130,1),(131,1),(132,1),(134,1),(137,1),(138,1),(139,1),(140,1),(141,1),(143,1),(144,1),(145,1),(146,1),(147,1),(148,1),(149,1),(150,1),(151,1),(152,1),(153,1),(190,1),(191,1),(211,4),(213,1),(214,1),(222,1),(223,1),(224,1),(226,1),(227,5),(228,2),(229,3),(230,21),(231,2),(232,1),(233,10),(234,7),(235,1),(236,1),(237,1),(238,1),(239,1),(240,1),(241,1),(242,1),(243,1),(244,2),(245,2),(246,1),(247,1),(248,1),(249,5),(250,5),(251,2),(253,1),(257,1)}
Murders     = {}
