ID              = 8314171
Name            = "Brandok"
Race            = 1
Profession      = 1
OriginalOutfit  = 128-114-114-77-114
CurrentOutfit   = 128-114-114-77-114
LastLogin       = 1130445730
LastLogout      = 1130445740
StartPosition   = [32369,32241,7]
CurrentPosition = [32344,32218,7]
PlayerkillerEnd = 0

Skill = (0,24,0,1,0,0,0,0,0,0,1,204130,0,204800,100)
Skill = (1,3,0,0,0,0,0,0,0,0,0,551,3000,800,20)
Skill = (2,424,425,0,0,0,0,0,0,0,15,0,0,0,0)
Skill = (3,115,115,0,0,0,0,0,0,0,5,0,0,0,0)
Skill = (4,93,93,0,0,0,0,0,0,0,1,0,0,0,0)
Skill = (5,870,870,0,0,0,0,0,0,0,25,0,0,0,0)
Skill = (6,47,0,10,0,0,0,0,0,0,0,35400,1100,36404,100)
Skill = (7,10,0,10,0,0,0,0,0,0,0,0,1400,30,30)
Skill = (8,10,0,10,0,0,0,0,0,0,0,5,1100,50,50)
Skill = (9,10,0,10,0,0,0,0,0,0,0,1,1100,50,50)
Skill = (10,49,0,10,0,0,0,0,0,0,0,21901,1100,22129,50)
Skill = (11,11,0,10,0,0,0,0,0,0,0,98,1100,105,50)
Skill = (12,0,2147483647,0,0,0,0,0,0,0,0,0,1000,2147483647,2147483647)
Skill = (13,20,0,10,0,0,0,0,0,0,0,369,1100,370,20)
Skill = (14,0,1200,0,0,0,0,0,0,0,0,0,0,0,0)
Skill = (15,0,2147483647,0,0,0,0,0,0,0,0,0,1000,2147483647,2147483647)
Skill = (16,0,2147483647,0,0,0,0,0,0,0,0,0,1000,2147483647,2147483647)
Skill = (17,0,2147483647,0,0,0,0,0,0,0,0,0,50,2147483647,2147483647)
Skill = (18,0,2147483647,0,0,0,0,0,0,0,0,0,1000,2147483647,2147483647)
Skill = (19,0,2147483647,0,0,0,0,0,0,0,0,0,1000,2147483647,2147483647)
Skill = (20,0,2147483647,0,0,0,0,0,0,0,0,0,1000,2147483647,2147483647)
Skill = (21,0,2147483647,0,0,0,0,0,0,0,0,0,1000,2147483647,2147483647)
Skill = (22,100,100,0,0,0,0,0,0,0,0,0,0,0,0)
Skill = (23,0,2147483647,0,0,0,0,0,0,0,0,0,1000,2147483647,2147483647)
Skill = (24,0,2147483647,0,0,0,0,0,0,0,0,0,1000,2147483647,2147483647)

Spells      = {1,10,20,29,76}
QuestValues = {(20,1),(21,1),(22,1),(23,1),(59,1),(86,1),(87,1),(190,1),(191,1)}
Murders     = {}
