ID              = 9596971
Name            = "Arka Sarus"
Race            = 1
Profession      = 4
OriginalOutfit  = 130-0-0-114-114
CurrentOutfit   = 130-0-0-114-114
LastLogin       = 1131194502
LastLogout      = 1131194635
StartPosition   = [32957,32076,7]
CurrentPosition = [32921,32074,7]
PlayerkillerEnd = 0

Skill = (0,9,0,1,0,0,0,0,0,0,1,8199,0,9300,100)
Skill = (1,4,0,0,0,0,0,0,0,0,0,92,1100,122,20)
Skill = (2,190,190,0,0,0,0,0,0,0,5,0,0,0,0)
Skill = (3,65,65,0,0,0,0,0,0,0,30,0,0,0,0)
Skill = (4,78,78,0,0,0,0,0,0,0,1,0,0,0,0)
Skill = (5,480,480,0,0,0,0,0,0,0,10,0,0,0,0)
Skill = (6,17,0,10,0,0,0,0,0,0,0,4384,1500,4925,100)
Skill = (7,10,0,10,0,0,0,0,0,0,0,6,1800,30,30)
Skill = (8,16,0,10,0,0,0,0,0,0,0,2502,1800,3763,50)
Skill = (9,14,0,10,0,0,0,0,0,0,0,678,1800,1118,50)
Skill = (10,11,0,10,0,0,0,0,0,0,0,106,1800,140,50)
Skill = (11,10,0,10,0,0,0,0,0,0,0,27,1500,50,50)
Skill = (12,0,2147483647,0,0,0,0,0,0,0,0,0,1000,2147483647,2147483647)
Skill = (13,18,0,10,0,0,0,0,0,0,0,235,1100,271,20)
Skill = (14,0,1200,0,0,0,0,0,0,0,0,0,0,0,0)
Skill = (15,0,2147483647,0,0,0,0,0,0,0,0,0,1000,2147483647,2147483647)
Skill = (16,0,2147483647,0,0,0,0,0,0,0,0,0,1000,2147483647,2147483647)
Skill = (17,0,2147483647,0,0,0,0,0,0,0,0,0,50,2147483647,2147483647)
Skill = (18,0,2147483647,0,0,0,0,0,0,0,0,0,1000,2147483647,2147483647)
Skill = (19,0,2147483647,0,0,0,0,0,0,0,0,0,1000,2147483647,2147483647)
Skill = (20,0,2147483647,0,0,0,0,0,0,0,0,0,1000,2147483647,2147483647)
Skill = (21,0,2147483647,0,0,0,0,0,0,0,0,0,1000,2147483647,2147483647)
Skill = (22,100,100,0,0,0,0,0,0,0,0,0,0,0,0)
Skill = (23,0,2147483647,0,0,0,0,0,0,0,0,0,1000,2147483647,2147483647)
Skill = (24,0,2147483647,0,0,0,0,0,0,0,0,0,1000,2147483647,2147483647)

Spells      = {1,8,10,29,42}
QuestValues = {(17,1),(18,1),(35,1),(59,1),(223,1),(226,1)}
Murders     = {}
