ID              = 7939384
Name            = "Radamanty Skywalker"
Race            = 1
Profession      = 2
OriginalOutfit  = 133-0-94-88-94
CurrentOutfit   = 133-0-94-88-94
LastLogin       = 1130012020
LastLogout      = 1130012072
StartPosition   = [32360,31782,7]
CurrentPosition = [32338,31786,7]
PlayerkillerEnd = 0

Skill = (0,21,0,1,0,0,0,0,0,0,1,121101,0,135100,100)
Skill = (1,9,0,0,0,0,0,0,0,0,0,1295,1400,1396,20)
Skill = (2,315,315,0,0,0,0,0,0,0,10,0,0,0,0)
Skill = (3,223,230,0,0,0,0,0,0,0,15,0,0,0,0)
Skill = (4,90,90,0,0,0,0,0,10,10,1,0,0,0,0)
Skill = (5,730,730,0,0,0,0,0,0,0,20,0,0,0,0)
Skill = (6,53,0,10,0,0,0,0,0,0,0,60708,1100,65264,100)
Skill = (7,65,0,10,0,0,0,0,0,0,0,59146,1100,62089,30)
Skill = (8,14,0,10,0,0,0,0,0,0,0,295,1200,372,50)
Skill = (9,11,0,10,0,0,0,0,0,0,0,62,1200,109,50)
Skill = (10,15,0,10,0,0,0,0,0,0,0,438,1200,496,50)
Skill = (11,18,0,10,0,0,0,0,0,0,0,925,1200,1039,50)
Skill = (12,0,2147483647,0,0,0,0,0,0,0,0,0,1000,2147483647,2147483647)
Skill = (13,39,0,10,0,0,0,0,0,0,0,3054,1100,3289,20)
Skill = (14,0,1200,0,0,0,698,0,0,0,0,0,0,0,0)
Skill = (15,0,2147483647,0,0,0,0,0,0,0,0,0,1000,2147483647,2147483647)
Skill = (16,0,2147483647,0,0,0,0,0,0,0,0,0,1000,2147483647,2147483647)
Skill = (17,0,2147483647,0,0,0,0,0,3,3,0,0,50,2147483647,2147483647)
Skill = (18,0,2147483647,0,0,0,0,0,8,8,0,0,1000,2147483647,2147483647)
Skill = (19,0,2147483647,0,0,0,0,0,0,0,0,0,1000,2147483647,2147483647)
Skill = (20,0,2147483647,0,0,0,0,0,0,0,0,0,1000,2147483647,2147483647)
Skill = (21,0,2147483647,0,0,0,0,0,0,0,0,0,1000,2147483647,2147483647)
Skill = (22,100,100,0,0,0,0,0,120,120,0,0,0,0,0)
Skill = (23,0,2147483647,0,0,0,0,0,0,0,0,0,1000,2147483647,2147483647)
Skill = (24,0,2147483647,0,0,0,0,0,0,0,0,0,1000,2147483647,2147483647)

Spells      = {2,3,6,29,42,44,51,76,79}
QuestValues = {(20,1),(21,1),(22,1),(23,1),(25,1),(26,1),(27,1),(32,1),(33,1),(34,1),(60,1),(61,1),(100,1),(224,1)}
Murders     = {}
