ID              = 8254284
Name            = "Firal Pron"
Race            = 1
Profession      = 12
OriginalOutfit  = 134-112-112-112-112
CurrentOutfit   = 134-112-112-112-112
LastLogin       = 1129281745
LastLogout      = 1129281747
StartPosition   = [32957,32076,7]
CurrentPosition = [32942,32071,6]
PlayerkillerEnd = 1131045089

Skill = (0,20,0,1,0,0,0,0,0,0,1,110724,0,116000,100)
Skill = (1,8,0,0,0,0,0,0,0,0,0,805,1400,983,20)
Skill = (2,305,305,0,0,0,0,0,0,0,10,0,0,0,0)
Skill = (3,215,215,0,0,0,0,0,0,0,15,0,0,0,0)
Skill = (4,89,89,0,0,0,0,0,0,0,1,0,0,0,0)
Skill = (5,710,710,0,0,0,0,0,0,0,20,0,0,0,0)
Skill = (6,47,0,10,0,0,0,0,0,0,0,35790,1100,36404,100)
Skill = (7,62,0,10,0,0,0,0,0,0,0,44441,1100,46574,30)
Skill = (8,10,0,10,0,0,0,0,0,0,0,38,1200,50,50)
Skill = (9,13,0,10,0,0,0,0,0,0,0,197,1200,268,50)
Skill = (10,10,0,10,0,0,0,0,0,0,0,13,1200,50,50)
Skill = (11,16,0,10,0,0,0,0,0,0,0,637,1200,645,50)
Skill = (12,0,2147483647,0,0,0,0,0,0,0,0,0,1000,2147483647,2147483647)
Skill = (13,46,0,10,0,0,0,0,0,0,0,5994,1100,6600,20)
Skill = (14,0,1200,0,0,0,0,0,0,0,0,0,0,0,0)
Skill = (15,0,2147483647,0,0,0,0,0,0,0,0,0,1000,2147483647,2147483647)
Skill = (16,0,2147483647,0,0,0,0,0,0,0,0,0,1000,2147483647,2147483647)
Skill = (17,0,2147483647,0,0,0,0,0,0,0,0,0,50,2147483647,2147483647)
Skill = (18,0,2147483647,0,0,0,0,0,0,0,0,0,1000,2147483647,2147483647)
Skill = (19,0,2147483647,0,0,0,0,0,0,0,0,0,1000,2147483647,2147483647)
Skill = (20,0,2147483647,0,0,0,0,0,0,0,0,0,1000,2147483647,2147483647)
Skill = (21,0,2147483647,0,0,0,0,0,0,0,0,0,1000,2147483647,2147483647)
Skill = (22,134,200,0,0,0,0,0,0,0,0,0,0,0,0)
Skill = (23,0,2147483647,0,0,0,0,0,0,0,0,0,1000,2147483647,2147483647)
Skill = (24,0,2147483647,0,0,0,0,0,0,0,0,0,1000,2147483647,2147483647)

Spells      = {3,8,10,20,42,51,76}
QuestValues = {(14,1),(15,1),(20,1),(32,1),(33,1),(34,1),(125,1),(126,1),(153,1),(190,1),(191,1),(254,1)}
Murders     = {1128451399,1128451473,1128452333,1128453089}
