ID              = 8566884
Name            = "Flame Knight On Zanera"
Race            = 1
Profession      = 1
OriginalOutfit  = 131-132-94-114-114
CurrentOutfit   = 131-132-94-114-114
LastLogin       = 1125258379
LastLogout      = 1125258893
StartPosition   = [32369,32241,7]
CurrentPosition = [32301,32113,6]
PlayerkillerEnd = 0

Skill = (0,21,0,1,0,0,0,0,0,0,1,130054,0,135100,100)
Skill = (1,4,0,0,0,0,0,0,0,0,0,1001,3000,2420,20)
Skill = (2,380,380,0,0,0,0,0,0,0,15,0,0,0,0)
Skill = (3,59,100,0,0,0,0,0,0,0,5,0,0,0,0)
Skill = (4,90,90,0,0,0,0,0,0,0,1,0,0,0,0)
Skill = (5,795,795,0,0,0,0,0,0,0,25,0,0,0,0)
Skill = (6,50,0,10,0,0,0,0,0,0,0,46455,1100,48785,100)
Skill = (7,11,0,10,0,0,0,0,0,0,0,54,1400,71,30)
Skill = (8,26,0,10,0,0,0,0,0,0,0,1953,1100,2027,50)
Skill = (9,53,0,10,0,0,0,0,0,0,0,31188,1100,32632,50)
Skill = (10,12,0,10,0,0,0,0,0,0,0,125,1100,165,50)
Skill = (11,11,0,10,0,0,0,0,0,0,0,79,1100,105,50)
Skill = (12,0,2147483647,0,0,0,0,0,0,0,0,0,1000,2147483647,2147483647)
Skill = (13,38,0,10,0,0,0,0,0,0,0,2919,1100,2972,20)
Skill = (14,0,1200,0,0,0,28,0,0,0,0,0,0,0,0)
Skill = (15,0,2147483647,0,0,0,1,0,24,125,0,0,1000,2147483647,2147483647)
Skill = (16,0,2147483647,0,0,0,0,0,0,0,0,0,1000,2147483647,2147483647)
Skill = (17,0,2147483647,0,0,0,0,0,0,0,0,0,50,2147483647,2147483647)
Skill = (18,0,2147483647,0,0,0,0,0,0,0,0,0,1000,2147483647,2147483647)
Skill = (19,0,2147483647,0,0,0,0,0,0,0,0,0,1000,2147483647,2147483647)
Skill = (20,0,2147483647,0,0,0,0,0,0,0,0,0,1000,2147483647,2147483647)
Skill = (21,0,2147483647,0,0,0,0,0,0,0,0,0,1000,2147483647,2147483647)
Skill = (22,100,100,0,0,0,0,0,120,120,0,0,0,0,0)
Skill = (23,0,2147483647,0,0,0,0,0,0,0,0,0,1000,2147483647,2147483647)
Skill = (24,0,2147483647,0,0,0,0,0,0,0,0,0,1000,2147483647,2147483647)

Spells      = {1,10,11,20,29}
QuestValues = {(18,1),(19,1),(20,1),(22,1),(23,1),(59,1),(100,1),(106,1),(107,1)}
Murders     = {}
