ID              = 8729884
Name            = "Zirin Darin"
Race            = 1
Profession      = 3
OriginalOutfit  = 130-114-92-92-128
CurrentOutfit   = 130-114-92-92-128
LastLogin       = 1132107594
LastLogout      = 1132108073
StartPosition   = [32649,31925,11]
CurrentPosition = [32569,31940,7]
PlayerkillerEnd = 0

Skill = (0,22,0,1,0,0,0,0,0,0,1,153593,0,156200,100)
Skill = (1,24,0,0,0,0,0,0,0,0,0,1895,1100,1966,20)
Skill = (2,234,255,0,0,0,0,0,0,0,5,0,0,0,0)
Skill = (3,348,455,0,0,0,0,0,0,0,30,0,0,0,0)
Skill = (4,91,91,0,0,0,0,0,0,0,1,0,0,0,0)
Skill = (5,610,610,0,0,0,0,0,0,0,10,0,0,0,0)
Skill = (6,23,0,10,0,0,0,0,0,0,0,38764,1500,58185,100)
Skill = (7,12,0,10,0,0,0,0,0,0,0,164,2000,210,30)
Skill = (8,10,0,10,0,0,0,0,0,0,0,45,2000,50,50)
Skill = (9,19,0,10,0,0,0,0,0,0,0,28257,2000,51150,50)
Skill = (10,10,0,10,0,0,0,0,0,0,0,12,2000,50,50)
Skill = (11,11,0,10,0,0,0,0,0,0,0,77,1500,125,50)
Skill = (12,0,2147483647,0,0,0,0,0,0,0,0,0,1000,2147483647,2147483647)
Skill = (13,34,0,10,0,0,0,0,0,0,0,1823,1100,1966,20)
Skill = (14,0,1200,0,0,0,0,0,0,0,0,0,0,0,0)
Skill = (15,0,2147483647,0,0,0,0,0,83,83,0,0,1000,2147483647,2147483647)
Skill = (16,0,2147483647,0,0,0,0,0,0,0,0,0,1000,2147483647,2147483647)
Skill = (17,0,2147483647,0,0,0,0,0,0,0,0,0,50,2147483647,2147483647)
Skill = (18,0,2147483647,0,0,0,0,0,0,0,0,0,1000,2147483647,2147483647)
Skill = (19,0,2147483647,0,0,0,0,0,0,0,0,0,1000,2147483647,2147483647)
Skill = (20,0,2147483647,0,0,0,0,0,0,0,0,0,1000,2147483647,2147483647)
Skill = (21,0,2147483647,0,0,0,0,0,0,0,0,0,1000,2147483647,2147483647)
Skill = (22,86,100,0,0,0,0,0,0,0,0,0,0,0,0)
Skill = (23,0,2147483647,0,0,0,0,0,0,0,0,0,1000,2147483647,2147483647)
Skill = (24,0,2147483647,0,0,0,0,0,0,0,0,0,1000,2147483647,2147483647)

Spells      = {1,3,8,10,13,15,16,17,19,20,21,26,38,44,45}
QuestValues = {(18,1),(60,1),(61,1),(67,1),(69,1),(70,1),(71,1),(96,1),(97,1),(98,1),(106,1),(107,1),(223,1)}
Murders     = {}
