ID              = 9709484
Name            = "Peke Kalimdor"
Race            = 1
Profession      = 3
OriginalOutfit  = 130-114-93-114-117
CurrentOutfit   = 130-114-93-114-117
LastLogin       = 1127937367
LastLogout      = 1127937370
StartPosition   = [32360,31782,7]
CurrentPosition = [32440,31782,7]
PlayerkillerEnd = 0

Skill = (0,10,0,1,0,0,0,0,0,0,1,10431,0,13000,100)
Skill = (1,4,0,0,0,0,0,0,0,0,0,95,1100,122,20)
Skill = (2,160,195,0,0,0,0,0,0,0,5,0,0,0,0)
Skill = (3,20,95,0,0,0,0,0,0,0,30,0,0,0,0)
Skill = (4,79,79,0,0,0,0,0,0,0,1,0,0,0,0)
Skill = (5,490,490,0,0,0,0,0,0,0,10,0,0,0,0)
Skill = (6,18,0,10,0,0,0,0,0,0,0,5052,1500,7488,100)
Skill = (7,10,0,10,0,0,0,0,0,0,0,1,2000,30,30)
Skill = (8,15,0,10,0,0,0,0,0,0,0,3063,2000,3150,50)
Skill = (9,15,0,10,0,0,0,0,0,0,0,2131,2000,3150,50)
Skill = (10,10,0,10,0,0,0,0,0,0,0,17,2000,50,50)
Skill = (11,10,0,10,0,0,0,0,0,0,0,15,1500,50,50)
Skill = (12,0,2147483647,0,0,0,0,0,0,0,0,0,1000,2147483647,2147483647)
Skill = (13,23,0,10,0,0,0,0,0,0,0,558,1100,559,20)
Skill = (14,0,1200,0,0,0,0,0,0,0,0,0,0,0,0)
Skill = (15,0,2147483647,0,0,0,2,0,4,83,0,0,1000,2147483647,2147483647)
Skill = (16,0,2147483647,0,0,0,0,0,0,0,0,0,1000,2147483647,2147483647)
Skill = (17,0,2147483647,0,0,0,0,0,0,0,0,0,50,2147483647,2147483647)
Skill = (18,0,2147483647,0,0,0,0,0,8,8,0,0,1000,2147483647,2147483647)
Skill = (19,0,2147483647,0,0,0,0,0,0,0,0,0,1000,2147483647,2147483647)
Skill = (20,0,2147483647,0,0,0,0,0,0,0,0,0,1000,2147483647,2147483647)
Skill = (21,0,2147483647,0,0,0,0,0,0,0,0,0,1000,2147483647,2147483647)
Skill = (22,100,100,0,0,0,0,0,120,120,0,0,0,0,0)
Skill = (23,0,2147483647,0,0,0,0,0,0,0,0,0,1000,2147483647,2147483647)
Skill = (24,0,2147483647,0,0,0,0,0,0,0,0,0,1000,2147483647,2147483647)

Spells      = {1,10}
QuestValues = {(18,1),(59,1),(61,1),(223,1)}
Murders     = {}
