ID              = 10038292
Name            = "Fivus"
Race            = 1
Profession      = 12
OriginalOutfit  = 130-76-114-132-114
CurrentOutfit   = 130-76-114-132-114
LastLogin       = 1132104338
LastLogout      = 1132104438
StartPosition   = [32957,32076,7]
CurrentPosition = [32916,32074,7]
PlayerkillerEnd = 0

Skill = (0,72,0,1,0,0,0,0,0,0,1,5802171,0,5971200,100)
Skill = (1,16,0,0,0,0,0,0,0,0,0,13729,1400,15195,20)
Skill = (2,825,825,0,0,0,0,0,0,0,10,0,0,0,0)
Skill = (3,765,995,0,0,0,0,0,0,0,15,0,0,0,0)
Skill = (4,141,141,0,20,0,0,0,10,10,1,0,0,0,0)
Skill = (5,1750,1750,0,0,0,0,0,0,0,20,0,0,0,0)
Skill = (6,53,0,10,0,0,0,0,0,0,0,64035,1100,65264,100)
Skill = (7,85,0,10,0,0,0,0,0,0,0,411333,1100,419425,30)
Skill = (8,15,0,10,0,0,0,0,0,0,0,436,1200,496,50)
Skill = (9,14,0,10,0,0,0,0,0,0,0,272,1200,372,50)
Skill = (10,20,0,10,0,0,0,0,0,0,0,1404,1200,1607,50)
Skill = (11,22,0,10,0,0,0,0,0,0,0,1984,1200,2424,50)
Skill = (12,0,2147483647,0,0,0,0,0,0,0,0,0,1000,2147483647,2147483647)
Skill = (13,33,0,10,0,0,0,0,0,0,0,1622,1100,1769,20)
Skill = (14,0,1200,0,0,0,0,0,0,0,0,0,0,0,0)
Skill = (15,0,2147483647,0,0,0,0,0,125,125,0,0,1000,2147483647,2147483647)
Skill = (16,0,2147483647,0,0,0,0,0,200,200,0,0,1000,2147483647,2147483647)
Skill = (17,0,2147483647,0,0,0,0,0,3,3,0,0,50,2147483647,2147483647)
Skill = (18,0,2147483647,0,0,0,0,0,8,8,0,0,1000,2147483647,2147483647)
Skill = (19,0,2147483647,0,0,0,0,0,10,10,0,0,1000,2147483647,2147483647)
Skill = (20,0,2147483647,0,0,0,0,0,0,0,0,0,1000,2147483647,2147483647)
Skill = (21,0,2147483647,0,0,0,0,0,200,200,0,0,1000,2147483647,2147483647)
Skill = (22,200,200,0,0,0,0,0,15,15,0,0,0,0,0)
Skill = (23,0,2147483647,0,0,0,0,0,0,0,0,0,1000,2147483647,2147483647)
Skill = (24,0,2147483647,0,0,0,0,0,0,0,0,0,1000,2147483647,2147483647)

Spells      = {1,2,3,6,7,8,10,11,15,20,29,30,42,44,45,48,49,51,76,78,79,81,95}
QuestValues = {(1,2),(2,6),(3,1),(4,1),(5,1),(6,1),(7,1),(8,1),(9,1),(10,1),(11,1),(12,1),(36,1),(40,1),(41,1),(42,1),(43,1),(44,1),(50,1),(57,1),(62,1),(63,1),(64,1),(84,1),(85,1),(86,1),(87,1),(88,1),(89,1),(90,1),(91,1),(92,1),(96,1),(97,1),(98,1),(101,1),(102,1),(103,3),(104,1),(105,1),(106,1),(107,1),(109,1),(110,1),(111,1),(112,1),(116,1),(117,1),(118,1),(119,1),(121,1),(122,1),(123,1),(124,1),(127,1),(129,1),(130,1),(131,1),(132,1),(133,1),(137,1),(145,1),(146,1),(147,1),(148,1),(149,1),(150,1),(151,1),(152,1),(154,1),(156,1),(157,1),(158,1),(170,1),(171,1),(172,1),(173,1),(174,1),(175,1),(176,1),(177,1),(178,1),(183,1),(184,1),(190,1),(191,1),(193,1),(194,1),(195,1),(196,1),(197,1),(198,1),(200,1),(201,1),(202,1),(205,1),(208,1),(211,4),(213,1),(214,1),(215,1),(216,1),(222,1),(225,1),(227,5),(228,2),(229,3),(230,21),(231,2),(232,1),(233,10),(234,7),(235,1),(236,1),(237,1),(238,1),(239,1),(240,1),(241,1),(242,1),(243,1),(244,2),(245,2),(246,1),(247,1),(248,1),(249,5),(250,5),(251,3),(292,1)}
Murders     = {}
