ID              = 10379292
Name            = "Dagobertim"
Race            = 1
Profession      = 1
OriginalOutfit  = 131-114-126-114-126
CurrentOutfit   = 131-114-126-114-126
LastLogin       = 1131054762
LastLogout      = 1131054899
StartPosition   = [32360,31782,7]
CurrentPosition = [32337,31785,7]
PlayerkillerEnd = 0

Skill = (0,13,0,1,0,0,0,0,0,0,1,26328,0,29900,100)
Skill = (1,2,0,0,0,0,0,0,0,0,0,89,3000,260,20)
Skill = (2,230,260,0,0,0,0,0,0,0,15,0,0,0,0)
Skill = (3,13,60,0,0,0,0,0,0,0,5,0,0,0,0)
Skill = (4,82,82,0,0,0,0,0,0,0,1,0,0,0,0)
Skill = (5,595,595,0,0,0,0,0,0,0,25,0,0,0,0)
Skill = (6,25,0,10,0,0,0,0,0,0,0,3555,1100,3594,100)
Skill = (7,10,0,10,0,0,0,0,0,0,0,20,1400,30,30)
Skill = (8,29,0,10,0,0,0,0,0,0,0,2592,1100,2863,50)
Skill = (9,26,0,10,0,0,0,0,0,0,0,2007,1100,2027,50)
Skill = (10,16,0,10,0,0,0,0,0,0,0,430,1100,474,50)
Skill = (11,11,0,10,0,0,0,0,0,0,0,91,1100,105,50)
Skill = (12,0,2147483647,0,0,0,0,0,0,0,0,0,1000,2147483647,2147483647)
Skill = (13,17,0,10,0,0,0,0,0,0,0,204,1100,228,20)
Skill = (14,0,1200,0,0,0,0,0,0,0,0,0,0,0,0)
Skill = (15,0,2147483647,0,0,0,0,0,0,0,0,0,1000,2147483647,2147483647)
Skill = (16,0,2147483647,0,0,0,0,0,0,0,0,0,1000,2147483647,2147483647)
Skill = (17,0,2147483647,0,0,0,0,0,3,3,0,0,50,2147483647,2147483647)
Skill = (18,0,2147483647,0,0,0,0,0,0,0,0,0,1000,2147483647,2147483647)
Skill = (19,0,2147483647,0,0,0,0,0,0,0,0,0,1000,2147483647,2147483647)
Skill = (20,0,2147483647,0,0,0,0,0,0,0,0,0,1000,2147483647,2147483647)
Skill = (21,0,2147483647,0,0,0,0,0,0,0,0,0,1000,2147483647,2147483647)
Skill = (22,100,100,0,0,0,0,0,120,120,0,0,0,0,0)
Skill = (23,0,2147483647,0,0,0,0,0,0,0,0,0,1000,2147483647,2147483647)
Skill = (24,0,2147483647,0,0,0,0,0,0,0,0,0,1000,2147483647,2147483647)

Spells      = {1,10,20,29}
QuestValues = {(18,1),(20,1),(21,1),(22,1),(23,1),(33,1),(34,1),(35,1),(59,1),(60,1),(61,1),(223,1)}
Murders     = {}
