ID              = 10827992
Name            = "Sellia"
Race            = 1
Profession      = 11
OriginalOutfit  = 142-18-0-114-0
CurrentOutfit   = 142-18-0-114-0
LastLogin       = 1131868891
LastLogout      = 1131868901
StartPosition   = [32957,32076,7]
CurrentPosition = [33292,31982,7]
PlayerkillerEnd = 0

Skill = (0,30,0,1,0,0,0,0,0,0,1,398787,0,409000,100)
Skill = (1,4,0,0,0,0,0,0,0,0,0,1711,3000,2420,20)
Skill = (2,515,515,0,0,0,0,0,0,0,15,0,0,0,0)
Skill = (3,28,145,0,0,0,0,0,0,0,5,0,0,0,0)
Skill = (4,99,99,0,0,0,0,0,10,10,1,0,0,0,0)
Skill = (5,1020,1020,0,0,0,0,0,0,0,25,0,0,0,0)
Skill = (6,57,0,10,0,0,0,0,0,0,0,93499,1100,96017,100)
Skill = (7,10,0,10,0,0,0,0,0,0,0,0,1400,30,30)
Skill = (8,59,0,10,0,0,0,0,0,0,0,55843,1100,58195,50)
Skill = (9,13,0,10,0,0,0,0,0,0,0,189,1100,232,50)
Skill = (10,10,0,10,0,0,0,0,0,0,0,0,1100,50,50)
Skill = (11,12,0,10,0,0,0,0,0,0,0,106,1100,165,50)
Skill = (12,0,2147483647,0,0,0,0,0,0,0,0,0,1000,2147483647,2147483647)
Skill = (13,19,0,10,0,0,0,0,0,0,0,309,1100,318,20)
Skill = (14,0,1200,0,0,0,0,0,0,0,0,0,0,0,0)
Skill = (15,0,2147483647,0,0,0,0,0,83,83,0,0,1000,2147483647,2147483647)
Skill = (16,0,2147483647,0,0,0,0,0,0,0,0,0,1000,2147483647,2147483647)
Skill = (17,0,2147483647,0,0,0,0,0,3,3,0,0,50,2147483647,2147483647)
Skill = (18,0,2147483647,0,0,0,0,0,8,8,0,0,1000,2147483647,2147483647)
Skill = (19,0,2147483647,0,0,0,0,0,10,10,0,0,1000,2147483647,2147483647)
Skill = (20,0,2147483647,0,0,0,0,0,3,3,0,0,1000,2147483647,2147483647)
Skill = (21,0,2147483647,0,0,0,0,0,0,0,0,0,1000,2147483647,2147483647)
Skill = (22,200,200,0,0,0,0,0,15,15,0,0,0,0,0)
Skill = (23,0,2147483647,0,0,0,0,0,0,0,0,0,1000,2147483647,2147483647)
Skill = (24,0,2147483647,0,0,0,0,0,0,0,0,0,1000,2147483647,2147483647)

Spells      = {1,6,10,20,29,81}
QuestValues = {(18,1),(32,1),(33,1),(34,1),(37,1),(59,1),(69,1),(76,1),(77,1),(78,1),(88,1),(89,1),(90,1),(91,1),(92,1),(93,1),(94,1),(95,1),(96,1),(97,1),(98,1),(99,1),(106,1),(107,1),(109,1),(111,1),(112,1),(115,1),(153,1),(190,1),(191,1),(208,1),(253,1),(254,1),(269,1)}
Murders     = {1130166042}
