ID              = 10968092
Name            = "Silo Kiel"
Race            = 1
Profession      = 1
OriginalOutfit  = 128-114-132-114-114
CurrentOutfit   = 128-114-132-114-114
LastLogin       = 1132125997
LastLogout      = 1132127059
StartPosition   = [32360,31782,7]
CurrentPosition = [32534,31914,7]
PlayerkillerEnd = 0

Skill = (0,13,0,1,0,0,0,0,0,0,1,28673,0,29900,100)
Skill = (1,2,0,0,0,0,0,0,0,0,0,122,3000,260,20)
Skill = (2,216,260,0,0,0,0,0,0,0,15,0,0,0,0)
Skill = (3,37,60,0,0,0,0,0,0,0,5,0,0,0,0)
Skill = (4,82,82,0,0,0,0,0,0,0,1,0,0,0,0)
Skill = (5,595,595,0,0,0,0,0,0,0,25,0,0,0,0)
Skill = (6,34,0,10,0,0,0,0,0,0,0,8946,1100,9834,100)
Skill = (7,10,0,10,0,0,0,0,0,0,0,0,1400,30,30)
Skill = (8,10,0,10,0,0,0,0,0,0,0,0,1100,50,50)
Skill = (9,37,0,10,0,0,0,0,0,0,0,6410,1100,6710,50)
Skill = (10,10,0,10,0,0,0,0,0,0,0,26,1100,50,50)
Skill = (11,10,0,10,0,0,0,0,0,0,0,5,1100,50,50)
Skill = (12,0,2147483647,0,0,0,0,0,0,0,0,0,1000,2147483647,2147483647)
Skill = (13,10,0,10,0,0,0,0,0,0,0,0,1100,20,20)
Skill = (14,0,1200,0,0,0,0,0,0,0,0,0,0,0,0)
Skill = (15,0,2147483647,0,0,0,4,0,20,83,0,0,1000,2147483647,2147483647)
Skill = (16,0,2147483647,0,0,0,0,0,0,0,0,0,1000,2147483647,2147483647)
Skill = (17,0,2147483647,0,0,0,0,0,0,0,0,0,50,2147483647,2147483647)
Skill = (18,0,2147483647,0,0,0,0,0,0,0,0,0,1000,2147483647,2147483647)
Skill = (19,0,2147483647,0,0,0,0,0,0,0,0,0,1000,2147483647,2147483647)
Skill = (20,0,2147483647,0,0,0,0,0,0,0,0,0,1000,2147483647,2147483647)
Skill = (21,0,2147483647,0,0,0,0,0,0,0,0,0,1000,2147483647,2147483647)
Skill = (22,100,100,0,0,0,2,0,2,120,0,0,0,0,0)
Skill = (23,0,2147483647,0,0,0,0,0,0,0,0,0,1000,2147483647,2147483647)
Skill = (24,0,2147483647,0,0,0,0,0,0,0,0,0,1000,2147483647,2147483647)

Spells      = {1,10}
QuestValues = {(21,1),(22,1),(23,1),(32,1),(33,1),(34,1),(125,1),(126,1)}
Murders     = {}
