ID              = 8756092
Name            = "Jib master"
Race            = 1
Profession      = 4
OriginalOutfit  = 128-114-25-24-114
CurrentOutfit   = 128-114-25-24-114
LastLogin       = 1131823697
LastLogout      = 1131826916
StartPosition   = [32369,32241,7]
CurrentPosition = [32350,32225,6]
PlayerkillerEnd = 0

Skill = (0,16,0,1,0,0,0,0,0,0,1,51617,0,57600,100)
Skill = (1,27,0,0,0,0,0,0,0,0,0,2465,1100,2684,20)
Skill = (2,225,225,0,0,0,0,0,0,0,5,0,0,0,0)
Skill = (3,25,275,0,0,0,0,0,0,0,30,0,0,0,0)
Skill = (4,85,85,0,0,0,0,0,0,0,1,0,0,0,0)
Skill = (5,550,550,0,0,0,0,0,0,0,10,0,0,0,0)
Skill = (6,20,0,10,0,0,0,0,0,0,0,12128,1500,17099,100)
Skill = (7,10,0,10,0,0,0,0,0,0,0,2,1800,30,30)
Skill = (8,10,0,10,0,0,0,0,0,0,0,8,1800,50,50)
Skill = (9,18,0,10,0,0,0,0,0,0,0,11297,1800,12334,50)
Skill = (10,10,0,10,0,0,0,0,0,0,0,0,1800,50,50)
Skill = (11,14,0,10,0,0,0,0,0,0,0,535,1500,659,50)
Skill = (12,0,2147483647,0,0,0,0,0,0,0,0,0,1000,2147483647,2147483647)
Skill = (13,54,0,10,0,0,0,0,0,0,0,13937,1100,14378,20)
Skill = (14,0,1200,0,0,0,1070,0,0,0,0,0,0,0,0)
Skill = (15,0,2147483647,0,0,0,0,0,83,83,0,0,1000,2147483647,2147483647)
Skill = (16,0,2147483647,0,0,0,0,0,0,0,0,0,1000,2147483647,2147483647)
Skill = (17,0,2147483647,0,0,0,0,0,3,3,0,0,50,2147483647,2147483647)
Skill = (18,0,2147483647,0,0,0,0,0,8,8,0,0,1000,2147483647,2147483647)
Skill = (19,0,2147483647,0,0,0,0,0,10,10,0,0,1000,2147483647,2147483647)
Skill = (20,0,2147483647,0,0,0,0,0,0,0,0,0,1000,2147483647,2147483647)
Skill = (21,0,2147483647,0,0,0,0,0,0,0,0,0,1000,2147483647,2147483647)
Skill = (22,0,100,0,0,0,0,0,120,120,0,0,0,0,0)
Skill = (23,0,2147483647,0,0,0,0,0,0,0,0,0,1000,2147483647,2147483647)
Skill = (24,0,2147483647,0,0,0,0,0,0,0,0,0,1000,2147483647,2147483647)

Spells      = {1,3,4,5,8,10,20,42}
QuestValues = {(21,1),(22,1),(23,1),(35,1),(37,1),(59,1),(109,1),(223,1)}
Murders     = {1129255635,1130730078,1130730372,1131232542}
