ID              = 8893992
Name            = "Baron Infernus"
Race            = 1
Profession      = 1
OriginalOutfit  = 131-0-114-94-114
CurrentOutfit   = 131-0-114-94-114
LastLogin       = 1132091164
LastLogout      = 1132091185
StartPosition   = [32360,31782,7]
CurrentPosition = [32681,31687,8]
PlayerkillerEnd = 0

Skill = (0,29,0,1,0,0,0,0,0,0,1,358185,0,368300,100)
Skill = (1,4,0,0,0,0,0,0,0,0,0,1830,3000,2420,20)
Skill = (2,416,500,0,0,0,0,0,0,0,15,0,0,0,0)
Skill = (3,121,140,0,0,0,0,0,0,0,5,0,0,0,0)
Skill = (4,98,98,0,0,0,0,0,0,0,1,0,0,0,0)
Skill = (5,995,995,0,0,0,0,0,0,0,25,0,0,0,0)
Skill = (6,59,0,10,0,0,0,0,0,0,0,108323,1100,116390,100)
Skill = (7,10,0,10,0,0,0,0,0,0,0,0,1400,30,30)
Skill = (8,61,0,10,0,0,0,0,0,0,0,70439,1100,70521,50)
Skill = (9,10,0,10,0,0,0,0,0,0,0,14,1100,50,50)
Skill = (10,10,0,10,0,0,0,0,0,0,0,0,1100,50,50)
Skill = (11,10,0,10,0,0,0,0,0,0,0,1,1100,50,50)
Skill = (12,0,2147483647,0,0,0,0,0,0,0,0,0,1000,2147483647,2147483647)
Skill = (13,10,0,10,0,0,0,0,0,0,0,0,1100,20,20)
Skill = (14,0,1200,0,0,0,819,0,0,0,0,0,0,0,0)
Skill = (15,0,2147483647,0,0,0,0,0,83,83,0,0,1000,2147483647,2147483647)
Skill = (16,0,2147483647,0,0,0,0,0,0,0,0,0,1000,2147483647,2147483647)
Skill = (17,0,2147483647,0,0,0,0,0,0,0,0,0,50,2147483647,2147483647)
Skill = (18,0,2147483647,0,0,0,0,0,8,8,0,0,1000,2147483647,2147483647)
Skill = (19,0,2147483647,0,0,0,0,0,10,10,0,0,1000,2147483647,2147483647)
Skill = (20,0,2147483647,0,0,0,0,0,0,0,0,0,1000,2147483647,2147483647)
Skill = (21,0,2147483647,0,0,0,0,0,0,0,0,0,1000,2147483647,2147483647)
Skill = (22,100,100,0,0,0,0,0,120,120,0,0,0,0,0)
Skill = (23,0,2147483647,0,0,0,0,0,0,0,0,0,1000,2147483647,2147483647)
Skill = (24,0,2147483647,0,0,0,0,0,0,0,0,0,1000,2147483647,2147483647)

Spells      = {1,10,20,29}
QuestValues = {(17,1),(18,1),(20,1),(21,1),(22,1),(23,1),(32,1),(33,1),(34,1),(35,1),(59,1),(60,1),(61,1),(125,1),(126,1),(190,1),(191,1),(223,1)}
Murders     = {}
