ID              = 10021875
Name            = "Lord Fisto"
Race            = 1
Profession      = 1
OriginalOutfit  = 129-116-94-114-114
CurrentOutfit   = 129-116-94-114-114
LastLogin       = 1130726474
LastLogout      = 1130728802
StartPosition   = [32732,31634,7]
CurrentPosition = [32676,31666,7]
PlayerkillerEnd = 0

Skill = (0,11,0,1,0,0,0,0,0,0,1,13417,0,17600,100)
Skill = (1,0,0,0,0,0,0,0,0,0,0,0,3000,20,20)
Skill = (2,230,230,0,0,0,0,0,0,0,15,0,0,0,0)
Skill = (3,50,50,0,0,0,0,0,0,0,5,0,0,0,0)
Skill = (4,80,80,0,0,0,0,0,0,0,1,0,0,0,0)
Skill = (5,545,545,0,0,0,0,0,0,0,25,0,0,0,0)
Skill = (6,27,0,10,0,0,0,0,0,0,0,4146,1100,4559,100)
Skill = (7,14,0,10,0,0,0,0,0,0,0,298,1400,328,30)
Skill = (8,29,0,10,0,0,0,0,0,0,0,2579,1100,2863,50)
Skill = (9,12,0,10,0,0,0,0,0,0,0,138,1100,165,50)
Skill = (10,12,0,10,0,0,0,0,0,0,0,155,1100,165,50)
Skill = (11,11,0,10,0,0,0,0,0,0,0,74,1100,105,50)
Skill = (12,0,2147483647,0,0,0,0,0,0,0,0,0,1000,2147483647,2147483647)
Skill = (13,19,0,10,0,0,0,0,0,0,0,292,1100,318,20)
Skill = (14,0,1200,0,0,0,0,0,0,0,0,0,0,0,0)
Skill = (15,0,2147483647,0,0,0,0,0,0,0,0,0,1000,2147483647,2147483647)
Skill = (16,0,2147483647,0,0,0,0,0,0,0,0,0,1000,2147483647,2147483647)
Skill = (17,0,2147483647,0,0,0,0,0,3,3,0,0,50,2147483647,2147483647)
Skill = (18,0,2147483647,0,0,0,0,0,8,8,0,0,1000,2147483647,2147483647)
Skill = (19,0,2147483647,0,0,0,0,0,0,0,0,0,1000,2147483647,2147483647)
Skill = (20,0,2147483647,0,0,0,0,0,0,0,0,0,1000,2147483647,2147483647)
Skill = (21,0,2147483647,0,0,0,0,0,0,0,0,0,1000,2147483647,2147483647)
Skill = (22,100,100,0,0,0,1,0,115,120,0,0,0,0,0)
Skill = (23,0,2147483647,0,0,0,0,0,0,0,0,0,1000,2147483647,2147483647)
Skill = (24,0,2147483647,0,0,0,0,0,0,0,0,0,1000,2147483647,2147483647)

Spells      = {}
QuestValues = {(20,1),(22,1),(23,1),(32,1),(33,1),(34,1),(35,1),(125,1),(126,1),(223,1)}
Murders     = {}
