ID              = 10469375
Name            = "Bladewind"
Race            = 1
Profession      = 3
OriginalOutfit  = 134-0-114-113-0
CurrentOutfit   = 134-0-114-113-0
LastLogin       = 1131985738
LastLogout      = 1131985771
StartPosition   = [32360,31782,7]
CurrentPosition = [32339,31785,7]
PlayerkillerEnd = 0

Skill = (0,11,0,1,0,0,0,0,0,0,1,15310,0,17600,100)
Skill = (1,19,0,0,0,0,0,0,0,0,0,1033,1100,1145,20)
Skill = (2,200,200,0,0,0,0,0,0,0,5,0,0,0,0)
Skill = (3,38,125,0,0,0,0,0,0,0,30,0,0,0,0)
Skill = (4,80,80,0,0,0,0,0,10,10,1,0,0,0,0)
Skill = (5,500,500,0,0,0,0,0,0,0,10,0,0,0,0)
Skill = (6,16,0,10,0,0,0,0,0,0,0,2110,1500,3217,100)
Skill = (7,10,0,10,0,0,0,0,0,0,0,8,2000,30,30)
Skill = (8,12,0,10,0,0,0,0,0,0,0,239,2000,350,50)
Skill = (9,14,0,10,0,0,0,0,0,0,0,1407,2000,1550,50)
Skill = (10,13,0,10,0,0,0,0,0,0,0,721,2000,750,50)
Skill = (11,11,0,10,0,0,0,0,0,0,0,70,1500,125,50)
Skill = (12,0,2147483647,0,0,0,0,0,0,0,0,0,1000,2147483647,2147483647)
Skill = (13,26,0,10,0,0,0,0,0,0,0,747,1100,810,20)
Skill = (14,0,1200,0,0,0,0,0,0,0,0,0,0,0,0)
Skill = (15,0,2147483647,0,0,0,0,0,83,83,0,0,1000,2147483647,2147483647)
Skill = (16,0,2147483647,0,0,0,0,0,0,0,0,0,1000,2147483647,2147483647)
Skill = (17,0,2147483647,0,0,0,0,0,0,0,0,0,50,2147483647,2147483647)
Skill = (18,0,2147483647,0,0,0,0,0,0,0,0,0,1000,2147483647,2147483647)
Skill = (19,0,2147483647,0,0,0,0,0,0,0,0,0,1000,2147483647,2147483647)
Skill = (20,0,2147483647,0,0,0,0,0,0,0,0,0,1000,2147483647,2147483647)
Skill = (21,0,2147483647,0,0,0,0,0,0,0,0,0,1000,2147483647,2147483647)
Skill = (22,100,100,0,0,0,0,0,120,120,0,0,0,0,0)
Skill = (23,0,2147483647,0,0,0,0,0,0,0,0,0,1000,2147483647,2147483647)
Skill = (24,0,2147483647,0,0,0,0,0,0,0,0,0,1000,2147483647,2147483647)

Spells      = {1,2,6,8,10,20,23,39,44,76,81,87,88,89}
QuestValues = {(60,1),(61,1),(72,1),(73,1),(74,1),(75,1),(88,1),(89,1),(90,1),(91,1),(92,1),(93,1),(94,1),(95,1),(96,1),(97,1),(98,1),(99,1),(113,1),(114,1),(125,1),(126,1),(192,1),(206,1),(225,1)}
Murders     = {}
