ID              = 8030175
Name            = "Tangela"
Race            = 1
Profession      = 1
OriginalOutfit  = 137-114-120-0-94
CurrentOutfit   = 137-114-120-0-94
LastLogin       = 1123282562
LastLogout      = 1123282582
StartPosition   = [32360,31782,7]
CurrentPosition = [32360,31782,7]
PlayerkillerEnd = 0

Skill = (0,16,0,1,0,0,0,0,0,0,1,49185,0,57600,100)
Skill = (1,2,0,0,0,0,0,0,0,0,0,217,3000,260,20)
Skill = (2,305,305,0,0,0,0,0,0,0,15,0,0,0,0)
Skill = (3,0,75,0,0,0,0,0,0,0,5,0,0,0,0)
Skill = (4,85,85,0,0,0,0,0,0,0,1,0,0,0,0)
Skill = (5,670,670,0,0,0,0,0,0,0,25,0,0,0,0)
Skill = (6,32,0,10,0,0,0,0,0,0,0,7778,1100,7954,100)
Skill = (7,10,0,10,0,0,0,0,0,0,0,0,1400,30,30)
Skill = (8,11,0,10,0,0,0,0,0,0,0,91,1100,105,50)
Skill = (9,10,0,10,0,0,0,0,0,0,0,0,1100,50,50)
Skill = (10,36,0,10,0,0,0,0,0,0,0,5993,1100,6054,50)
Skill = (11,10,0,10,0,0,0,0,0,0,0,0,1100,50,50)
Skill = (12,0,2147483647,0,0,0,0,0,0,0,0,0,1000,2147483647,2147483647)
Skill = (13,29,0,10,0,0,0,0,0,0,0,1029,1100,1145,20)
Skill = (14,0,1200,0,0,0,0,0,0,0,0,0,0,0,0)
Skill = (15,0,2147483647,0,0,0,0,0,0,0,0,0,1000,2147483647,2147483647)
Skill = (16,0,2147483647,0,0,0,0,0,0,0,0,0,1000,2147483647,2147483647)
Skill = (17,0,2147483647,0,0,0,0,0,0,0,0,0,50,2147483647,2147483647)
Skill = (18,0,2147483647,0,0,0,0,0,0,0,0,0,1000,2147483647,2147483647)
Skill = (19,0,2147483647,0,0,0,0,0,0,0,0,0,1000,2147483647,2147483647)
Skill = (20,0,2147483647,0,0,0,0,0,0,0,0,0,1000,2147483647,2147483647)
Skill = (21,0,2147483647,0,0,0,0,0,0,0,0,0,1000,2147483647,2147483647)
Skill = (22,200,200,0,0,0,0,0,0,0,0,0,0,0,0)
Skill = (23,0,2147483647,0,0,0,0,0,0,0,0,0,1000,2147483647,2147483647)
Skill = (24,0,2147483647,0,0,0,0,0,0,0,0,0,1000,2147483647,2147483647)

Spells      = {1,10,20,29}
QuestValues = {(18,1),(19,1),(20,1),(21,1),(22,1),(23,1),(27,1),(32,1),(33,1),(34,1),(35,1),(59,1),(224,1)}
Murders     = {}
