ID              = 8050975
Name            = "Nepho"
Race            = 1
Profession      = 1
OriginalOutfit  = 134-132-114-114-114
CurrentOutfit   = 134-132-114-114-114
LastLogin       = 1116877650
LastLogout      = 1116877657
StartPosition   = [33213,32454,1]
CurrentPosition = [33213,32454,1]
PlayerkillerEnd = 0

Skill = (0,19,0,1,0,0,0,0,0,0,1,92940,0,98800,100)
Skill = (1,4,0,0,0,0,0,0,0,0,0,824,3000,2420,20)
Skill = (2,350,350,0,0,0,0,0,0,0,15,0,0,0,0)
Skill = (3,82,90,0,0,0,0,0,0,0,5,0,0,0,0)
Skill = (4,88,88,0,0,0,0,0,0,0,1,0,0,0,0)
Skill = (5,745,745,0,0,0,0,0,0,0,25,0,0,0,0)
Skill = (6,56,0,10,0,0,0,0,0,0,0,84421,1100,87197,100)
Skill = (7,10,0,10,0,0,0,0,0,0,0,0,1400,30,30)
Skill = (8,57,0,10,0,0,0,0,0,0,0,43628,1100,48008,50)
Skill = (9,10,0,10,0,0,0,0,0,0,0,0,1100,50,50)
Skill = (10,10,0,10,0,0,0,0,0,0,0,0,1100,50,50)
Skill = (11,10,0,10,0,0,0,0,0,0,0,1,1100,50,50)
Skill = (12,0,2147483647,0,0,0,0,0,0,0,0,0,1000,2147483647,2147483647)
Skill = (13,41,0,10,0,0,0,0,0,0,0,3965,1100,4022,20)
Skill = (14,0,1200,0,0,0,152,0,0,0,0,0,0,0,0)
Skill = (15,0,2147483647,0,0,0,0,0,0,0,0,0,1000,2147483647,2147483647)
Skill = (16,0,2147483647,0,0,0,0,0,0,0,0,0,1000,2147483647,2147483647)
Skill = (17,0,2147483647,0,0,0,0,0,3,3,0,0,50,2147483647,2147483647)
Skill = (18,0,2147483647,0,0,0,0,0,8,8,0,0,1000,2147483647,2147483647)
Skill = (19,0,2147483647,0,0,0,0,0,0,0,0,0,1000,2147483647,2147483647)
Skill = (20,0,2147483647,0,0,0,0,0,0,0,0,0,1000,2147483647,2147483647)
Skill = (21,0,2147483647,0,0,0,0,0,0,0,0,0,1000,2147483647,2147483647)
Skill = (22,200,200,0,0,0,0,0,0,0,0,0,0,0,0)
Skill = (23,0,2147483647,0,0,0,0,0,0,0,0,0,1000,2147483647,2147483647)
Skill = (24,0,2147483647,0,0,0,0,0,0,0,0,0,1000,2147483647,2147483647)

Spells      = {1,20}
QuestValues = {(20,1),(21,1),(22,1),(23,1),(27,1),(32,1),(33,1),(34,1),(59,1),(84,1),(85,1),(86,1),(87,1),(96,1),(97,1),(98,1)}
Murders     = {}
