ID              = 8066775
Name            = "Roon Zorn"
Race            = 1
Profession      = 2
OriginalOutfit  = 137-82-88-94-84
CurrentOutfit   = 137-82-88-94-84
LastLogin       = 1121633723
LastLogout      = 1121633735
StartPosition   = [32360,31782,7]
CurrentPosition = [32360,31782,7]
PlayerkillerEnd = 0

Skill = (0,10,0,1,0,0,0,0,0,0,1,12361,0,13000,100)
Skill = (1,4,0,0,0,0,0,0,0,0,0,144,1400,218,20)
Skill = (2,205,205,0,0,0,0,0,0,0,10,0,0,0,0)
Skill = (3,65,65,0,0,0,0,0,0,0,15,0,0,0,0)
Skill = (4,79,79,0,0,0,0,0,0,0,1,0,0,0,0)
Skill = (5,510,510,0,0,0,0,0,0,0,20,0,0,0,0)
Skill = (6,26,0,10,0,0,0,0,0,0,0,3639,1100,4054,100)
Skill = (7,36,0,10,0,0,0,0,0,0,0,3305,1100,3632,30)
Skill = (8,10,0,10,0,0,0,0,0,0,0,7,1200,50,50)
Skill = (9,12,0,10,0,0,0,0,0,0,0,135,1200,181,50)
Skill = (10,10,0,10,0,0,0,0,0,0,0,0,1200,50,50)
Skill = (11,11,0,10,0,0,0,0,0,0,0,83,1200,109,50)
Skill = (12,0,2147483647,0,0,0,0,0,0,0,0,0,1000,2147483647,2147483647)
Skill = (13,10,0,10,0,0,0,0,0,0,0,0,1100,20,20)
Skill = (14,0,1200,0,0,0,0,0,0,0,0,0,0,0,0)
Skill = (15,0,2147483647,0,0,0,0,0,0,0,0,0,1000,2147483647,2147483647)
Skill = (16,0,2147483647,0,0,0,0,0,0,0,0,0,1000,2147483647,2147483647)
Skill = (17,0,2147483647,0,0,0,0,0,0,0,0,0,50,2147483647,2147483647)
Skill = (18,0,2147483647,0,0,0,0,0,0,0,0,0,1000,2147483647,2147483647)
Skill = (19,0,2147483647,0,0,0,0,0,0,0,0,0,1000,2147483647,2147483647)
Skill = (20,0,2147483647,0,0,0,0,0,0,0,0,0,1000,2147483647,2147483647)
Skill = (21,0,2147483647,0,0,0,0,0,0,0,0,0,1000,2147483647,2147483647)
Skill = (22,200,200,0,0,0,0,0,0,0,0,0,0,0,0)
Skill = (23,0,2147483647,0,0,0,0,0,0,0,0,0,1000,2147483647,2147483647)
Skill = (24,0,2147483647,0,0,0,0,0,0,0,0,0,1000,2147483647,2147483647)

Spells      = {2,10,51}
QuestValues = {(20,1),(21,1),(22,1),(23,1),(61,1)}
Murders     = {}
