ID              = 8097475
Name            = "Konio mumin"
Race            = 1
Profession      = 3
OriginalOutfit  = 128-3-121-58-101
CurrentOutfit   = 128-3-121-58-101
LastLogin       = 1132086563
LastLogout      = 1132086569
StartPosition   = [32957,32076,7]
CurrentPosition = [32930,32075,7]
PlayerkillerEnd = 0

Skill = (0,16,0,1,0,0,0,0,0,0,1,53051,0,57600,100)
Skill = (1,18,0,0,0,0,0,0,0,0,0,912,1100,1023,20)
Skill = (2,225,225,0,0,0,0,0,0,0,5,0,0,0,0)
Skill = (3,195,275,0,0,0,0,0,0,0,30,0,0,0,0)
Skill = (4,85,85,0,0,0,0,0,0,0,1,0,0,0,0)
Skill = (5,550,550,0,0,0,0,0,0,0,10,0,0,0,0)
Skill = (6,20,0,10,0,0,0,0,0,0,0,15908,1500,17099,100)
Skill = (7,11,0,10,0,0,0,0,0,0,0,49,2000,90,30)
Skill = (8,17,0,10,0,0,0,0,0,0,0,11898,2000,12750,50)
Skill = (9,10,0,10,0,0,0,0,0,0,0,9,2000,50,50)
Skill = (10,10,0,10,0,0,0,0,0,0,0,0,2000,50,50)
Skill = (11,11,0,10,0,0,0,0,0,0,0,65,1500,125,50)
Skill = (12,0,2147483647,0,0,0,0,0,0,0,0,0,1000,2147483647,2147483647)
Skill = (13,10,0,10,0,0,0,0,0,0,0,0,1100,20,20)
Skill = (14,0,1200,0,0,0,0,0,0,0,0,0,0,0,0)
Skill = (15,0,2147483647,0,0,0,0,0,0,0,0,0,1000,2147483647,2147483647)
Skill = (16,0,2147483647,0,0,0,0,0,0,0,0,0,1000,2147483647,2147483647)
Skill = (17,0,2147483647,0,0,0,0,0,0,0,0,0,50,2147483647,2147483647)
Skill = (18,0,2147483647,0,0,0,0,0,8,8,0,0,1000,2147483647,2147483647)
Skill = (19,0,2147483647,0,0,0,0,0,0,0,0,0,1000,2147483647,2147483647)
Skill = (20,0,2147483647,0,0,0,0,0,0,0,0,0,1000,2147483647,2147483647)
Skill = (21,0,2147483647,0,0,0,0,0,0,0,0,0,1000,2147483647,2147483647)
Skill = (22,95,100,0,0,0,0,0,0,0,0,0,0,0,0)
Skill = (23,0,2147483647,0,0,0,0,0,0,0,0,0,1000,2147483647,2147483647)
Skill = (24,0,2147483647,0,0,0,0,0,0,0,0,0,1000,2147483647,2147483647)

Spells      = {1,2,3,8,10,17,25,29}
QuestValues = {(18,1),(20,1),(22,1),(23,1),(33,1),(58,1),(93,1),(94,1),(95,1),(115,1),(223,1),(226,1)}
Murders     = {}
