ID              = 8186075
Name            = "Kaylo Fury"
Race            = 1
Profession      = 1
OriginalOutfit  = 133-114-94-114-94
CurrentOutfit   = 133-114-94-114-94
LastLogin       = 1128017747
LastLogout      = 1128017752
StartPosition   = [32360,31782,7]
CurrentPosition = [32336,31779,7]
PlayerkillerEnd = 0

Skill = (0,12,0,1,0,0,0,0,0,0,1,18429,0,23200,100)
Skill = (1,3,0,0,0,0,0,0,0,0,0,325,3000,800,20)
Skill = (2,245,245,0,0,0,0,0,0,0,15,0,0,0,0)
Skill = (3,29,55,0,0,0,0,0,0,0,5,0,0,0,0)
Skill = (4,81,81,0,0,0,0,0,0,0,1,0,0,0,0)
Skill = (5,570,570,0,0,0,0,0,0,0,25,0,0,0,0)
Skill = (6,50,0,10,0,0,0,0,0,0,0,45112,1100,48785,100)
Skill = (7,10,0,10,0,0,0,0,0,0,0,0,1400,30,30)
Skill = (8,51,0,10,0,0,0,0,0,0,0,25300,1100,26881,50)
Skill = (9,14,0,10,0,0,0,0,0,0,0,270,1100,305,50)
Skill = (10,10,0,10,0,0,0,0,0,0,0,0,1100,50,50)
Skill = (11,10,0,10,0,0,0,0,0,0,0,0,1100,50,50)
Skill = (12,0,2147483647,0,0,0,0,0,0,0,0,0,1000,2147483647,2147483647)
Skill = (13,26,0,10,0,0,0,0,0,0,0,758,1100,810,20)
Skill = (14,0,1200,0,0,0,588,0,0,0,0,0,0,0,0)
Skill = (15,0,2147483647,0,0,0,0,0,83,83,0,0,1000,2147483647,2147483647)
Skill = (16,0,2147483647,0,0,0,0,0,0,0,0,0,1000,2147483647,2147483647)
Skill = (17,0,2147483647,0,0,0,0,0,0,0,0,0,50,2147483647,2147483647)
Skill = (18,0,2147483647,0,0,0,0,0,0,0,0,0,1000,2147483647,2147483647)
Skill = (19,0,2147483647,0,0,0,0,0,0,0,0,0,1000,2147483647,2147483647)
Skill = (20,0,2147483647,0,0,0,0,0,0,0,0,0,1000,2147483647,2147483647)
Skill = (21,0,2147483647,0,0,0,0,0,0,0,0,0,1000,2147483647,2147483647)
Skill = (22,100,100,0,0,0,0,0,0,0,0,0,0,0,0)
Skill = (23,0,2147483647,0,0,0,0,0,0,0,0,0,1000,2147483647,2147483647)
Skill = (24,0,2147483647,0,0,0,0,0,0,0,0,0,1000,2147483647,2147483647)

Spells      = {1,10}
QuestValues = {}
Murders     = {}
