ID              = 8490175
Name            = "Loladien Isis"
Race            = 1
Profession      = 2
OriginalOutfit  = 129-114-126-132-114
CurrentOutfit   = 129-114-126-132-114
LastLogin       = 1117841180
LastLogout      = 1117841273
StartPosition   = [32957,32076,7]
CurrentPosition = [32957,32076,7]
PlayerkillerEnd = 0

Skill = (0,11,0,1,0,0,0,0,0,0,1,15561,0,17600,100)
Skill = (1,6,0,0,0,0,0,0,0,0,0,333,1400,477,20)
Skill = (2,215,215,0,0,0,0,0,0,0,10,0,0,0,0)
Skill = (3,80,80,0,0,0,0,0,0,0,15,0,0,0,0)
Skill = (4,80,80,0,0,0,0,0,0,0,1,0,0,0,0)
Skill = (5,530,530,0,0,0,0,0,0,0,20,0,0,0,0)
Skill = (6,33,0,10,0,0,0,0,0,0,0,8429,1100,8849,100)
Skill = (7,40,0,10,0,0,0,0,0,0,0,5223,1100,5458,30)
Skill = (8,14,0,10,0,0,0,0,0,0,0,328,1200,372,50)
Skill = (9,14,0,10,0,0,0,0,0,0,0,325,1200,372,50)
Skill = (10,11,0,10,0,0,0,0,0,0,0,100,1200,109,50)
Skill = (11,15,0,10,0,0,0,0,0,0,0,381,1200,496,50)
Skill = (12,0,2147483647,0,0,0,0,0,0,0,0,0,1000,2147483647,2147483647)
Skill = (13,32,0,10,0,0,0,0,0,0,0,1519,1100,1590,20)
Skill = (14,0,1200,0,0,0,0,0,0,0,0,0,0,0,0)
Skill = (15,0,2147483647,0,0,0,0,0,0,0,0,0,1000,2147483647,2147483647)
Skill = (16,0,2147483647,0,0,0,0,0,0,0,0,0,1000,2147483647,2147483647)
Skill = (17,0,2147483647,0,0,0,0,0,0,0,0,0,50,2147483647,2147483647)
Skill = (18,0,2147483647,0,0,0,0,0,0,0,0,0,1000,2147483647,2147483647)
Skill = (19,0,2147483647,0,0,0,0,0,0,0,0,0,1000,2147483647,2147483647)
Skill = (20,0,2147483647,0,0,0,0,0,0,0,0,0,1000,2147483647,2147483647)
Skill = (21,0,2147483647,0,0,0,0,0,0,0,0,0,1000,2147483647,2147483647)
Skill = (22,200,200,0,0,0,0,0,0,0,0,0,0,0,0)
Skill = (23,0,2147483647,0,0,0,0,0,0,0,0,0,1000,2147483647,2147483647)
Skill = (24,0,2147483647,0,0,0,0,0,0,0,0,0,1000,2147483647,2147483647)

Spells      = {1,10,51}
QuestValues = {(18,1),(20,1),(35,1),(49,1),(59,1),(96,1),(97,1),(208,1),(223,1)}
Murders     = {}
