ID              = 9300275
Name            = "Druid Ned"
Race            = 1
Profession      = 4
OriginalOutfit  = 128-78-69-58-76
CurrentOutfit   = 128-78-69-58-76
LastLogin       = 1131294773
LastLogout      = 1131296678
StartPosition   = [32369,32241,7]
CurrentPosition = [32423,32208,6]
PlayerkillerEnd = 0

Skill = (0,10,0,1,0,0,0,0,0,0,1,9450,0,13000,100)
Skill = (1,11,0,0,0,0,0,0,0,0,0,387,1100,427,20)
Skill = (2,195,195,0,0,0,0,0,0,0,5,0,0,0,0)
Skill = (3,39,95,0,0,0,0,0,0,0,30,0,0,0,0)
Skill = (4,79,79,0,0,0,0,0,0,0,1,0,0,0,0)
Skill = (5,490,490,0,0,0,0,0,0,0,10,0,0,0,0)
Skill = (6,15,0,10,0,0,0,0,0,0,0,1809,1500,2078,100)
Skill = (7,10,0,10,0,0,0,0,0,0,0,0,1800,30,30)
Skill = (8,10,0,10,0,0,0,0,0,0,0,0,1800,50,50)
Skill = (9,15,0,10,0,0,0,0,0,0,0,1780,1800,2063,50)
Skill = (10,10,0,10,0,0,0,0,0,0,0,0,1800,50,50)
Skill = (11,13,0,10,0,0,0,0,0,0,0,284,1500,406,50)
Skill = (12,0,2147483647,0,0,0,0,0,0,0,0,0,1000,2147483647,2147483647)
Skill = (13,35,0,10,0,0,0,0,0,0,0,2134,1100,2183,20)
Skill = (14,0,1200,0,0,0,234,0,0,0,0,0,0,0,0)
Skill = (15,0,2147483647,0,0,0,0,0,83,83,0,0,1000,2147483647,2147483647)
Skill = (16,0,2147483647,0,0,0,0,0,0,0,0,0,1000,2147483647,2147483647)
Skill = (17,0,2147483647,0,0,0,0,0,3,3,0,0,50,2147483647,2147483647)
Skill = (18,0,2147483647,0,0,0,0,0,0,0,0,0,1000,2147483647,2147483647)
Skill = (19,0,2147483647,0,0,0,0,0,0,0,0,0,1000,2147483647,2147483647)
Skill = (20,0,2147483647,0,0,0,0,0,0,0,0,0,1000,2147483647,2147483647)
Skill = (21,0,2147483647,0,0,0,0,0,0,0,0,0,1000,2147483647,2147483647)
Skill = (22,94,100,0,0,0,0,0,120,120,0,0,0,0,0)
Skill = (23,0,2147483647,0,0,0,0,0,0,0,0,0,1000,2147483647,2147483647)
Skill = (24,0,2147483647,0,0,0,0,0,0,0,0,0,1000,2147483647,2147483647)

Spells      = {4,8,10}
QuestValues = {(20,1),(32,1),(33,1),(34,1),(60,1),(109,1)}
Murders     = {}
