ID              = 9815375
Name            = "Diogo Montanhaa"
Race            = 1
Profession      = 4
OriginalOutfit  = 129-76-0-94-115
CurrentOutfit   = 129-76-0-94-115
LastLogin       = 1130583225
LastLogout      = 1130583328
StartPosition   = [32360,31782,7]
CurrentPosition = [32338,31778,7]
PlayerkillerEnd = 0

Skill = (0,14,0,1,0,0,0,0,0,0,1,36469,0,37800,100)
Skill = (1,16,0,0,0,0,0,0,0,0,0,728,1100,810,20)
Skill = (2,215,215,0,0,0,0,0,0,0,5,0,0,0,0)
Skill = (3,215,215,0,0,0,0,0,0,0,30,0,0,0,0)
Skill = (4,83,83,0,0,0,0,0,0,0,1,0,0,0,0)
Skill = (5,530,530,0,0,0,0,0,0,0,10,0,0,0,0)
Skill = (6,20,0,10,0,0,0,0,0,0,0,14586,1500,17099,100)
Skill = (7,10,0,10,0,0,0,0,0,0,0,16,1800,30,30)
Skill = (8,10,0,10,0,0,0,0,0,0,0,5,1800,50,50)
Skill = (9,18,0,10,0,0,0,0,0,0,0,11988,1800,12334,50)
Skill = (10,11,0,10,0,0,0,0,0,0,0,51,1800,140,50)
Skill = (11,11,0,10,0,0,0,0,0,0,0,99,1500,125,50)
Skill = (12,0,2147483647,0,0,0,0,0,0,0,0,0,1000,2147483647,2147483647)
Skill = (13,15,0,10,0,0,0,0,0,0,0,132,1100,154,20)
Skill = (14,0,1200,0,0,0,0,0,0,0,0,0,0,0,0)
Skill = (15,0,2147483647,0,0,0,0,0,0,0,0,0,1000,2147483647,2147483647)
Skill = (16,0,2147483647,0,0,0,0,0,0,0,0,0,1000,2147483647,2147483647)
Skill = (17,0,2147483647,0,0,0,0,0,0,0,0,0,50,2147483647,2147483647)
Skill = (18,0,2147483647,0,0,0,0,0,0,0,0,0,1000,2147483647,2147483647)
Skill = (19,0,2147483647,0,0,0,0,0,0,0,0,0,1000,2147483647,2147483647)
Skill = (20,0,2147483647,0,0,0,0,0,0,0,0,0,1000,2147483647,2147483647)
Skill = (21,0,2147483647,0,0,0,0,0,0,0,0,0,1000,2147483647,2147483647)
Skill = (22,100,100,0,0,0,0,0,0,0,0,0,0,0,0)
Skill = (23,0,2147483647,0,0,0,0,0,0,0,0,0,1000,2147483647,2147483647)
Skill = (24,0,2147483647,0,0,0,0,0,0,0,0,0,1000,2147483647,2147483647)

Spells      = {2,4,7,8,10,12,25,26,27,30,38,42}
QuestValues = {(18,1),(60,1),(61,1),(125,1),(126,1)}
Murders     = {}
