ID              = 10042512
Name            = "Mateusz Piekuta Tiger"
Race            = 1
Profession      = 4
OriginalOutfit  = 129-0-94-0-94
CurrentOutfit   = 129-0-94-0-94
LastLogin       = 1131197783
LastLogout      = 1131198655
StartPosition   = [32360,31782,7]
CurrentPosition = [32337,31785,7]
PlayerkillerEnd = 0

Skill = (0,12,0,1,0,0,0,0,0,0,1,17717,0,23200,100)
Skill = (1,11,0,0,0,0,0,0,0,0,0,423,1100,427,20)
Skill = (2,205,205,0,0,0,0,0,0,0,5,0,0,0,0)
Skill = (3,55,155,0,0,0,0,0,0,0,30,0,0,0,0)
Skill = (4,81,81,0,0,0,0,0,0,0,1,0,0,0,0)
Skill = (5,510,510,0,0,0,0,0,0,0,10,0,0,0,0)
Skill = (6,19,0,10,0,0,0,0,0,0,0,8062,1500,11333,100)
Skill = (7,12,0,10,0,0,0,0,0,0,0,137,1800,181,30)
Skill = (8,14,0,10,0,0,0,0,0,0,0,972,1800,1118,50)
Skill = (9,17,0,10,0,0,0,0,0,0,0,5238,1800,6824,50)
Skill = (10,10,0,10,0,0,0,0,0,0,0,45,1800,50,50)
Skill = (11,11,0,10,0,0,0,0,0,0,0,60,1500,125,50)
Skill = (12,0,2147483647,0,0,0,0,0,0,0,0,0,1000,2147483647,2147483647)
Skill = (13,28,0,10,0,0,0,0,0,0,0,964,1100,1023,20)
Skill = (14,0,1200,0,0,0,0,0,0,0,0,0,0,0,0)
Skill = (15,0,2147483647,0,0,0,0,0,0,0,0,0,1000,2147483647,2147483647)
Skill = (16,0,2147483647,0,0,0,0,0,0,0,0,0,1000,2147483647,2147483647)
Skill = (17,0,2147483647,0,0,0,0,0,0,0,0,0,50,2147483647,2147483647)
Skill = (18,0,2147483647,0,0,0,0,0,0,0,0,0,1000,2147483647,2147483647)
Skill = (19,0,2147483647,0,0,0,0,0,0,0,0,0,1000,2147483647,2147483647)
Skill = (20,0,2147483647,0,0,0,0,0,0,0,0,0,1000,2147483647,2147483647)
Skill = (21,0,2147483647,0,0,0,0,0,0,0,0,0,1000,2147483647,2147483647)
Skill = (22,66,100,0,0,0,0,0,120,120,0,0,0,0,0)
Skill = (23,0,2147483647,0,0,0,0,0,0,0,0,0,1000,2147483647,2147483647)
Skill = (24,0,2147483647,0,0,0,0,0,0,0,0,0,1000,2147483647,2147483647)

Spells      = {1,5,7,8,10,25,26,42}
QuestValues = {(20,1),(21,1),(22,1),(23,1),(59,1),(223,1)}
Murders     = {1130764946}
