ID              = 10651212
Name            = "Daniel Piekuta Paladyn"
Race            = 1
Profession      = 2
OriginalOutfit  = 129-0-94-0-94
CurrentOutfit   = 129-0-94-0-94
LastLogin       = 1131974900
LastLogout      = 1131975084
StartPosition   = [32360,31782,7]
CurrentPosition = [32336,31778,7]
PlayerkillerEnd = 1133013117

Skill = (0,11,0,1,0,0,0,0,0,0,1,13587,0,17600,100)
Skill = (1,5,0,0,0,0,0,0,0,0,0,265,1400,326,20)
Skill = (2,191,215,0,0,0,0,0,0,0,10,0,0,0,0)
Skill = (3,0,80,0,0,0,0,0,0,0,15,0,0,0,0)
Skill = (4,80,80,0,0,0,0,0,0,0,1,0,0,0,0)
Skill = (5,530,530,0,0,0,0,0,0,0,20,0,0,0,0)
Skill = (6,17,0,10,0,0,0,0,0,0,0,1024,1100,1143,100)
Skill = (7,34,0,10,0,0,0,0,0,0,0,2664,1100,2950,30)
Skill = (8,20,0,10,0,0,0,0,0,0,0,1357,1200,1607,50)
Skill = (9,10,0,10,0,0,0,0,0,0,0,0,1200,50,50)
Skill = (10,10,0,10,0,0,0,0,0,0,0,0,1200,50,50)
Skill = (11,14,0,10,0,0,0,0,0,0,0,338,1200,372,50)
Skill = (12,0,2147483647,0,0,0,0,0,0,0,0,0,1000,2147483647,2147483647)
Skill = (13,20,0,10,0,0,0,0,0,0,0,360,1100,370,20)
Skill = (14,0,1200,0,0,0,0,0,0,0,0,0,0,0,0)
Skill = (15,0,2147483647,0,0,0,0,0,0,0,0,0,1000,2147483647,2147483647)
Skill = (16,0,2147483647,0,0,0,0,0,0,0,0,0,1000,2147483647,2147483647)
Skill = (17,0,2147483647,0,0,0,0,0,0,0,0,0,50,2147483647,2147483647)
Skill = (18,0,2147483647,0,0,0,0,0,8,8,0,0,1000,2147483647,2147483647)
Skill = (19,0,2147483647,0,0,0,0,0,0,0,0,0,1000,2147483647,2147483647)
Skill = (20,0,2147483647,0,0,0,0,0,0,0,0,0,1000,2147483647,2147483647)
Skill = (21,0,2147483647,0,0,0,0,0,0,0,0,0,1000,2147483647,2147483647)
Skill = (22,98,100,0,0,0,0,0,0,0,0,0,0,0,0)
Skill = (23,0,2147483647,0,0,0,0,0,0,0,0,0,1000,2147483647,2147483647)
Skill = (24,0,2147483647,0,0,0,0,0,0,0,0,0,1000,2147483647,2147483647)

Spells      = {1,7,8,10,15,20,29,42,51}
QuestValues = {(19,1),(20,1),(21,1),(22,1),(23,1),(32,1),(59,1),(223,1)}
Murders     = {1129903576,1129904712,1130069077,1130073292,1130421117}
