ID              = 8198712
Name            = "Terkux"
Race            = 1
Profession      = 4
OriginalOutfit  = 130-0-0-0-0
CurrentOutfit   = 130-0-0-0-0
LastLogin       = 1132117140
LastLogout      = 1132117151
StartPosition   = [32360,31782,7]
CurrentPosition = [32329,31780,6]
PlayerkillerEnd = 0

Skill = (0,11,0,1,0,0,0,0,0,0,1,16184,0,17600,100)
Skill = (1,42,0,0,0,0,0,0,0,0,0,11101,1100,11848,20)
Skill = (2,200,200,0,0,0,0,0,0,0,5,0,0,0,0)
Skill = (3,21,125,0,0,0,0,0,0,0,30,0,0,0,0)
Skill = (4,80,80,0,0,0,0,0,0,0,1,0,0,0,0)
Skill = (5,500,500,0,0,0,0,0,0,0,10,0,0,0,0)
Skill = (6,21,0,10,0,0,0,0,0,0,0,20240,1500,25749,100)
Skill = (7,10,0,10,0,0,0,0,0,0,0,0,1800,30,30)
Skill = (8,10,0,10,0,0,0,0,0,0,0,23,1800,50,50)
Skill = (9,17,0,10,0,0,0,0,0,0,0,4565,1800,6824,50)
Skill = (10,10,0,10,0,0,0,0,0,0,0,0,1800,50,50)
Skill = (11,12,0,10,0,0,0,0,0,0,0,221,1500,237,50)
Skill = (12,0,2147483647,0,0,0,0,0,0,0,0,0,1000,2147483647,2147483647)
Skill = (13,58,0,10,0,0,0,0,0,0,0,20657,1100,21143,20)
Skill = (14,0,1200,0,0,0,958,0,0,0,0,0,0,0,0)
Skill = (15,0,2147483647,0,0,0,0,0,0,0,0,0,1000,2147483647,2147483647)
Skill = (16,0,2147483647,0,0,0,0,0,0,0,0,0,1000,2147483647,2147483647)
Skill = (17,0,2147483647,0,0,0,0,0,0,0,0,0,50,2147483647,2147483647)
Skill = (18,0,2147483647,0,0,0,0,0,0,0,0,0,1000,2147483647,2147483647)
Skill = (19,0,2147483647,0,0,0,0,0,0,0,0,0,1000,2147483647,2147483647)
Skill = (20,0,2147483647,0,0,0,0,0,0,0,0,0,1000,2147483647,2147483647)
Skill = (21,0,2147483647,0,0,0,0,0,0,0,0,0,1000,2147483647,2147483647)
Skill = (22,79,100,0,0,0,0,0,0,0,0,0,0,0,0)
Skill = (23,0,2147483647,0,0,0,0,0,0,0,0,0,1000,2147483647,2147483647)
Skill = (24,0,2147483647,0,0,0,0,0,0,0,0,0,1000,2147483647,2147483647)

Spells      = {1,4,5,8,42}
QuestValues = {(21,1),(22,1),(23,1),(59,1),(61,1)}
Murders     = {}
