ID              = 8331212
Name            = "Tool'De'Zoe"
Race            = 1
Profession      = 2
OriginalOutfit  = 134-0-114-124-114
CurrentOutfit   = 134-0-114-124-114
LastLogin       = 1131813913
LastLogout      = 1131813962
StartPosition   = [32369,32241,7]
CurrentPosition = [32959,32093,7]
PlayerkillerEnd = 0

Skill = (0,13,0,1,0,0,0,0,0,0,1,28170,0,29900,100)
Skill = (1,4,0,0,0,0,0,0,0,0,0,174,1400,218,20)
Skill = (2,235,235,0,0,0,0,0,0,0,10,0,0,0,0)
Skill = (3,34,110,0,0,0,0,0,0,0,15,0,0,0,0)
Skill = (4,82,82,0,0,0,0,0,0,0,1,0,0,0,0)
Skill = (5,570,570,0,0,0,0,0,0,0,20,0,0,0,0)
Skill = (6,34,0,10,0,0,0,0,0,0,0,9018,1100,9834,100)
Skill = (7,45,0,10,0,0,0,0,0,0,0,8407,1100,8973,30)
Skill = (8,13,0,10,0,0,0,0,0,0,0,231,1200,268,50)
Skill = (9,10,0,10,0,0,0,0,0,0,0,0,1200,50,50)
Skill = (10,10,0,10,0,0,0,0,0,0,0,0,1200,50,50)
Skill = (11,13,0,10,0,0,0,0,0,0,0,255,1200,268,50)
Skill = (12,0,2147483647,0,0,0,0,0,0,0,0,0,1000,2147483647,2147483647)
Skill = (13,16,0,10,0,0,0,0,0,0,0,177,1100,189,20)
Skill = (14,0,1200,0,0,0,0,0,0,0,0,0,0,0,0)
Skill = (15,0,2147483647,0,0,0,0,0,83,83,0,0,1000,2147483647,2147483647)
Skill = (16,0,2147483647,0,0,0,0,0,0,0,0,0,1000,2147483647,2147483647)
Skill = (17,0,2147483647,0,0,0,0,0,0,0,0,0,50,2147483647,2147483647)
Skill = (18,0,2147483647,0,0,0,0,0,0,0,0,0,1000,2147483647,2147483647)
Skill = (19,0,2147483647,0,0,0,0,0,0,0,0,0,1000,2147483647,2147483647)
Skill = (20,0,2147483647,0,0,0,0,0,0,0,0,0,1000,2147483647,2147483647)
Skill = (21,0,2147483647,0,0,0,0,0,0,0,0,0,1000,2147483647,2147483647)
Skill = (22,100,100,0,0,0,0,0,0,0,0,0,0,0,0)
Skill = (23,0,2147483647,0,0,0,0,0,0,0,0,0,1000,2147483647,2147483647)
Skill = (24,0,2147483647,0,0,0,0,0,0,0,0,0,1000,2147483647,2147483647)

Spells      = {1,2,7,10,20,42,51}
QuestValues = {(224,1)}
Murders     = {}
