ID              = 9927412
Name            = "Yoga Tewoon"
Race            = 1
Profession      = 1
OriginalOutfit  = 129-95-79-114-79
CurrentOutfit   = 129-95-79-114-79
LastLogin       = 1128322798
LastLogout      = 1128322832
StartPosition   = [32957,32076,7]
CurrentPosition = [32332,31778,7]
PlayerkillerEnd = 0

Skill = (0,11,0,1,0,0,0,0,0,0,1,16963,0,17600,100)
Skill = (1,2,0,0,0,0,0,0,0,0,0,110,3000,260,20)
Skill = (2,220,230,0,0,0,0,0,0,0,15,0,0,0,0)
Skill = (3,50,50,0,0,0,0,0,0,0,5,0,0,0,0)
Skill = (4,80,80,0,0,0,0,0,0,0,1,0,0,0,0)
Skill = (5,545,545,0,0,0,0,0,0,0,25,0,0,0,0)
Skill = (6,27,0,10,0,0,0,0,0,0,0,4241,1100,4559,100)
Skill = (7,10,0,10,0,0,0,0,0,0,0,9,1400,30,30)
Skill = (8,11,0,10,0,0,0,0,0,0,0,81,1100,105,50)
Skill = (9,11,0,10,0,0,0,0,0,0,0,76,1100,105,50)
Skill = (10,31,0,10,0,0,0,0,0,0,0,3561,1100,3570,50)
Skill = (11,11,0,10,0,0,0,0,0,0,0,72,1100,105,50)
Skill = (12,0,2147483647,0,0,0,0,0,0,0,0,0,1000,2147483647,2147483647)
Skill = (13,29,0,10,0,0,0,0,0,0,0,1141,1100,1145,20)
Skill = (14,0,1200,0,0,0,0,0,0,0,0,0,0,0,0)
Skill = (15,0,2147483647,0,0,0,0,0,0,0,0,0,1000,2147483647,2147483647)
Skill = (16,0,2147483647,0,0,0,0,0,0,0,0,0,1000,2147483647,2147483647)
Skill = (17,0,2147483647,0,0,0,0,0,0,0,0,0,50,2147483647,2147483647)
Skill = (18,0,2147483647,0,0,0,0,0,0,0,0,0,1000,2147483647,2147483647)
Skill = (19,0,2147483647,0,0,0,0,0,0,0,0,0,1000,2147483647,2147483647)
Skill = (20,0,2147483647,0,0,0,0,0,0,0,0,0,1000,2147483647,2147483647)
Skill = (21,0,2147483647,0,0,0,0,0,0,0,0,0,1000,2147483647,2147483647)
Skill = (22,100,100,0,0,0,0,0,120,120,0,0,0,0,0)
Skill = (23,0,2147483647,0,0,0,0,0,0,0,0,0,1000,2147483647,2147483647)
Skill = (24,0,2147483647,0,0,0,0,0,0,0,0,0,1000,2147483647,2147483647)

Spells      = {10}
QuestValues = {(18,1),(223,1)}
Murders     = {}
