ID              = 10738111
Name            = "Drut of light"
Race            = 1
Profession      = 4
OriginalOutfit  = 130-95-57-95-115
CurrentOutfit   = 130-95-57-95-115
LastLogin       = 1132000248
LastLogout      = 1132000656
StartPosition   = [32957,32076,7]
CurrentPosition = [32354,32229,7]
PlayerkillerEnd = 0

Skill = (0,15,0,1,0,0,0,0,0,0,1,40916,0,47000,100)
Skill = (1,18,0,0,0,0,0,0,0,0,0,966,1100,1023,20)
Skill = (2,220,220,0,0,0,0,0,0,0,5,0,0,0,0)
Skill = (3,42,245,0,0,0,0,0,0,0,30,0,0,0,0)
Skill = (4,84,84,0,0,0,0,0,0,0,1,0,0,0,0)
Skill = (5,540,540,0,0,0,0,0,0,0,10,0,0,0,0)
Skill = (6,21,0,10,0,0,0,0,0,0,0,17677,1500,25749,100)
Skill = (7,10,0,10,0,0,0,0,0,0,0,1,1800,30,30)
Skill = (8,18,0,10,0,0,0,0,0,0,0,11494,1800,12334,50)
Skill = (9,10,0,10,0,0,0,0,0,0,0,35,1800,50,50)
Skill = (10,10,0,10,0,0,0,0,0,0,0,0,1800,50,50)
Skill = (11,10,0,10,0,0,0,0,0,0,0,36,1500,50,50)
Skill = (12,0,2147483647,0,0,0,0,0,0,0,0,0,1000,2147483647,2147483647)
Skill = (13,30,0,10,0,0,0,0,0,0,0,1218,1100,1280,20)
Skill = (14,0,1200,0,0,0,0,0,0,0,0,0,0,0,0)
Skill = (15,0,2147483647,0,0,0,0,0,0,0,0,0,1000,2147483647,2147483647)
Skill = (16,0,2147483647,0,0,0,0,0,0,0,0,0,1000,2147483647,2147483647)
Skill = (17,0,2147483647,0,0,0,0,0,3,3,0,0,50,2147483647,2147483647)
Skill = (18,0,2147483647,0,0,0,0,0,1,1,0,0,1000,2147483647,2147483647)
Skill = (19,0,2147483647,0,0,0,0,0,0,0,0,0,1000,2147483647,2147483647)
Skill = (20,0,2147483647,0,0,0,0,0,120,120,0,0,1000,2147483647,2147483647)
Skill = (21,0,2147483647,0,0,0,0,0,0,0,0,0,1000,2147483647,2147483647)
Skill = (22,30,100,0,0,0,0,0,120,120,0,0,0,0,0)
Skill = (23,0,2147483647,0,0,0,0,0,0,0,0,0,1000,2147483647,2147483647)
Skill = (24,0,2147483647,0,0,0,0,0,0,0,0,0,1000,2147483647,2147483647)

Spells      = {1,2,3,4,5,8,10,16,17,25,26,29,30,42}
QuestValues = {(17,1),(21,1),(22,1),(23,1),(32,1),(33,1),(34,1),(37,1),(100,1),(128,1)}
Murders     = {}
