ID              = 11311311
Name            = "Brian Firehammer"
Race            = 1
Profession      = 3
OriginalOutfit  = 134-2-114-95-78
CurrentOutfit   = 134-2-114-95-78
LastLogin       = 1132101483
LastLogout      = 1132103971
StartPosition   = [33194,32853,8]
CurrentPosition = [33164,31837,6]
PlayerkillerEnd = 0

Skill = (0,12,0,1,0,0,0,0,0,0,1,18194,0,23200,100)
Skill = (1,7,0,0,0,0,0,0,0,0,0,197,1100,228,20)
Skill = (2,205,205,0,0,0,0,0,0,0,5,0,0,0,0)
Skill = (3,67,155,0,0,0,0,0,0,0,30,0,0,0,0)
Skill = (4,81,81,0,0,0,0,0,0,0,1,0,0,0,0)
Skill = (5,510,510,0,0,0,0,0,0,0,10,0,0,0,0)
Skill = (6,17,0,10,0,0,0,0,0,0,0,4328,1500,4925,100)
Skill = (7,10,0,10,0,0,0,0,0,0,0,0,2000,30,30)
Skill = (8,10,0,10,0,0,0,0,0,0,0,31,2000,50,50)
Skill = (9,12,0,10,0,0,0,0,0,0,0,217,2000,350,50)
Skill = (10,16,0,10,0,0,0,0,0,0,0,4022,2000,6350,50)
Skill = (11,10,0,10,0,0,0,0,0,0,0,0,1500,50,50)
Skill = (12,0,2147483647,0,0,0,0,0,0,0,0,0,1000,2147483647,2147483647)
Skill = (13,16,0,10,0,0,0,0,0,0,0,159,1100,189,20)
Skill = (14,0,1200,0,0,0,1118,0,0,0,0,0,0,0,0)
Skill = (15,0,2147483647,0,0,0,0,0,0,0,0,0,1000,2147483647,2147483647)
Skill = (16,0,2147483647,0,0,0,0,0,0,0,0,0,1000,2147483647,2147483647)
Skill = (17,0,2147483647,0,0,0,0,0,3,3,0,0,50,2147483647,2147483647)
Skill = (18,0,2147483647,0,0,0,0,0,0,0,0,0,1000,2147483647,2147483647)
Skill = (19,0,2147483647,0,0,0,0,0,0,0,0,0,1000,2147483647,2147483647)
Skill = (20,0,2147483647,0,0,0,0,0,0,0,0,0,1000,2147483647,2147483647)
Skill = (21,0,2147483647,0,0,0,0,0,0,0,0,0,1000,2147483647,2147483647)
Skill = (22,94,100,0,0,0,0,0,120,120,0,0,0,0,0)
Skill = (23,0,2147483647,0,0,0,0,0,0,0,0,0,1000,2147483647,2147483647)
Skill = (24,0,2147483647,0,0,0,0,0,0,0,0,0,1000,2147483647,2147483647)

Spells      = {1,2,8,20}
QuestValues = {(32,1),(33,1),(34,1)}
Murders     = {}
