ID              = 7957111
Name            = "Nisky"
Race            = 1
Profession      = 12
OriginalOutfit  = 133-59-87-87-0
CurrentOutfit   = 133-59-87-87-0
LastLogin       = 1131489634
LastLogout      = 1131491609
StartPosition   = [32369,32241,7]
CurrentPosition = [32315,31843,7]
PlayerkillerEnd = 0

Skill = (0,62,0,1,0,0,0,0,0,0,1,3710312,0,3788200,100)
Skill = (1,17,0,0,0,0,0,0,0,0,0,18369,1400,21293,20)
Skill = (2,725,725,0,0,0,0,0,0,0,10,0,0,0,0)
Skill = (3,66,845,0,0,0,0,0,0,0,15,0,0,0,0)
Skill = (4,131,131,0,0,0,0,0,1,1,1,0,0,0,0)
Skill = (5,1550,1550,0,0,0,0,0,0,0,20,0,0,0,0)
Skill = (6,49,0,10,0,0,0,0,0,0,0,43318,1100,44259,100)
Skill = (7,81,0,10,0,0,0,0,0,0,0,277922,1100,286378,30)
Skill = (8,18,0,10,0,0,0,0,0,0,0,953,1200,1039,50)
Skill = (9,15,0,10,0,0,0,0,0,0,0,409,1200,496,50)
Skill = (10,21,0,10,0,0,0,0,0,0,0,1975,1200,1979,50)
Skill = (11,27,0,10,0,0,0,0,0,0,0,6153,1200,6405,50)
Skill = (12,0,2147483647,0,0,0,0,0,0,0,0,0,1000,2147483647,2147483647)
Skill = (13,51,0,10,0,0,0,0,0,0,0,10042,1100,10752,20)
Skill = (14,0,1200,0,0,0,0,0,0,0,0,0,0,0,0)
Skill = (15,0,2147483647,0,0,0,0,0,83,83,0,0,1000,2147483647,2147483647)
Skill = (16,0,2147483647,0,0,0,0,0,200,200,0,0,1000,2147483647,2147483647)
Skill = (17,0,2147483647,0,0,0,0,0,0,0,0,0,50,2147483647,2147483647)
Skill = (18,0,2147483647,0,0,0,0,0,8,8,0,0,1000,2147483647,2147483647)
Skill = (19,0,2147483647,0,0,0,0,0,0,0,0,0,1000,2147483647,2147483647)
Skill = (20,0,2147483647,0,0,0,0,0,3,3,0,0,1000,2147483647,2147483647)
Skill = (21,0,2147483647,0,0,0,0,0,0,0,0,0,1000,2147483647,2147483647)
Skill = (22,100,100,0,0,0,0,0,120,120,0,0,0,0,0)
Skill = (23,0,2147483647,0,0,0,0,0,0,0,0,0,1000,2147483647,2147483647)
Skill = (24,0,2147483647,0,0,0,0,0,0,0,0,0,1000,2147483647,2147483647)

Spells      = {1,2,3,6,8,10,15,20,29,30,42,44,45,48,49,51,76,79,81,95}
QuestValues = {(1,4),(2,6),(3,1),(4,1),(5,1),(6,1),(7,1),(9,1),(10,1),(11,1),(12,1),(14,1),(15,1),(16,1),(19,1),(20,1),(21,1),(22,1),(23,1),(25,1),(26,1),(27,1),(30,1),(32,1),(33,1),(34,1),(36,1),(39,1),(41,1),(42,1),(43,1),(44,1),(50,1),(56,1),(59,1),(60,1),(61,1),(62,2),(63,1),(64,1),(72,1),(73,1),(74,1),(75,1),(77,1),(78,1),(88,1),(89,1),(90,1),(96,1),(97,1),(98,1),(106,1),(107,1),(108,1),(109,1),(112,1),(121,1),(125,1),(126,1),(127,1),(129,1),(130,1),(131,1),(132,1),(133,1),(135,1),(136,1),(137,1),(143,1),(145,1),(146,1),(147,1),(151,1),(152,1),(153,1),(154,1),(170,1),(171,1),(172,1),(173,1),(174,1),(175,1),(179,1),(180,1),(190,1),(191,1),(193,1),(194,1),(195,1),(196,1),(197,1),(198,1),(200,1),(201,1),(202,1),(205,1),(208,1),(211,4),(221,1),(222,1),(225,1),(226,1),(227,5),(228,2),(229,3),(230,21),(231,2),(232,1),(233,10),(234,7),(235,1),(236,1),(237,1),(238,1),(239,1),(240,1),(241,1),(242,1),(243,1),(244,2),(245,2),(246,1),(247,1),(248,1),(249,5),(250,5),(251,1),(269,1)}
Murders     = {}
