ID              = 8247711
Name            = "Ista Weyr"
Race            = 1
Profession      = 13
OriginalOutfit  = 133-39-109-0-38
CurrentOutfit   = 133-39-109-0-38
LastLogin       = 1129975168
LastLogout      = 1129978201
StartPosition   = [32649,31925,11]
CurrentPosition = [32589,31911,11]
PlayerkillerEnd = 0

Skill = (0,28,0,1,0,0,0,0,0,0,1,304722,0,330400,100)
Skill = (1,39,0,0,0,0,0,0,0,0,0,8729,1100,8851,20)
Skill = (2,285,285,0,0,0,0,0,0,0,5,0,0,0,0)
Skill = (3,125,635,0,0,0,0,0,0,0,30,0,0,0,0)
Skill = (4,97,97,0,0,0,0,0,0,0,1,0,0,0,0)
Skill = (5,670,670,0,0,0,0,0,0,0,10,0,0,0,0)
Skill = (6,25,0,10,0,0,0,0,0,0,0,118230,1500,131168,100)
Skill = (7,10,0,10,0,0,0,0,0,0,0,0,2000,30,30)
Skill = (8,19,0,10,0,0,0,0,0,0,0,47382,2000,51150,50)
Skill = (9,10,0,10,0,0,0,0,0,0,0,20,2000,50,50)
Skill = (10,10,0,10,0,0,0,0,0,0,0,0,2000,50,50)
Skill = (11,24,0,10,0,0,0,0,0,0,0,30132,1500,43689,50)
Skill = (12,0,2147483647,0,0,0,0,0,0,0,0,0,1000,2147483647,2147483647)
Skill = (13,45,0,10,0,0,0,0,0,0,0,5564,1100,5982,20)
Skill = (14,0,1200,0,0,0,1080,0,0,0,0,0,0,0,0)
Skill = (15,0,2147483647,0,0,0,0,0,0,0,0,0,1000,2147483647,2147483647)
Skill = (16,0,2147483647,0,0,0,0,0,0,0,0,0,1000,2147483647,2147483647)
Skill = (17,0,2147483647,0,0,0,0,0,0,0,0,0,50,2147483647,2147483647)
Skill = (18,0,2147483647,0,0,0,0,0,0,0,0,0,1000,2147483647,2147483647)
Skill = (19,0,2147483647,0,0,0,0,0,0,0,0,0,1000,2147483647,2147483647)
Skill = (20,0,2147483647,0,0,0,0,0,0,0,0,0,1000,2147483647,2147483647)
Skill = (21,0,2147483647,0,0,0,0,0,0,0,0,0,1000,2147483647,2147483647)
Skill = (22,200,200,0,0,0,0,0,15,15,0,0,0,0,0)
Skill = (23,0,2147483647,0,0,0,0,0,0,0,0,0,1000,2147483647,2147483647)
Skill = (24,0,2147483647,0,0,0,0,0,0,0,0,0,1000,2147483647,2147483647)

Spells      = {2,3,6,8,9,10,16,18,20,21,29,44,45,76,88}
QuestValues = {(14,1),(15,1),(16,1),(35,1),(37,1),(59,1),(69,1),(70,1),(71,1),(93,1),(94,1),(95,1),(106,1),(107,1),(109,1),(125,1),(126,1),(190,1),(191,1),(227,5),(228,2),(229,3),(249,1),(250,1)}
Murders     = {}
