ID              = 8767811
Name            = "Scarlett Garner"
Race            = 1
Profession      = 1
OriginalOutfit  = 137-39-124-76-0
CurrentOutfit   = 137-39-124-76-0
LastLogin       = 1132120480
LastLogout      = 1132121224
StartPosition   = [32649,31925,11]
CurrentPosition = [32645,31915,8]
PlayerkillerEnd = 0

Skill = (0,44,0,1,0,0,0,0,0,0,1,1297483,0,1328800,100)
Skill = (1,6,0,0,0,0,0,0,0,0,0,9419,3000,21860,20)
Skill = (2,725,725,0,0,0,0,0,0,0,15,0,0,0,0)
Skill = (3,14,215,0,0,0,0,0,0,0,5,0,0,0,0)
Skill = (4,113,113,0,0,0,0,0,0,0,1,0,0,0,0)
Skill = (5,1370,1370,0,0,0,0,0,0,0,25,0,0,0,0)
Skill = (6,84,0,10,0,0,0,0,0,0,0,1167617,1100,1270895,100)
Skill = (7,10,0,10,0,0,0,0,0,0,0,6,1400,30,30)
Skill = (8,84,0,10,0,0,0,0,0,0,0,592945,1100,635447,50)
Skill = (9,10,0,10,0,0,0,0,0,0,0,0,1100,50,50)
Skill = (10,10,0,10,0,0,0,0,0,0,0,48,1100,50,50)
Skill = (11,12,0,10,0,0,0,0,0,0,0,106,1100,165,50)
Skill = (12,0,2147483647,0,0,0,0,0,0,0,0,0,1000,2147483647,2147483647)
Skill = (13,40,0,10,0,0,0,0,0,0,0,3402,1100,3638,20)
Skill = (14,0,1200,0,0,0,1119,0,0,0,0,0,0,0,0)
Skill = (15,0,2147483647,0,0,0,0,0,125,125,0,0,1000,2147483647,2147483647)
Skill = (16,0,2147483647,0,0,0,0,0,6000,6000,0,0,1000,2147483647,2147483647)
Skill = (17,0,2147483647,0,0,0,0,0,3,3,0,0,50,2147483647,2147483647)
Skill = (18,0,2147483647,0,0,0,0,0,8,8,0,0,1000,2147483647,2147483647)
Skill = (19,0,2147483647,0,0,0,0,0,0,0,0,0,1000,2147483647,2147483647)
Skill = (20,0,2147483647,0,0,0,0,0,0,0,0,0,1000,2147483647,2147483647)
Skill = (21,0,2147483647,0,0,0,0,0,0,0,0,0,1000,2147483647,2147483647)
Skill = (22,100,100,0,0,0,0,0,120,120,0,0,0,0,0)
Skill = (23,0,2147483647,0,0,0,0,0,0,0,0,0,1000,2147483647,2147483647)
Skill = (24,0,2147483647,0,0,0,0,0,0,0,0,0,1000,2147483647,2147483647)

Spells      = {1,10,11,20,29}
QuestValues = {(14,1),(15,1),(16,1),(20,1),(21,1),(23,1),(27,1),(59,1),(88,1),(89,1),(90,1),(96,1),(97,1),(98,1),(116,1),(117,1),(118,1),(121,1),(125,1),(126,1),(137,1),(151,1),(152,1),(153,1),(190,1),(191,1),(200,1),(201,1),(202,1),(208,1)}
Murders     = {}
