ID              = 9279911
Name            = "Yuno Gazo"
Race            = 1
Profession      = 13
OriginalOutfit  = 128-114-114-95-114
CurrentOutfit   = 128-114-114-95-114
LastLogin       = 1132106880
LastLogout      = 1132110514
StartPosition   = [33194,32853,8]
CurrentPosition = [32438,31660,7]
PlayerkillerEnd = 0

Skill = (0,27,0,1,0,0,0,0,0,0,1,277023,0,295200,100)
Skill = (1,36,0,0,0,0,0,0,0,0,0,6373,1100,6600,20)
Skill = (2,280,280,0,0,0,0,0,0,0,5,0,0,0,0)
Skill = (3,319,605,0,0,0,0,0,0,0,30,0,0,0,0)
Skill = (4,96,96,0,0,0,0,0,10,10,1,0,0,0,0)
Skill = (5,660,660,0,0,0,0,0,0,0,10,0,0,0,0)
Skill = (6,16,0,10,0,0,0,0,0,0,0,2470,1500,3217,100)
Skill = (7,10,0,10,0,0,0,0,0,0,0,0,2000,30,30)
Skill = (8,10,0,10,0,0,0,0,0,0,0,0,2000,50,50)
Skill = (9,19,0,10,0,0,0,0,0,0,0,27512,2000,51150,50)
Skill = (10,10,0,10,0,0,0,0,0,0,0,0,2000,50,50)
Skill = (11,11,0,10,0,0,0,0,0,0,0,104,1500,125,50)
Skill = (12,0,2147483647,0,0,0,0,0,0,0,0,0,1000,2147483647,2147483647)
Skill = (13,52,0,10,0,0,0,0,0,0,0,10791,1100,11848,20)
Skill = (14,0,1200,0,0,0,0,0,0,0,0,0,0,0,0)
Skill = (15,0,2147483647,0,0,0,0,0,83,83,0,0,1000,2147483647,2147483647)
Skill = (16,0,2147483647,0,0,0,0,0,0,0,0,0,1000,2147483647,2147483647)
Skill = (17,0,2147483647,0,0,0,0,0,3,3,0,0,50,2147483647,2147483647)
Skill = (18,0,2147483647,0,0,0,0,0,8,8,0,0,1000,2147483647,2147483647)
Skill = (19,0,2147483647,0,0,0,0,0,0,0,0,0,1000,2147483647,2147483647)
Skill = (20,0,2147483647,0,0,0,0,0,120,120,0,0,1000,2147483647,2147483647)
Skill = (21,0,2147483647,0,0,0,0,0,0,0,0,0,1000,2147483647,2147483647)
Skill = (22,165,200,0,0,0,0,0,15,15,0,0,0,0,0)
Skill = (23,0,2147483647,0,0,0,0,0,0,0,0,0,1000,2147483647,2147483647)
Skill = (24,0,2147483647,0,0,0,0,0,0,0,0,0,1000,2147483647,2147483647)

Spells      = {3,8,9,10,11,13,16,17,20,21,23,25,29,30,39,44,76,81,88}
QuestValues = {(20,1),(21,1),(22,1),(23,1),(27,1),(61,1),(84,1),(85,1),(86,1),(87,1),(125,1),(126,1),(190,1),(191,1),(257,1),(269,1)}
Murders     = {}
