ID              = 9925711
Name            = "Cross Cannon"
Race            = 1
Profession      = 3
OriginalOutfit  = 130-105-114-114-124
CurrentOutfit   = 130-105-114-114-124
LastLogin       = 1123209552
LastLogout      = 1123214342
StartPosition   = [32957,32076,7]
CurrentPosition = [32957,32076,7]
PlayerkillerEnd = 0

Skill = (0,9,0,1,0,0,0,0,0,0,1,8954,0,9300,100)
Skill = (1,3,0,0,0,0,0,0,0,0,0,68,1100,92,20)
Skill = (2,190,190,0,0,0,0,0,0,0,5,0,0,0,0)
Skill = (3,17,65,0,0,0,0,0,0,0,30,0,0,0,0)
Skill = (4,78,78,0,0,0,0,0,0,0,1,0,0,0,0)
Skill = (5,480,480,0,0,0,0,0,0,0,10,0,0,0,0)
Skill = (6,17,0,10,0,0,0,0,0,0,0,4213,1500,4925,100)
Skill = (7,10,0,10,0,0,0,0,0,0,0,0,2000,30,30)
Skill = (8,10,0,10,0,0,0,0,0,0,0,0,2000,50,50)
Skill = (9,16,0,10,0,0,0,0,0,0,0,3209,2000,6350,50)
Skill = (10,10,0,10,0,0,0,0,0,0,0,0,2000,50,50)
Skill = (11,10,0,10,0,0,0,0,0,0,0,0,1500,50,50)
Skill = (12,0,2147483647,0,0,0,0,0,0,0,0,0,1000,2147483647,2147483647)
Skill = (13,20,0,10,0,0,0,0,0,0,0,368,1100,370,20)
Skill = (14,0,1200,0,0,0,994,0,0,0,0,0,0,0,0)
Skill = (15,0,2147483647,0,0,0,5,0,57,83,0,0,1000,2147483647,2147483647)
Skill = (16,0,2147483647,0,0,0,0,0,0,0,0,0,1000,2147483647,2147483647)
Skill = (17,0,2147483647,0,0,0,0,0,3,3,0,0,50,2147483647,2147483647)
Skill = (18,0,2147483647,0,0,0,0,0,0,0,0,0,1000,2147483647,2147483647)
Skill = (19,0,2147483647,0,0,0,0,0,0,0,0,0,1000,2147483647,2147483647)
Skill = (20,0,2147483647,0,0,0,0,0,0,0,0,0,1000,2147483647,2147483647)
Skill = (21,0,2147483647,0,0,0,0,0,0,0,0,0,1000,2147483647,2147483647)
Skill = (22,200,200,0,0,0,0,0,0,0,0,0,0,0,0)
Skill = (23,0,2147483647,0,0,0,0,0,0,0,0,0,1000,2147483647,2147483647)
Skill = (24,0,2147483647,0,0,0,0,0,0,0,0,0,1000,2147483647,2147483647)

Spells      = {1,10,20}
QuestValues = {(21,1),(22,1),(23,1)}
Murders     = {}
