ID              = 9949811
Name            = "Moim Miom"
Race            = 1
Profession      = 2
OriginalOutfit  = 129-104-132-57-114
CurrentOutfit   = 129-104-132-57-114
LastLogin       = 1130336062
LastLogout      = 1130336305
StartPosition   = [32369,32241,7]
CurrentPosition = [32341,32230,7]
PlayerkillerEnd = 0

Skill = (0,10,0,1,0,0,0,0,0,0,1,9329,0,13000,100)
Skill = (1,2,0,0,0,0,0,0,0,0,0,65,1400,87,20)
Skill = (2,124,205,0,0,0,0,0,0,0,10,0,0,0,0)
Skill = (3,15,65,0,0,0,0,0,0,0,15,0,0,0,0)
Skill = (4,79,79,0,0,0,0,0,0,0,1,0,0,0,0)
Skill = (5,510,510,0,0,0,0,0,0,0,20,0,0,0,0)
Skill = (6,22,0,10,0,0,0,0,0,0,0,2212,1100,2452,100)
Skill = (7,27,0,10,0,0,0,0,0,0,0,1233,1100,1367,30)
Skill = (8,18,0,10,0,0,0,0,0,0,0,852,1200,1039,50)
Skill = (9,18,0,10,0,0,0,0,0,0,0,825,1200,1039,50)
Skill = (10,13,0,10,0,0,0,0,0,0,0,207,1200,268,50)
Skill = (11,10,0,10,0,0,0,0,0,0,0,9,1200,50,50)
Skill = (12,0,2147483647,0,0,0,0,0,0,0,0,0,1000,2147483647,2147483647)
Skill = (13,10,0,10,0,0,0,0,0,0,0,0,1100,20,20)
Skill = (14,0,1200,0,0,0,0,0,0,0,0,0,0,0,0)
Skill = (15,0,2147483647,0,0,0,0,0,0,0,0,0,1000,2147483647,2147483647)
Skill = (16,0,2147483647,0,0,0,0,0,0,0,0,0,1000,2147483647,2147483647)
Skill = (17,0,2147483647,0,0,0,0,0,0,0,0,0,50,2147483647,2147483647)
Skill = (18,0,2147483647,0,0,0,0,0,0,0,0,0,1000,2147483647,2147483647)
Skill = (19,0,2147483647,0,0,0,0,0,0,0,0,0,1000,2147483647,2147483647)
Skill = (20,0,2147483647,0,0,0,0,0,0,0,0,0,1000,2147483647,2147483647)
Skill = (21,0,2147483647,0,0,0,0,0,0,0,0,0,1000,2147483647,2147483647)
Skill = (22,100,100,0,0,0,0,0,0,0,0,0,0,0,0)
Skill = (23,0,2147483647,0,0,0,0,0,0,0,0,0,1000,2147483647,2147483647)
Skill = (24,0,2147483647,0,0,0,0,0,0,0,0,0,1000,2147483647,2147483647)

Spells      = {1,10,42}
QuestValues = {(35,1),(128,1)}
Murders     = {}
