ID              = 10405156
Name            = "Herr Many"
Race            = 1
Profession      = 1
OriginalOutfit  = 129-94-114-126-0
CurrentOutfit   = 129-94-114-126-0
LastLogin       = 1131410450
LastLogout      = 1131410490
StartPosition   = [32957,32076,7]
CurrentPosition = [32920,32069,7]
PlayerkillerEnd = 0

Skill = (0,20,0,1,0,0,0,0,0,0,1,99064,0,116000,100)
Skill = (1,3,0,0,0,0,0,0,0,0,0,470,3000,800,20)
Skill = (2,257,365,0,0,0,0,0,0,0,15,0,0,0,0)
Skill = (3,19,95,0,0,0,0,0,0,0,5,0,0,0,0)
Skill = (4,89,89,0,0,0,0,0,0,0,1,0,0,0,0)
Skill = (5,770,770,0,0,0,0,0,0,0,25,0,0,0,0)
Skill = (6,48,0,10,0,0,0,0,0,0,0,37404,1100,40144,100)
Skill = (7,10,0,10,0,0,0,0,0,0,0,0,1400,30,30)
Skill = (8,52,0,10,0,0,0,0,0,0,0,26933,1100,29620,50)
Skill = (9,10,0,10,0,0,0,0,0,0,0,33,1100,50,50)
Skill = (10,10,0,10,0,0,0,0,0,0,0,0,1100,50,50)
Skill = (11,10,0,10,0,0,0,0,0,0,0,0,1100,50,50)
Skill = (12,0,2147483647,0,0,0,0,0,0,0,0,0,1000,2147483647,2147483647)
Skill = (13,20,0,10,0,0,0,0,0,0,0,342,1100,370,20)
Skill = (14,0,1200,0,0,0,470,0,0,0,0,0,0,0,0)
Skill = (15,0,2147483647,0,0,0,2,0,64,83,0,0,1000,2147483647,2147483647)
Skill = (16,0,2147483647,0,0,0,0,0,0,0,0,0,1000,2147483647,2147483647)
Skill = (17,0,2147483647,0,0,0,0,0,0,0,0,0,50,2147483647,2147483647)
Skill = (18,0,2147483647,0,0,0,0,0,8,8,0,0,1000,2147483647,2147483647)
Skill = (19,0,2147483647,0,0,0,0,0,10,10,0,0,1000,2147483647,2147483647)
Skill = (20,0,2147483647,0,0,0,0,0,120,120,0,0,1000,2147483647,2147483647)
Skill = (21,0,2147483647,0,0,0,0,0,0,0,0,0,1000,2147483647,2147483647)
Skill = (22,100,100,0,0,0,0,0,120,120,0,0,0,0,0)
Skill = (23,0,2147483647,0,0,0,0,0,0,0,0,0,1000,2147483647,2147483647)
Skill = (24,0,2147483647,0,0,0,0,0,0,0,0,0,1000,2147483647,2147483647)

Spells      = {1,10,11,29}
QuestValues = {(20,1),(21,1),(22,1),(23,1),(27,1),(32,1),(33,1),(34,1),(35,1),(58,1),(59,1),(93,1),(94,1),(95,1),(96,1),(97,1),(98,1),(99,1),(125,1),(126,1),(208,1),(223,1),(224,1)}
Murders     = {}
