ID              = 10605056
Name            = "Linuz"
Race            = 1
Profession      = 1
OriginalOutfit  = 128-0-86-86-82
CurrentOutfit   = 128-0-86-86-82
LastLogin       = 1132109735
LastLogout      = 1132109747
StartPosition   = [32360,31782,7]
CurrentPosition = [32328,31783,8]
PlayerkillerEnd = 0

Skill = (0,22,0,1,0,0,0,0,0,0,1,137390,0,156200,100)
Skill = (1,3,0,0,0,0,0,0,0,0,0,418,3000,800,20)
Skill = (2,395,395,0,0,0,0,0,0,0,15,0,0,0,0)
Skill = (3,105,105,0,0,0,0,0,0,0,5,0,0,0,0)
Skill = (4,91,91,0,20,0,0,0,0,0,1,0,0,0,0)
Skill = (5,820,820,0,0,0,0,0,0,0,25,0,0,0,0)
Skill = (6,45,0,10,0,0,0,0,0,0,0,28911,1100,29912,100)
Skill = (7,11,0,10,0,0,0,0,0,0,0,46,1400,71,30)
Skill = (8,47,0,10,0,0,0,0,0,0,0,17526,1100,18202,50)
Skill = (9,10,0,10,0,0,0,0,0,0,0,0,1100,50,50)
Skill = (10,10,0,10,0,0,0,0,0,0,0,0,1100,50,50)
Skill = (11,10,0,10,0,0,0,0,0,0,0,2,1100,50,50)
Skill = (12,0,2147483647,0,0,0,0,0,0,0,0,0,1000,2147483647,2147483647)
Skill = (13,24,0,10,0,0,0,0,0,0,0,630,1100,635,20)
Skill = (14,0,1200,0,0,0,0,0,0,0,0,0,0,0,0)
Skill = (15,0,2147483647,0,0,0,0,0,83,83,0,0,1000,2147483647,2147483647)
Skill = (16,0,2147483647,0,0,0,0,0,0,0,0,0,1000,2147483647,2147483647)
Skill = (17,0,2147483647,0,0,0,0,0,3,3,0,0,50,2147483647,2147483647)
Skill = (18,0,2147483647,0,0,0,0,0,8,8,0,0,1000,2147483647,2147483647)
Skill = (19,0,2147483647,0,0,0,0,0,10,10,0,0,1000,2147483647,2147483647)
Skill = (20,0,2147483647,0,0,0,0,0,120,120,0,0,1000,2147483647,2147483647)
Skill = (21,0,2147483647,0,0,0,0,0,0,0,0,0,1000,2147483647,2147483647)
Skill = (22,100,100,0,0,0,0,0,120,120,0,0,0,0,0)
Skill = (23,0,2147483647,0,0,0,0,0,0,0,0,0,1000,2147483647,2147483647)
Skill = (24,0,2147483647,0,0,0,0,0,0,0,0,0,1000,2147483647,2147483647)

Spells      = {1,10,20,29}
QuestValues = {(20,1),(46,1),(60,1),(125,1),(126,1),(190,1),(191,1)}
Murders     = {}
