ID              = 10669456
Name            = "Curian Hunter"
Race            = 1
Profession      = 3
OriginalOutfit  = 130-114-87-125-84
CurrentOutfit   = 130-114-87-125-84
LastLogin       = 1129916392
LastLogout      = 1129916401
StartPosition   = [32369,32241,7]
CurrentPosition = [32348,32229,7]
PlayerkillerEnd = 0

Skill = (0,10,0,1,0,0,0,0,0,0,1,11987,0,13000,100)
Skill = (1,7,0,0,0,0,0,0,0,0,0,223,1100,228,20)
Skill = (2,195,195,0,0,0,0,0,0,0,5,0,0,0,0)
Skill = (3,70,95,0,0,0,0,0,0,0,30,0,0,0,0)
Skill = (4,79,79,0,0,0,0,0,0,0,1,0,0,0,0)
Skill = (5,490,490,0,0,0,0,0,0,0,10,0,0,0,0)
Skill = (6,18,0,10,0,0,0,0,0,0,0,7434,1500,7488,100)
Skill = (7,10,0,10,0,0,0,0,0,0,0,0,2000,30,30)
Skill = (8,13,0,10,0,0,0,0,0,0,0,644,2000,750,50)
Skill = (9,16,0,10,0,0,0,0,0,0,0,5709,2000,6350,50)
Skill = (10,10,0,10,0,0,0,0,0,0,0,0,2000,50,50)
Skill = (11,11,0,10,0,0,0,0,0,0,0,69,1500,125,50)
Skill = (12,0,2147483647,0,0,0,0,0,0,0,0,0,1000,2147483647,2147483647)
Skill = (13,17,0,10,0,0,0,0,0,0,0,219,1100,228,20)
Skill = (14,0,1200,0,0,0,152,0,0,0,0,0,0,0,0)
Skill = (15,0,2147483647,0,0,0,0,0,83,83,0,0,1000,2147483647,2147483647)
Skill = (16,0,2147483647,0,0,0,0,0,0,0,0,0,1000,2147483647,2147483647)
Skill = (17,0,2147483647,0,0,0,0,0,3,3,0,0,50,2147483647,2147483647)
Skill = (18,0,2147483647,0,0,0,0,0,8,8,0,0,1000,2147483647,2147483647)
Skill = (19,0,2147483647,0,0,0,0,0,0,0,0,0,1000,2147483647,2147483647)
Skill = (20,0,2147483647,0,0,0,0,0,0,0,0,0,1000,2147483647,2147483647)
Skill = (21,0,2147483647,0,0,0,0,0,0,0,0,0,1000,2147483647,2147483647)
Skill = (22,100,100,0,0,0,0,0,120,120,0,0,0,0,0)
Skill = (23,0,2147483647,0,0,0,0,0,0,0,0,0,1000,2147483647,2147483647)
Skill = (24,0,2147483647,0,0,0,0,0,0,0,0,0,1000,2147483647,2147483647)

Spells      = {10}
QuestValues = {(17,1),(18,1),(32,1),(33,1),(34,1),(35,1),(59,1),(223,1),(224,1)}
Murders     = {}
