ID              = 7952156
Name            = "Madam Pamdear"
Race            = 1
Profession      = 1
OriginalOutfit  = 141-94-126-126-114
CurrentOutfit   = 141-94-126-126-114
LastLogin       = 1120953016
LastLogout      = 1120953158
StartPosition   = [33217,31814,8]
CurrentPosition = [33217,31814,8]
PlayerkillerEnd = 0

Skill = (0,9,0,1,0,0,0,0,0,0,1,8186,0,9300,100)
Skill = (1,0,0,0,0,0,0,0,0,0,0,0,3000,20,20)
Skill = (2,200,200,0,0,0,0,0,0,0,15,0,0,0,0)
Skill = (3,40,40,0,0,0,0,0,0,0,5,0,0,0,0)
Skill = (4,78,78,0,0,0,0,0,0,0,1,0,0,0,0)
Skill = (5,495,495,0,0,0,0,0,0,0,25,0,0,0,0)
Skill = (6,23,0,10,0,0,0,0,0,0,0,2621,1100,2797,100)
Skill = (7,10,0,10,0,0,0,0,0,0,0,0,1400,30,30)
Skill = (8,12,0,10,0,0,0,0,0,0,0,123,1100,165,50)
Skill = (9,24,0,10,0,0,0,0,0,0,0,1435,1100,1588,50)
Skill = (10,12,0,10,0,0,0,0,0,0,0,125,1100,165,50)
Skill = (11,10,0,10,0,0,0,0,0,0,0,0,1100,50,50)
Skill = (12,0,2147483647,0,0,0,0,0,0,0,0,0,1000,2147483647,2147483647)
Skill = (13,20,0,10,0,0,0,0,0,0,0,340,1100,370,20)
Skill = (14,0,1200,0,0,0,1003,0,0,0,0,0,0,0,0)
Skill = (15,0,2147483647,0,0,0,0,0,0,0,0,0,1000,2147483647,2147483647)
Skill = (16,0,2147483647,0,0,0,0,0,0,0,0,0,1000,2147483647,2147483647)
Skill = (17,0,2147483647,0,0,0,0,0,3,3,0,0,50,2147483647,2147483647)
Skill = (18,0,2147483647,0,0,0,0,0,0,0,0,0,1000,2147483647,2147483647)
Skill = (19,0,2147483647,0,0,0,0,0,0,0,0,0,1000,2147483647,2147483647)
Skill = (20,0,2147483647,0,0,0,0,0,0,0,0,0,1000,2147483647,2147483647)
Skill = (21,0,2147483647,0,0,0,0,0,0,0,0,0,1000,2147483647,2147483647)
Skill = (22,200,200,0,0,0,0,0,0,0,0,0,0,0,0)
Skill = (23,0,2147483647,0,0,0,0,0,0,0,0,0,1000,2147483647,2147483647)
Skill = (24,0,2147483647,0,0,0,0,0,0,0,0,0,1000,2147483647,2147483647)

Spells      = {}
QuestValues = {(27,1),(31,1),(59,1),(84,1),(85,1),(86,1),(87,1),(223,1)}
Murders     = {}
