ID              = 7979956
Name            = "Sephiroz'fall"
Race            = 1
Profession      = 13
OriginalOutfit  = 134-49-114-77-0
CurrentOutfit   = 134-49-114-77-0
LastLogin       = 1129384551
LastLogout      = 1129384555
StartPosition   = [32360,31782,7]
CurrentPosition = [32411,31751,7]
PlayerkillerEnd = 0

Skill = (0,24,0,1,0,0,0,0,0,0,1,193441,0,204800,100)
Skill = (1,27,0,0,0,0,0,0,0,0,0,2497,1100,2684,20)
Skill = (2,265,265,0,0,0,0,0,0,0,5,0,0,0,0)
Skill = (3,515,515,0,0,0,0,0,0,0,30,0,0,0,0)
Skill = (4,93,93,0,0,0,0,0,0,0,1,0,0,0,0)
Skill = (5,630,630,0,0,0,0,0,0,0,10,0,0,0,0)
Skill = (6,23,0,10,0,0,0,0,0,0,0,42946,1500,58185,100)
Skill = (7,10,0,10,0,0,0,0,0,0,0,3,2000,30,30)
Skill = (8,10,0,10,0,0,0,0,0,0,0,0,2000,50,50)
Skill = (9,10,0,10,0,0,0,0,0,0,0,0,2000,50,50)
Skill = (10,19,0,10,0,0,0,0,0,0,0,32457,2000,51150,50)
Skill = (11,10,0,10,0,0,0,0,0,0,0,24,1500,50,50)
Skill = (12,0,2147483647,0,0,0,0,0,0,0,0,0,1000,2147483647,2147483647)
Skill = (13,16,0,10,0,0,0,0,0,0,0,185,1100,189,20)
Skill = (14,0,1200,0,0,0,0,0,0,0,0,0,0,0,0)
Skill = (15,0,2147483647,0,0,0,0,0,0,0,0,0,1000,2147483647,2147483647)
Skill = (16,0,2147483647,0,0,0,0,0,0,0,0,0,1000,2147483647,2147483647)
Skill = (17,0,2147483647,0,0,0,0,0,0,0,0,0,50,2147483647,2147483647)
Skill = (18,0,2147483647,0,0,0,0,0,0,0,0,0,1000,2147483647,2147483647)
Skill = (19,0,2147483647,0,0,0,0,0,0,0,0,0,1000,2147483647,2147483647)
Skill = (20,0,2147483647,0,0,0,0,0,0,0,0,0,1000,2147483647,2147483647)
Skill = (21,0,2147483647,0,0,0,0,0,0,0,0,0,1000,2147483647,2147483647)
Skill = (22,100,200,0,0,0,0,0,0,0,0,0,0,0,0)
Skill = (23,0,2147483647,0,0,0,0,0,0,0,0,0,1000,2147483647,2147483647)
Skill = (24,0,2147483647,0,0,0,0,0,0,0,0,0,1000,2147483647,2147483647)

Spells      = {2,3,8,9,10,16,21,29,44,45,76}
QuestValues = {(17,1),(21,1),(22,1),(23,1),(24,1),(25,1),(26,1),(27,1),(32,1),(33,1),(34,1),(84,1),(85,1),(86,1),(87,1),(100,1),(190,1),(191,1),(223,1),(254,1)}
Murders     = {}
