ID              = 8063556
Name            = "Ataki Mith"
Race            = 1
Profession      = 1
OriginalOutfit  = 128-77-70-95-114
CurrentOutfit   = 128-77-70-95-114
LastLogin       = 1132021917
LastLogout      = 1132021949
StartPosition   = [32360,31782,7]
CurrentPosition = [32496,31772,7]
PlayerkillerEnd = 1133151742

Skill = (0,22,0,1,0,0,0,0,0,0,1,138832,0,156200,100)
Skill = (1,3,0,0,0,0,0,0,0,0,0,662,3000,800,20)
Skill = (2,395,395,0,0,0,0,0,0,0,15,0,0,0,0)
Skill = (3,55,105,0,0,0,0,0,0,0,5,0,0,0,0)
Skill = (4,91,91,0,0,0,0,0,0,0,1,0,0,0,0)
Skill = (5,820,820,0,0,0,0,0,0,0,25,0,0,0,0)
Skill = (6,61,0,10,0,0,0,0,0,0,0,134959,1100,141042,100)
Skill = (7,10,0,10,0,0,0,0,0,0,0,9,1400,30,30)
Skill = (8,10,0,10,0,0,0,0,0,0,0,31,1100,50,50)
Skill = (9,61,0,10,0,0,0,0,0,0,0,65431,1100,70521,50)
Skill = (10,13,0,10,0,0,0,0,0,0,0,207,1100,232,50)
Skill = (11,11,0,10,0,0,0,0,0,0,0,54,1100,105,50)
Skill = (12,0,2147483647,0,0,0,0,0,0,0,0,0,1000,2147483647,2147483647)
Skill = (13,34,0,10,0,0,0,0,0,0,0,1944,1100,1966,20)
Skill = (14,0,1200,0,0,0,0,0,0,0,0,0,0,0,0)
Skill = (15,0,2147483647,0,0,0,0,0,0,0,0,0,1000,2147483647,2147483647)
Skill = (16,0,2147483647,0,0,0,0,0,0,0,0,0,1000,2147483647,2147483647)
Skill = (17,0,2147483647,0,0,0,0,0,0,0,0,0,50,2147483647,2147483647)
Skill = (18,0,2147483647,0,0,0,0,0,0,0,0,0,1000,2147483647,2147483647)
Skill = (19,0,2147483647,0,0,0,0,0,0,0,0,0,1000,2147483647,2147483647)
Skill = (20,0,2147483647,0,0,0,0,0,0,0,0,0,1000,2147483647,2147483647)
Skill = (21,0,2147483647,0,0,0,0,0,0,0,0,0,1000,2147483647,2147483647)
Skill = (22,100,100,0,0,0,1,0,44,120,0,0,0,0,0)
Skill = (23,0,2147483647,0,0,0,0,0,0,0,0,0,1000,2147483647,2147483647)
Skill = (24,0,2147483647,0,0,0,0,0,0,0,0,0,1000,2147483647,2147483647)

Spells      = {1,10,29}
QuestValues = {(18,1),(20,1),(23,1),(35,1),(58,1),(59,1),(60,1),(69,1),(93,1),(94,1),(95,1),(96,1),(97,1),(98,1),(99,1),(106,1),(107,1),(190,1),(191,1),(208,1),(224,1)}
Murders     = {1129579761,1129583158,1129583376,1129583709,1129616124,1129649390,1130559576,1130559742}
