ID              = 8598056
Name            = "Artemis the sorcerer"
Race            = 1
Profession      = 1
OriginalOutfit  = 137-116-95-116-0
CurrentOutfit   = 137-116-95-116-0
LastLogin       = 1116148314
LastLogout      = 1116153529
StartPosition   = [32369,32241,7]
CurrentPosition = [32369,32241,7]
PlayerkillerEnd = 0

Skill = (0,17,0,1,0,0,0,0,0,0,1,58707,0,69700,100)
Skill = (1,3,0,0,0,0,0,0,0,0,0,398,3000,800,20)
Skill = (2,180,320,0,0,0,0,0,0,0,15,0,0,0,0)
Skill = (3,22,80,0,0,0,0,0,0,0,5,0,0,0,0)
Skill = (4,86,86,0,0,0,0,0,0,0,1,0,0,0,0)
Skill = (5,695,695,0,0,0,0,0,0,0,25,0,0,0,0)
Skill = (6,47,0,10,0,0,0,0,0,0,0,33152,1100,36404,100)
Skill = (7,10,0,10,0,0,0,0,0,0,0,0,1400,30,30)
Skill = (8,10,0,10,0,0,0,0,0,0,0,0,1100,50,50)
Skill = (9,14,0,10,0,0,0,0,0,0,0,286,1100,305,50)
Skill = (10,48,0,10,0,0,0,0,0,0,0,18322,1100,20072,50)
Skill = (11,10,0,10,0,0,0,0,0,0,0,48,1100,50,50)
Skill = (12,0,2147483647,0,0,0,0,0,0,0,0,0,1000,2147483647,2147483647)
Skill = (13,35,0,10,0,0,0,0,0,0,0,2124,1100,2183,20)
Skill = (14,0,1200,0,0,0,949,0,0,0,0,0,0,0,0)
Skill = (15,0,2147483647,0,0,0,0,0,83,83,0,0,1000,2147483647,2147483647)
Skill = (16,0,2147483647,0,0,0,0,0,0,0,0,0,1000,2147483647,2147483647)
Skill = (17,0,2147483647,0,0,0,0,0,3,3,0,0,50,2147483647,2147483647)
Skill = (18,0,2147483647,0,0,0,0,0,0,0,0,0,1000,2147483647,2147483647)
Skill = (19,0,2147483647,0,0,0,0,0,0,0,0,0,1000,2147483647,2147483647)
Skill = (20,0,2147483647,0,0,0,0,0,0,0,0,0,1000,2147483647,2147483647)
Skill = (21,0,2147483647,0,0,0,0,0,0,0,0,0,1000,2147483647,2147483647)
Skill = (22,200,200,0,0,0,0,0,0,0,0,0,0,0,0)
Skill = (23,0,2147483647,0,0,0,0,0,0,0,0,0,1000,2147483647,2147483647)
Skill = (24,0,2147483647,0,0,0,0,0,0,0,0,0,1000,2147483647,2147483647)

Spells      = {1,10,29}
QuestValues = {(100,1),(106,1),(107,1),(128,1)}
Murders     = {}
