ID              = 9490956
Name            = "Galer illidian"
Race            = 1
Profession      = 2
OriginalOutfit  = 129-0-125-0-125
CurrentOutfit   = 129-0-125-0-125
LastLogin       = 1131841716
LastLogout      = 1131842009
StartPosition   = [32732,31634,7]
CurrentPosition = [32671,31613,9]
PlayerkillerEnd = 0

Skill = (0,7,0,1,0,0,0,0,0,0,1,3814,0,4200,100)
Skill = (1,1,0,0,0,0,0,0,0,0,0,25,1400,47,20)
Skill = (2,-10,175,0,0,0,0,0,0,0,10,0,0,0,0)
Skill = (3,20,20,0,0,0,0,0,0,0,15,0,0,0,0)
Skill = (4,76,76,0,0,0,0,0,0,0,1,0,0,0,0)
Skill = (5,450,450,0,0,0,0,0,0,0,20,0,0,0,0)
Skill = (6,15,0,10,0,0,0,0,0,0,0,743,1100,771,100)
Skill = (7,24,0,10,0,0,0,0,0,0,0,889,1100,953,30)
Skill = (8,10,0,10,0,0,0,0,0,0,0,2,1200,50,50)
Skill = (9,11,0,10,0,0,0,0,0,0,0,66,1200,109,50)
Skill = (10,10,0,10,0,0,0,0,0,0,0,0,1200,50,50)
Skill = (11,14,0,10,0,0,0,0,0,0,0,310,1200,372,50)
Skill = (12,0,2147483647,0,0,0,0,0,0,0,0,0,1000,2147483647,2147483647)
Skill = (13,11,0,10,0,0,0,0,0,0,0,21,1100,42,20)
Skill = (14,0,1200,0,0,0,0,0,0,0,0,0,0,0,0)
Skill = (15,0,2147483647,0,0,0,0,0,0,0,0,0,1000,2147483647,2147483647)
Skill = (16,0,2147483647,0,0,0,0,0,0,0,0,0,1000,2147483647,2147483647)
Skill = (17,0,2147483647,0,0,0,0,0,0,0,0,0,50,2147483647,2147483647)
Skill = (18,0,2147483647,0,0,0,0,0,0,0,0,0,1000,2147483647,2147483647)
Skill = (19,0,2147483647,0,0,0,0,0,0,0,0,0,1000,2147483647,2147483647)
Skill = (20,0,2147483647,0,0,0,0,0,0,0,0,0,1000,2147483647,2147483647)
Skill = (21,0,2147483647,0,0,0,0,0,0,0,0,0,1000,2147483647,2147483647)
Skill = (22,100,100,0,0,0,0,0,120,120,0,0,0,0,0)
Skill = (23,0,2147483647,0,0,0,0,0,0,0,0,0,1000,2147483647,2147483647)
Skill = (24,0,2147483647,0,0,0,0,0,0,0,0,0,1000,2147483647,2147483647)

Spells      = {10}
QuestValues = {(19,1),(20,1),(21,1),(22,1),(23,1),(24,1),(27,1),(125,1),(126,1),(223,1)}
Murders     = {}
