ID              = 9559756
Name            = "Lord sabinas"
Race            = 1
Profession      = 2
OriginalOutfit  = 129-0-81-0-94
CurrentOutfit   = 129-0-81-0-94
LastLogin       = 1130890687
LastLogout      = 1130890886
StartPosition   = [32360,31782,7]
CurrentPosition = [32328,31791,7]
PlayerkillerEnd = 0

Skill = (0,8,0,1,0,0,0,0,0,0,1,4856,0,6400,100)
Skill = (1,2,0,0,0,0,0,0,0,0,0,62,1400,87,20)
Skill = (2,94,185,0,0,0,0,0,0,0,10,0,0,0,0)
Skill = (3,10,35,0,0,0,0,0,0,0,15,0,0,0,0)
Skill = (4,77,77,0,0,0,0,0,0,0,1,0,0,0,0)
Skill = (5,470,470,0,0,0,0,0,0,0,20,0,0,0,0)
Skill = (6,18,0,10,0,0,0,0,0,0,0,1194,1100,1357,100)
Skill = (7,31,0,10,0,0,0,0,0,0,0,1949,1100,2142,30)
Skill = (8,14,0,10,0,0,0,0,0,0,0,344,1200,372,50)
Skill = (9,10,0,10,0,0,0,0,0,0,0,11,1200,50,50)
Skill = (10,10,0,10,0,0,0,0,0,0,0,0,1200,50,50)
Skill = (11,13,0,10,0,0,0,0,0,0,0,185,1200,268,50)
Skill = (12,0,2147483647,0,0,0,0,0,0,0,0,0,1000,2147483647,2147483647)
Skill = (13,17,0,10,0,0,0,0,0,0,0,205,1100,228,20)
Skill = (14,0,1200,0,0,0,0,0,0,0,0,0,0,0,0)
Skill = (15,0,2147483647,0,0,0,0,0,0,0,0,0,1000,2147483647,2147483647)
Skill = (16,0,2147483647,0,0,0,0,0,0,0,0,0,1000,2147483647,2147483647)
Skill = (17,0,2147483647,0,0,0,0,0,0,0,0,0,50,2147483647,2147483647)
Skill = (18,0,2147483647,0,0,0,0,0,8,8,0,0,1000,2147483647,2147483647)
Skill = (19,0,2147483647,0,0,0,0,0,0,0,0,0,1000,2147483647,2147483647)
Skill = (20,0,2147483647,0,0,0,0,0,0,0,0,0,1000,2147483647,2147483647)
Skill = (21,0,2147483647,0,0,0,0,0,0,0,0,0,1000,2147483647,2147483647)
Skill = (22,100,100,0,0,0,0,0,0,0,0,0,0,0,0)
Skill = (23,0,2147483647,0,0,0,0,0,0,0,0,0,1000,2147483647,2147483647)
Skill = (24,0,2147483647,0,0,0,0,0,0,0,0,0,1000,2147483647,2147483647)

Spells      = {1,10,29,51}
QuestValues = {(18,1),(20,1),(21,1),(22,1),(23,1),(35,1),(59,1)}
Murders     = {}
