ID              = 10081404
Name            = "Gaca-Tela"
Race            = 1
Profession      = 3
OriginalOutfit  = 129-114-132-114-0
CurrentOutfit   = 129-114-132-114-0
LastLogin       = 1132068388
LastLogout      = 1132068403
StartPosition   = [32360,31782,7]
CurrentPosition = [32679,31687,7]
PlayerkillerEnd = 0

Skill = (0,14,0,1,0,0,0,0,0,0,1,32779,0,37800,100)
Skill = (1,12,0,0,0,0,0,0,0,0,0,484,1100,490,20)
Skill = (2,215,215,0,0,0,0,0,0,0,5,0,0,0,0)
Skill = (3,54,215,0,0,0,0,0,0,0,30,0,0,0,0)
Skill = (4,83,83,0,0,0,0,0,0,0,1,0,0,0,0)
Skill = (5,530,530,0,0,0,0,0,0,0,10,0,0,0,0)
Skill = (6,16,0,10,0,0,0,0,0,0,0,2424,1500,3217,100)
Skill = (7,10,0,10,0,0,0,0,0,0,0,0,2000,30,30)
Skill = (8,13,0,10,0,0,0,0,0,0,0,612,2000,750,50)
Skill = (9,16,0,10,0,0,0,0,0,0,0,4797,2000,6350,50)
Skill = (10,11,0,10,0,0,0,0,0,0,0,52,2000,150,50)
Skill = (11,10,0,10,0,0,0,0,0,0,0,9,1500,50,50)
Skill = (12,0,2147483647,0,0,0,0,0,0,0,0,0,1000,2147483647,2147483647)
Skill = (13,37,0,10,0,0,0,0,0,0,0,2586,1100,2684,20)
Skill = (14,0,1200,0,0,0,1016,0,0,0,0,0,0,0,0)
Skill = (15,0,2147483647,0,0,0,0,0,83,83,0,0,1000,2147483647,2147483647)
Skill = (16,0,2147483647,0,0,0,0,0,0,0,0,0,1000,2147483647,2147483647)
Skill = (17,0,2147483647,0,0,0,0,0,3,3,0,0,50,2147483647,2147483647)
Skill = (18,0,2147483647,0,0,0,0,0,0,0,0,0,1000,2147483647,2147483647)
Skill = (19,0,2147483647,0,0,0,0,0,0,0,0,0,1000,2147483647,2147483647)
Skill = (20,0,2147483647,0,0,0,0,0,0,0,0,0,1000,2147483647,2147483647)
Skill = (21,0,2147483647,0,0,0,0,0,0,0,0,0,1000,2147483647,2147483647)
Skill = (22,82,100,0,0,0,0,0,120,120,0,0,0,0,0)
Skill = (23,0,2147483647,0,0,0,0,0,0,0,0,0,1000,2147483647,2147483647)
Skill = (24,0,2147483647,0,0,0,0,0,0,0,0,0,1000,2147483647,2147483647)

Spells      = {1,2,3,8,10,20,29}
QuestValues = {(21,1),(22,1),(23,1),(59,1)}
Murders     = {}
