ID              = 10744204
Name            = "Cercenador"
Race            = 1
Profession      = 2
OriginalOutfit  = 128-0-95-57-114
CurrentOutfit   = 128-0-95-57-114
LastLogin       = 1131941668
LastLogout      = 1131943099
StartPosition   = [32369,32241,7]
CurrentPosition = [32336,32223,7]
PlayerkillerEnd = 0

Skill = (0,12,0,1,0,0,0,0,0,0,1,21536,0,23200,100)
Skill = (1,5,0,0,0,0,0,0,0,0,0,278,1400,326,20)
Skill = (2,225,225,0,0,0,0,0,0,0,10,0,0,0,0)
Skill = (3,39,95,0,0,0,0,0,0,0,15,0,0,0,0)
Skill = (4,81,81,0,0,0,0,0,0,0,1,0,0,0,0)
Skill = (5,550,550,0,0,0,0,0,0,0,20,0,0,0,0)
Skill = (6,13,0,10,0,0,0,0,0,0,0,411,1100,464,100)
Skill = (7,41,0,10,0,0,0,0,0,0,0,5647,1100,6034,30)
Skill = (8,10,0,10,0,0,0,0,0,0,0,0,1200,50,50)
Skill = (9,13,0,10,0,0,0,0,0,0,0,247,1200,268,50)
Skill = (10,10,0,10,0,0,0,0,0,0,0,0,1200,50,50)
Skill = (11,10,0,10,0,0,0,0,0,0,0,49,1200,50,50)
Skill = (12,0,2147483647,0,0,0,0,0,0,0,0,0,1000,2147483647,2147483647)
Skill = (13,10,0,10,0,0,0,0,0,0,0,0,1100,20,20)
Skill = (14,0,1200,0,0,0,1104,0,0,0,0,0,0,0,0)
Skill = (15,0,2147483647,0,0,0,0,0,83,83,0,0,1000,2147483647,2147483647)
Skill = (16,0,2147483647,0,0,0,0,0,0,0,0,0,1000,2147483647,2147483647)
Skill = (17,0,2147483647,0,0,0,0,0,3,3,0,0,50,2147483647,2147483647)
Skill = (18,0,2147483647,0,0,0,0,0,0,0,0,0,1000,2147483647,2147483647)
Skill = (19,0,2147483647,0,0,0,0,0,0,0,0,0,1000,2147483647,2147483647)
Skill = (20,0,2147483647,0,0,0,0,0,0,0,0,0,1000,2147483647,2147483647)
Skill = (21,0,2147483647,0,0,0,0,0,0,0,0,0,1000,2147483647,2147483647)
Skill = (22,100,100,0,0,0,0,0,120,120,0,0,0,0,0)
Skill = (23,0,2147483647,0,0,0,0,0,0,0,0,0,1000,2147483647,2147483647)
Skill = (24,0,2147483647,0,0,0,0,0,0,0,0,0,1000,2147483647,2147483647)

Spells      = {1,8,10,20,29,51}
QuestValues = {(20,1),(21,1),(22,1),(23,1),(35,1),(223,1)}
Murders     = {}
