ID              = 11053504
Name            = "Raul reencarnation"
Race            = 1
Profession      = 1
OriginalOutfit  = 129-79-94-114-94
CurrentOutfit   = 129-79-94-114-94
LastLogin       = 1132107088
LastLogout      = 1132110789
StartPosition   = [32957,32076,7]
CurrentPosition = [33020,32058,6]
PlayerkillerEnd = 0

Skill = (0,15,0,1,0,0,0,0,0,0,1,39857,0,47000,100)
Skill = (1,3,0,0,0,0,0,0,0,0,0,351,3000,800,20)
Skill = (2,290,290,0,0,0,0,0,0,0,15,0,0,0,0)
Skill = (3,31,70,0,0,0,0,0,0,0,5,0,0,0,0)
Skill = (4,84,84,0,0,0,0,0,0,0,1,0,0,0,0)
Skill = (5,645,645,0,0,0,0,0,0,0,25,0,0,0,0)
Skill = (6,47,0,10,0,0,0,0,0,0,0,36123,1100,36404,100)
Skill = (7,10,0,10,0,0,0,0,0,0,0,0,1400,30,30)
Skill = (8,48,0,10,0,0,0,0,0,0,0,19473,1100,20072,50)
Skill = (9,10,0,10,0,0,0,0,0,0,0,9,1100,50,50)
Skill = (10,10,0,10,0,0,0,0,0,0,0,0,1100,50,50)
Skill = (11,10,0,10,0,0,0,0,0,0,0,10,1100,50,50)
Skill = (12,0,2147483647,0,0,0,0,0,0,0,0,0,1000,2147483647,2147483647)
Skill = (13,26,0,10,0,0,0,0,0,0,0,769,1100,810,20)
Skill = (14,0,1200,0,0,0,237,0,0,0,0,0,0,0,0)
Skill = (15,0,2147483647,0,0,0,0,0,83,83,0,0,1000,2147483647,2147483647)
Skill = (16,0,2147483647,0,0,0,0,0,0,0,0,0,1000,2147483647,2147483647)
Skill = (17,0,2147483647,0,0,0,0,0,0,0,0,0,50,2147483647,2147483647)
Skill = (18,0,2147483647,0,0,0,0,0,8,8,0,0,1000,2147483647,2147483647)
Skill = (19,0,2147483647,0,0,0,0,0,0,0,0,0,1000,2147483647,2147483647)
Skill = (20,0,2147483647,0,0,0,0,0,0,0,0,0,1000,2147483647,2147483647)
Skill = (21,0,2147483647,0,0,0,0,0,0,0,0,0,1000,2147483647,2147483647)
Skill = (22,100,100,0,0,0,0,0,120,120,0,0,0,0,0)
Skill = (23,0,2147483647,0,0,0,0,0,0,0,0,0,1000,2147483647,2147483647)
Skill = (24,0,2147483647,0,0,0,0,0,0,0,0,0,1000,2147483647,2147483647)

Spells      = {1,10,20}
QuestValues = {(18,1),(20,1),(21,1),(22,1),(23,1),(32,1),(33,1),(34,1),(49,1),(70,1),(71,1),(88,1),(89,1),(90,1),(96,1),(97,1),(98,1),(121,1),(208,1),(223,1)}
Murders     = {1130368968,1130369333}
