ID              = 11521104
Name            = "Slavo Master"
Race            = 1
Profession      = 1
OriginalOutfit  = 128-0-57-114-0
CurrentOutfit   = 128-0-57-114-0
LastLogin       = 1132140023
LastLogout      = 1132142587
StartPosition   = [32957,32076,7]
CurrentPosition = [33034,32143,9]
PlayerkillerEnd = 0

Skill = (0,25,0,1,0,0,0,0,0,0,1,214818,0,232500,100)
Skill = (1,3,0,0,0,0,0,0,0,0,0,684,3000,800,20)
Skill = (2,440,440,0,0,0,0,0,0,0,15,0,0,0,0)
Skill = (3,1,120,0,0,0,0,0,0,0,5,0,0,0,0)
Skill = (4,94,94,0,0,0,0,0,0,0,1,0,0,0,0)
Skill = (5,895,895,0,0,0,0,0,0,0,25,0,0,0,0)
Skill = (6,48,0,10,0,0,0,0,0,0,0,38525,1100,40144,100)
Skill = (7,11,0,10,0,0,0,0,0,0,0,39,1400,71,30)
Skill = (8,50,0,10,0,0,0,0,0,0,0,23643,1100,24392,50)
Skill = (9,12,0,10,0,0,0,0,0,0,0,162,1100,165,50)
Skill = (10,15,0,10,0,0,0,0,0,0,0,330,1100,385,50)
Skill = (11,10,0,10,0,0,0,0,0,0,0,42,1100,50,50)
Skill = (12,0,2147483647,0,0,0,0,0,0,0,0,0,1000,2147483647,2147483647)
Skill = (13,22,0,10,0,0,0,0,0,0,0,461,1100,490,20)
Skill = (14,0,1200,0,0,0,285,0,0,0,0,0,0,0,0)
Skill = (15,0,2147483647,0,0,0,0,0,83,83,0,0,1000,2147483647,2147483647)
Skill = (16,0,2147483647,0,0,0,0,0,0,0,0,0,1000,2147483647,2147483647)
Skill = (17,0,2147483647,0,0,0,0,0,3,3,0,0,50,2147483647,2147483647)
Skill = (18,0,2147483647,0,0,0,0,0,8,8,0,0,1000,2147483647,2147483647)
Skill = (19,0,2147483647,0,0,0,0,0,0,0,0,0,1000,2147483647,2147483647)
Skill = (20,0,2147483647,0,0,0,0,0,0,0,0,0,1000,2147483647,2147483647)
Skill = (21,0,2147483647,0,0,0,0,0,0,0,0,0,1000,2147483647,2147483647)
Skill = (22,100,100,0,0,0,0,0,120,120,0,0,0,0,0)
Skill = (23,0,2147483647,0,0,0,0,0,0,0,0,0,1000,2147483647,2147483647)
Skill = (24,0,2147483647,0,0,0,0,0,0,0,0,0,1000,2147483647,2147483647)

Spells      = {1,10}
QuestValues = {(20,1),(21,1),(22,1),(23,1),(35,1),(59,1),(69,1),(96,1),(97,1),(98,1),(99,1),(223,1)}
Murders     = {}
