ID              = 8353804
Name            = "Elemental Porrete"
Race            = 1
Profession      = 1
OriginalOutfit  = 136-1-0-0-114
CurrentOutfit   = 136-1-0-0-114
LastLogin       = 1132142611
LastLogout      = 1132142619
StartPosition   = [32957,32076,7]
CurrentPosition = [32556,31983,7]
PlayerkillerEnd = 0

Skill = (0,26,0,1,0,0,0,0,0,0,1,252265,0,262600,100)
Skill = (1,4,0,0,0,0,0,0,0,0,0,2147,3000,2420,20)
Skill = (2,448,455,0,0,0,0,0,0,0,15,0,0,0,0)
Skill = (3,41,125,0,0,0,0,0,0,0,5,0,0,0,0)
Skill = (4,95,95,0,0,0,0,0,0,0,1,0,0,0,0)
Skill = (5,920,920,0,0,0,0,0,0,0,25,0,0,0,0)
Skill = (6,64,0,10,0,0,0,0,0,0,0,184259,1100,188059,100)
Skill = (7,10,0,10,0,0,0,0,0,0,0,20,1400,30,30)
Skill = (8,62,0,10,0,0,0,0,0,0,0,77130,1100,77623,50)
Skill = (9,48,0,10,0,0,0,0,0,0,0,18896,1100,20072,50)
Skill = (10,10,0,10,0,0,0,0,0,0,0,31,1100,50,50)
Skill = (11,11,0,10,0,0,0,0,0,0,0,81,1100,105,50)
Skill = (12,0,2147483647,0,0,0,0,0,0,0,0,0,1000,2147483647,2147483647)
Skill = (13,49,0,10,0,0,0,0,0,0,0,8030,1100,8851,20)
Skill = (14,0,1200,0,0,0,1076,0,0,0,0,0,0,0,0)
Skill = (15,0,2147483647,0,0,0,3,0,59,83,0,0,1000,2147483647,2147483647)
Skill = (16,0,2147483647,0,0,0,0,0,0,0,0,0,1000,2147483647,2147483647)
Skill = (17,0,2147483647,0,0,0,0,0,3,3,0,0,50,2147483647,2147483647)
Skill = (18,0,2147483647,0,0,0,0,0,8,8,0,0,1000,2147483647,2147483647)
Skill = (19,0,2147483647,0,0,0,0,0,0,0,0,0,1000,2147483647,2147483647)
Skill = (20,0,2147483647,0,0,0,0,0,120,120,0,0,1000,2147483647,2147483647)
Skill = (21,0,2147483647,0,0,0,0,0,0,0,0,0,1000,2147483647,2147483647)
Skill = (22,100,100,0,0,0,1,0,97,120,0,0,0,0,0)
Skill = (23,0,2147483647,0,0,0,0,0,0,0,0,0,1000,2147483647,2147483647)
Skill = (24,0,2147483647,0,0,0,0,0,0,0,0,0,1000,2147483647,2147483647)

Spells      = {1,10,20,29}
QuestValues = {(17,1),(20,1),(21,1),(22,1),(23,1),(36,1),(49,1),(59,1),(61,1),(72,1),(73,1),(74,1),(75,1),(96,1),(97,1),(98,1),(121,1),(125,1),(126,1),(190,1),(191,1)}
Murders     = {}
