ID              = 8793104
Name            = "Mystarya"
Race            = 1
Profession      = 1
OriginalOutfit  = 138-3-114-3-114
CurrentOutfit   = 138-3-114-3-114
LastLogin       = 1123946360
LastLogout      = 1123946790
StartPosition   = [32360,31782,7]
CurrentPosition = [32478,31623,7]
PlayerkillerEnd = 0

Skill = (0,9,0,1,0,0,0,0,0,0,1,6904,0,9300,100)
Skill = (1,2,0,0,0,0,0,0,0,0,0,108,3000,260,20)
Skill = (2,47,200,0,0,0,0,0,0,0,15,0,0,0,0)
Skill = (3,40,40,0,0,0,0,0,0,0,5,0,0,0,0)
Skill = (4,78,78,0,0,0,0,0,0,0,1,0,0,0,0)
Skill = (5,495,495,0,0,0,0,0,0,0,25,0,0,0,0)
Skill = (6,32,0,10,0,0,0,0,0,0,0,7855,1100,7954,100)
Skill = (7,10,0,10,0,0,0,0,0,0,0,6,1400,30,30)
Skill = (8,28,0,10,0,0,0,0,0,0,0,2355,1100,2557,50)
Skill = (9,30,0,10,0,0,0,0,0,0,0,3075,1100,3200,50)
Skill = (10,10,0,10,0,0,0,0,0,0,0,15,1100,50,50)
Skill = (11,10,0,10,0,0,0,0,0,0,0,17,1100,50,50)
Skill = (12,0,2147483647,0,0,0,0,0,0,0,0,0,1000,2147483647,2147483647)
Skill = (13,26,0,10,0,0,0,0,0,0,0,802,1100,810,20)
Skill = (14,0,1200,0,0,0,295,0,0,0,0,0,0,0,0)
Skill = (15,0,2147483647,0,0,0,0,0,0,0,0,0,1000,2147483647,2147483647)
Skill = (16,0,2147483647,0,0,0,0,0,0,0,0,0,1000,2147483647,2147483647)
Skill = (17,0,2147483647,0,0,0,0,0,0,0,0,0,50,2147483647,2147483647)
Skill = (18,0,2147483647,0,0,0,0,0,0,0,0,0,1000,2147483647,2147483647)
Skill = (19,0,2147483647,0,0,0,0,0,0,0,0,0,1000,2147483647,2147483647)
Skill = (20,0,2147483647,0,0,0,0,0,0,0,0,0,1000,2147483647,2147483647)
Skill = (21,0,2147483647,0,0,0,0,0,0,0,0,0,1000,2147483647,2147483647)
Skill = (22,100,100,0,0,0,0,0,0,0,0,0,0,0,0)
Skill = (23,0,2147483647,0,0,0,0,0,0,0,0,0,1000,2147483647,2147483647)
Skill = (24,0,2147483647,0,0,0,0,0,0,0,0,0,1000,2147483647,2147483647)

Spells      = {1,10,11,29}
QuestValues = {(20,1),(59,1),(61,1),(96,1),(97,1),(98,1),(125,1),(126,1)}
Murders     = {}
