ID              = 9175004
Name            = "Xilef Cat"
Race            = 1
Profession      = 11
OriginalOutfit  = 134-77-132-114-0
CurrentOutfit   = 134-77-132-114-0
LastLogin       = 1132079406
LastLogout      = 1132079845
StartPosition   = [32732,31634,7]
CurrentPosition = [32683,31685,7]
PlayerkillerEnd = 0

Skill = (0,72,0,1,0,0,0,0,0,0,1,5820266,0,5971200,100)
Skill = (1,6,0,0,0,0,0,0,0,0,0,12523,3000,21860,20)
Skill = (2,1145,1145,0,0,0,0,0,0,0,15,0,0,0,0)
Skill = (3,26,355,0,0,0,0,0,0,0,5,0,0,0,0)
Skill = (4,141,141,0,0,0,0,0,10,10,1,0,0,0,0)
Skill = (5,2070,2070,0,0,0,0,0,0,0,25,0,0,0,0)
Skill = (6,77,0,10,0,0,0,0,0,0,0,651494,1100,651683,100)
Skill = (7,10,0,10,0,0,0,0,0,0,0,0,1400,30,30)
Skill = (8,10,0,10,0,0,0,0,0,0,0,6,1100,50,50)
Skill = (9,10,0,10,0,0,0,0,0,0,0,29,1100,50,50)
Skill = (10,81,0,10,0,0,0,0,0,0,0,466537,1100,477296,50)
Skill = (11,13,0,10,0,0,0,0,0,0,0,228,1100,232,50)
Skill = (12,0,2147483647,0,0,0,0,0,0,0,0,0,1000,2147483647,2147483647)
Skill = (13,53,0,10,0,0,0,0,0,0,0,12633,1100,13052,20)
Skill = (14,0,1200,0,0,0,0,0,0,0,0,0,0,0,0)
Skill = (15,0,2147483647,0,0,0,0,0,0,0,0,0,1000,2147483647,2147483647)
Skill = (16,0,2147483647,0,0,0,0,0,0,0,0,0,1000,2147483647,2147483647)
Skill = (17,0,2147483647,0,0,0,0,0,0,0,0,0,50,2147483647,2147483647)
Skill = (18,0,2147483647,0,0,0,0,0,0,0,0,0,1000,2147483647,2147483647)
Skill = (19,0,2147483647,0,0,0,0,0,0,0,0,0,1000,2147483647,2147483647)
Skill = (20,0,2147483647,0,0,0,0,0,0,0,0,0,1000,2147483647,2147483647)
Skill = (21,0,2147483647,0,0,0,0,0,0,0,0,0,1000,2147483647,2147483647)
Skill = (22,200,200,0,0,0,0,0,0,0,0,0,0,0,0)
Skill = (23,0,2147483647,0,0,0,0,0,0,0,0,0,1000,2147483647,2147483647)
Skill = (24,0,2147483647,0,0,0,0,0,0,0,0,0,1000,2147483647,2147483647)

Spells      = {1,6,10,11,20,29,76,80,81,93}
QuestValues = {(1,1),(2,6),(3,1),(4,1),(5,1),(6,1),(7,1),(8,1),(9,1),(10,1),(11,1),(12,1),(14,1),(15,1),(16,1),(36,1),(38,1),(41,1),(42,1),(43,1),(44,1),(50,1),(56,1),(62,1),(63,1),(64,1),(67,1),(68,1),(69,1),(70,1),(71,1),(76,1),(77,1),(78,1),(88,1),(89,1),(90,1),(91,1),(92,1),(93,1),(94,1),(95,1),(96,1),(97,1),(98,1),(99,1),(106,1),(107,1),(110,1),(111,1),(112,1),(113,1),(114,1),(115,1),(122,1),(125,1),(126,1),(127,1),(133,1),(134,1),(137,1),(138,1),(139,1),(148,1),(149,1),(150,1),(151,1),(152,1),(153,1),(154,1),(156,1),(157,1),(158,1),(159,1),(160,1),(161,1),(170,1),(171,1),(172,1),(174,1),(176,1),(177,1),(178,1),(179,1),(180,1),(181,1),(182,1),(183,1),(184,1),(185,1),(186,1),(190,1),(191,1),(193,1),(194,1),(195,1),(196,1),(197,1),(198,1),(200,1),(201,1),(202,1),(205,1),(208,1),(209,1),(211,4),(222,1),(223,1),(224,1),(225,1),(226,1),(227,5),(228,2),(229,3),(230,21),(231,2),(232,1),(233,10),(234,7),(235,1),(236,1),(237,1),(238,1),(239,1),(240,1),(241,1),(242,1),(243,1),(244,2),(245,2),(246,1),(247,1),(248,1),(249,5),(250,5),(251,1),(257,1),(278,2),(280,1),(292,1)}
Murders     = {}
