ID              = 9432604
Name            = "Lord itachi"
Race            = 1
Profession      = 1
OriginalOutfit  = 128-20-114-114-132
CurrentOutfit   = 128-20-114-114-132
LastLogin       = 1132075120
LastLogout      = 1132075139
StartPosition   = [32957,32076,7]
CurrentPosition = [32646,31675,7]
PlayerkillerEnd = 0

Skill = (0,35,0,1,0,0,0,0,0,0,1,632602,0,658000,100)
Skill = (1,4,0,0,0,0,0,0,0,0,0,2133,3000,2420,20)
Skill = (2,590,590,0,0,0,0,0,0,0,15,0,0,0,0)
Skill = (3,152,170,0,0,0,0,0,0,0,5,0,0,0,0)
Skill = (4,104,104,0,0,0,0,0,0,0,1,0,0,0,0)
Skill = (5,1145,1145,0,0,0,0,0,0,0,25,0,0,0,0)
Skill = (6,70,0,10,0,0,0,0,0,0,0,304317,1100,333929,100)
Skill = (7,10,0,10,0,0,0,0,0,0,0,1,1400,30,30)
Skill = (8,70,0,10,0,0,0,0,0,0,0,163476,1100,166964,50)
Skill = (9,12,0,10,0,0,0,0,0,0,0,140,1100,165,50)
Skill = (10,10,0,10,0,0,0,0,0,0,0,0,1100,50,50)
Skill = (11,10,0,10,0,0,0,0,0,0,0,1,1100,50,50)
Skill = (12,0,2147483647,0,0,0,0,0,0,0,0,0,1000,2147483647,2147483647)
Skill = (13,51,0,10,0,0,0,0,0,0,0,9797,1100,10752,20)
Skill = (14,0,1200,0,0,0,0,0,0,0,0,0,0,0,0)
Skill = (15,0,2147483647,0,0,0,0,0,83,83,0,0,1000,2147483647,2147483647)
Skill = (16,0,2147483647,0,0,0,0,0,0,0,0,0,1000,2147483647,2147483647)
Skill = (17,0,2147483647,0,0,0,0,0,3,3,0,0,50,2147483647,2147483647)
Skill = (18,0,2147483647,0,0,0,0,0,8,8,0,0,1000,2147483647,2147483647)
Skill = (19,0,2147483647,0,0,0,0,0,10,10,0,0,1000,2147483647,2147483647)
Skill = (20,0,2147483647,0,0,0,0,0,0,0,0,0,1000,2147483647,2147483647)
Skill = (21,0,2147483647,0,0,0,0,0,0,0,0,0,1000,2147483647,2147483647)
Skill = (22,100,100,0,0,0,0,0,120,120,0,0,0,0,0)
Skill = (23,0,2147483647,0,0,0,0,0,0,0,0,0,1000,2147483647,2147483647)
Skill = (24,0,2147483647,0,0,0,0,0,0,0,0,0,1000,2147483647,2147483647)

Spells      = {1,10,20,29}
QuestValues = {(20,1),(21,1),(22,1),(32,1),(33,1),(34,1),(35,1),(58,1),(59,1),(96,1),(97,1),(99,1),(137,1),(151,1),(152,1),(190,1),(191,1),(208,1)}
Murders     = {}
