ID              = 8128241
Name            = "Smock Reth"
Race            = 1
Profession      = 13
OriginalOutfit  = 128-58-69-95-34
CurrentOutfit   = 128-58-69-95-34
LastLogin       = 1130111096
LastLogout      = 1130117766
StartPosition   = [32957,32076,7]
CurrentPosition = [32920,32072,7]
PlayerkillerEnd = 0

Skill = (0,29,0,1,0,0,0,0,0,0,1,346440,0,368300,100)
Skill = (1,45,0,0,0,0,0,0,0,0,0,15516,1100,15835,20)
Skill = (2,290,290,0,0,0,0,0,0,0,5,0,0,0,0)
Skill = (3,37,665,0,0,0,0,0,0,0,30,0,0,0,0)
Skill = (4,98,98,0,0,0,0,0,0,0,1,0,0,0,0)
Skill = (5,680,680,0,0,0,0,0,0,0,10,0,0,0,0)
Skill = (6,22,0,10,0,0,0,0,0,0,0,33999,1500,38723,100)
Skill = (7,11,0,10,0,0,0,0,0,0,0,34,2000,90,30)
Skill = (8,19,0,10,0,0,0,0,0,0,0,29871,2000,51150,50)
Skill = (9,12,0,10,0,0,0,0,0,0,0,153,2000,350,50)
Skill = (10,10,0,10,0,0,0,0,0,0,0,6,2000,50,50)
Skill = (11,15,0,10,0,0,0,0,0,0,0,767,1500,1039,50)
Skill = (12,0,2147483647,0,0,0,0,0,0,0,0,0,1000,2147483647,2147483647)
Skill = (13,51,0,10,0,0,0,0,0,0,0,10121,1100,10752,20)
Skill = (14,0,1200,0,0,0,0,0,0,0,0,0,0,0,0)
Skill = (15,0,2147483647,0,0,0,0,0,125,125,0,0,1000,2147483647,2147483647)
Skill = (16,0,2147483647,0,0,0,0,0,6000,6000,0,0,1000,2147483647,2147483647)
Skill = (17,0,2147483647,0,0,0,0,0,3,3,0,0,50,2147483647,2147483647)
Skill = (18,0,2147483647,0,0,0,0,0,8,8,0,0,1000,2147483647,2147483647)
Skill = (19,0,2147483647,0,0,0,0,0,10,10,0,0,1000,2147483647,2147483647)
Skill = (20,0,2147483647,0,0,0,0,0,120,120,0,0,1000,2147483647,2147483647)
Skill = (21,0,2147483647,0,0,0,0,0,0,0,0,0,1000,2147483647,2147483647)
Skill = (22,5,100,0,0,0,0,0,120,120,0,0,0,0,0)
Skill = (23,0,2147483647,0,0,0,0,0,0,0,0,0,1000,2147483647,2147483647)
Skill = (24,0,2147483647,0,0,0,0,0,0,0,0,0,1000,2147483647,2147483647)

Spells      = {1,3,6,8,9,10,11,13,16,20,21,29,30,38,39,44,45,76,81,87,88}
QuestValues = {(17,1),(18,1),(20,1),(21,1),(22,1),(23,1),(27,1),(32,1),(33,1),(34,1),(37,1),(46,1),(49,1),(59,1),(86,1),(87,1),(88,1),(89,1),(90,1),(91,1),(92,1),(93,1),(94,1),(95,1),(96,1),(97,1),(98,1),(99,1),(106,1),(107,1),(109,1),(111,1),(112,1),(113,1),(114,1),(115,1),(121,1),(125,1),(126,1),(131,1),(134,1),(153,1),(190,1),(191,1),(211,2),(213,1),(214,1),(215,1),(223,1),(224,1),(226,1),(227,5),(228,2),(229,3),(230,21),(231,2),(232,1),(233,10),(234,6),(235,1),(236,1),(238,1),(239,1),(240,1),(241,1),(249,3),(250,3),(251,1),(253,1),(254,1)}
Murders     = {}
