ID              = 9544541
Name            = "Drud Sycervan"
Race            = 1
Profession      = 0
OriginalOutfit  = 129-114-125-114-114
CurrentOutfit   = 129-114-125-114-114
LastLogin       = 1128117748
LastLogout      = 1128118289
StartPosition   = [32097,32219,7]
CurrentPosition = [32098,32189,6]
PlayerkillerEnd = 0

Skill = (0,7,0,1,0,0,0,0,0,0,1,3341,0,4200,100)
Skill = (1,0,0,0,0,0,0,0,0,0,0,0,3000,20,20)
Skill = (2,95,180,0,0,0,0,0,0,0,5,0,0,0,0)
Skill = (3,30,30,0,0,0,0,0,0,0,5,0,0,0,0)
Skill = (4,76,76,0,0,0,0,0,0,0,1,0,0,0,0)
Skill = (5,460,460,0,0,0,0,0,0,0,10,0,0,0,0)
Skill = (6,16,0,10,0,0,0,0,0,0,0,2213,1500,3217,100)
Skill = (7,10,0,10,0,0,0,0,0,0,0,3,2000,30,30)
Skill = (8,15,0,10,0,0,0,0,0,0,0,1790,2000,3150,50)
Skill = (9,14,0,10,0,0,0,0,0,0,0,1036,2000,1550,50)
Skill = (10,10,0,10,0,0,0,0,0,0,0,45,2000,50,50)
Skill = (11,11,0,10,0,0,0,0,0,0,0,54,1500,125,50)
Skill = (12,0,2147483647,0,0,0,0,0,0,0,0,0,1000,2147483647,2147483647)
Skill = (13,10,0,10,0,0,0,0,0,0,0,0,1100,20,20)
Skill = (14,0,1200,0,0,0,0,0,0,0,0,0,0,0,0)
Skill = (15,0,2147483647,0,0,0,0,0,0,0,0,0,1000,2147483647,2147483647)
Skill = (16,0,2147483647,0,0,0,0,0,0,0,0,0,1000,2147483647,2147483647)
Skill = (17,0,2147483647,0,0,0,0,0,3,3,0,0,50,2147483647,2147483647)
Skill = (18,0,2147483647,0,0,0,0,0,0,0,0,0,1000,2147483647,2147483647)
Skill = (19,0,2147483647,0,0,0,0,0,0,0,0,0,1000,2147483647,2147483647)
Skill = (20,0,2147483647,0,0,0,0,0,0,0,0,0,1000,2147483647,2147483647)
Skill = (21,0,2147483647,0,0,0,0,0,0,0,0,0,1000,2147483647,2147483647)
Skill = (22,100,100,0,0,0,0,0,0,0,0,0,0,0,0)
Skill = (23,0,2147483647,0,0,0,0,0,0,0,0,0,1000,2147483647,2147483647)
Skill = (24,0,2147483647,0,0,0,0,0,0,0,0,0,1000,2147483647,2147483647)

Spells      = {}
QuestValues = {(20,1),(35,1),(59,1)}
Murders     = {}
