ID              = 9616841
Name            = "Death Goddess"
Race            = 1
Profession      = 1
OriginalOutfit  = 142-1-114-113-95
CurrentOutfit   = 142-1-114-113-95
LastLogin       = 1124053184
LastLogout      = 1124053542
StartPosition   = [32595,32744,6]
CurrentPosition = [32419,32232,6]
PlayerkillerEnd = 0

Skill = (0,18,0,1,0,0,0,0,0,0,1,79020,0,83400,100)
Skill = (1,3,0,0,0,0,0,0,0,0,0,261,3000,800,20)
Skill = (2,269,335,0,0,0,0,0,0,0,15,0,0,0,0)
Skill = (3,85,85,0,0,0,0,0,0,0,5,0,0,0,0)
Skill = (4,87,87,0,0,0,0,0,0,0,1,0,0,0,0)
Skill = (5,720,720,0,0,0,0,0,0,0,25,0,0,0,0)
Skill = (6,38,0,10,0,0,0,0,0,0,0,13812,1100,14863,100)
Skill = (7,10,0,10,0,0,0,0,0,0,0,21,1400,30,30)
Skill = (8,42,0,10,0,0,0,0,0,0,0,10182,1100,11112,50)
Skill = (9,10,0,10,0,0,0,0,0,0,0,9,1100,50,50)
Skill = (10,10,0,10,0,0,0,0,0,0,0,0,1100,50,50)
Skill = (11,10,0,10,0,0,0,0,0,0,0,8,1100,50,50)
Skill = (12,0,2147483647,0,0,0,0,0,0,0,0,0,1000,2147483647,2147483647)
Skill = (13,10,0,10,0,0,0,0,0,0,0,9,1100,20,20)
Skill = (14,0,1200,0,0,0,0,0,0,0,0,0,0,0,0)
Skill = (15,0,2147483647,0,0,0,0,0,83,83,0,0,1000,2147483647,2147483647)
Skill = (16,0,2147483647,0,0,0,0,0,0,0,0,0,1000,2147483647,2147483647)
Skill = (17,0,2147483647,0,0,0,0,0,3,3,0,0,50,2147483647,2147483647)
Skill = (18,0,2147483647,0,0,0,0,0,0,0,0,0,1000,2147483647,2147483647)
Skill = (19,0,2147483647,0,0,0,0,0,0,0,0,0,1000,2147483647,2147483647)
Skill = (20,0,2147483647,0,0,0,0,0,0,0,0,0,1000,2147483647,2147483647)
Skill = (21,0,2147483647,0,0,0,0,0,0,0,0,0,1000,2147483647,2147483647)
Skill = (22,100,100,0,0,0,0,0,120,120,0,0,0,0,0)
Skill = (23,0,2147483647,0,0,0,0,0,0,0,0,0,1000,2147483647,2147483647)
Skill = (24,0,2147483647,0,0,0,0,0,0,0,0,0,1000,2147483647,2147483647)

Spells      = {1,10,20,29}
QuestValues = {(20,1),(21,1),(22,1),(23,1),(30,1),(32,1),(33,1),(34,1),(35,1),(55,1),(100,1),(106,1),(107,1),(140,1),(141,1)}
Murders     = {}
