ID              = 10789414
Name            = "Xax'ox of predator"
Race            = 1
Profession      = 2
OriginalOutfit  = 134-14-53-72-91
CurrentOutfit   = 134-14-53-72-91
LastLogin       = 1128875630
LastLogout      = 1128875634
StartPosition   = [33194,32853,8]
CurrentPosition = [33200,32850,6]
PlayerkillerEnd = 0

Skill = (0,15,0,1,0,0,0,0,0,0,1,39752,0,47000,100)
Skill = (1,6,0,0,0,0,0,0,0,0,0,400,1400,477,20)
Skill = (2,255,255,0,0,0,0,0,0,0,10,0,0,0,0)
Skill = (3,3,140,0,0,0,0,0,0,0,15,0,0,0,0)
Skill = (4,84,84,0,0,0,0,0,0,0,1,0,0,0,0)
Skill = (5,610,610,0,0,0,0,0,0,0,20,0,0,0,0)
Skill = (6,32,0,10,0,0,0,0,0,0,0,7708,1100,7954,100)
Skill = (7,46,0,10,0,0,0,0,0,0,0,9330,1100,9901,30)
Skill = (8,10,0,10,0,0,0,0,0,0,0,0,1200,50,50)
Skill = (9,22,0,10,0,0,0,0,0,0,0,2072,1200,2424,50)
Skill = (10,10,0,10,0,0,0,0,0,0,0,0,1200,50,50)
Skill = (11,15,0,10,0,0,0,0,0,0,0,430,1200,496,50)
Skill = (12,0,2147483647,0,0,0,0,0,0,0,0,0,1000,2147483647,2147483647)
Skill = (13,23,0,10,0,0,0,0,0,0,0,551,1100,559,20)
Skill = (14,0,1200,0,0,0,0,0,0,0,0,0,0,0,0)
Skill = (15,0,2147483647,0,0,0,0,0,83,83,0,0,1000,2147483647,2147483647)
Skill = (16,0,2147483647,0,0,0,0,0,0,0,0,0,1000,2147483647,2147483647)
Skill = (17,0,2147483647,0,0,0,0,0,3,3,0,0,50,2147483647,2147483647)
Skill = (18,0,2147483647,0,0,0,0,0,1,1,0,0,1000,2147483647,2147483647)
Skill = (19,0,2147483647,0,0,0,0,0,0,0,0,0,1000,2147483647,2147483647)
Skill = (20,0,2147483647,0,0,0,0,0,0,0,0,0,1000,2147483647,2147483647)
Skill = (21,0,2147483647,0,0,0,0,0,0,0,0,0,1000,2147483647,2147483647)
Skill = (22,100,100,0,0,0,0,0,120,120,0,0,0,0,0)
Skill = (23,0,2147483647,0,0,0,0,0,0,0,0,0,1000,2147483647,2147483647)
Skill = (24,0,2147483647,0,0,0,0,0,0,0,0,0,1000,2147483647,2147483647)

Spells      = {1,2,10,20,29,44,51}
QuestValues = {(60,1),(61,1),(84,1),(85,1),(86,1),(87,1)}
Murders     = {}
