ID              = 10922314
Name            = "Sir Chanuco"
Race            = 1
Profession      = 1
OriginalOutfit  = 128-114-94-114-114
CurrentOutfit   = 128-114-94-114-114
LastLogin       = 1130207442
LastLogout      = 1130208617
StartPosition   = [32360,31782,7]
CurrentPosition = [31969,31582,7]
PlayerkillerEnd = 0

Skill = (0,9,0,1,0,0,0,0,0,0,1,7799,0,9300,100)
Skill = (1,1,0,0,0,0,0,0,0,0,0,31,3000,80,20)
Skill = (2,126,200,0,0,0,0,0,0,0,15,0,0,0,0)
Skill = (3,40,40,0,0,0,0,0,0,0,5,0,0,0,0)
Skill = (4,78,78,0,0,0,0,0,0,0,1,0,0,0,0)
Skill = (5,495,495,0,0,0,0,0,0,0,25,0,0,0,0)
Skill = (6,27,0,10,0,0,0,0,0,0,0,4426,1100,4559,100)
Skill = (7,10,0,10,0,0,0,0,0,0,0,0,1400,30,30)
Skill = (8,29,0,10,0,0,0,0,0,0,0,2652,1100,2863,50)
Skill = (9,11,0,10,0,0,0,0,0,0,0,86,1100,105,50)
Skill = (10,10,0,10,0,0,0,0,0,0,0,0,1100,50,50)
Skill = (11,10,0,10,0,0,0,0,0,0,0,0,1100,50,50)
Skill = (12,0,2147483647,0,0,0,0,0,0,0,0,0,1000,2147483647,2147483647)
Skill = (13,10,0,10,0,0,0,0,0,0,0,0,1100,20,20)
Skill = (14,0,1200,0,0,0,0,0,0,0,0,0,0,0,0)
Skill = (15,0,2147483647,0,0,0,0,0,83,83,0,0,1000,2147483647,2147483647)
Skill = (16,0,2147483647,0,0,0,0,0,0,0,0,0,1000,2147483647,2147483647)
Skill = (17,0,2147483647,0,0,0,0,0,3,3,0,0,50,2147483647,2147483647)
Skill = (18,0,2147483647,0,0,0,0,0,0,0,0,0,1000,2147483647,2147483647)
Skill = (19,0,2147483647,0,0,0,0,0,0,0,0,0,1000,2147483647,2147483647)
Skill = (20,0,2147483647,0,0,0,0,0,0,0,0,0,1000,2147483647,2147483647)
Skill = (21,0,2147483647,0,0,0,0,0,0,0,0,0,1000,2147483647,2147483647)
Skill = (22,100,100,0,0,0,2,0,40,120,0,0,0,0,0)
Skill = (23,0,2147483647,0,0,0,0,0,0,0,0,0,1000,2147483647,2147483647)
Skill = (24,0,2147483647,0,0,0,0,0,0,0,0,0,1000,2147483647,2147483647)

Spells      = {1,10,20}
QuestValues = {(35,1),(59,1)}
Murders     = {}
