ID              = 11054914
Name            = "Dementieval"
Race            = 1
Profession      = 1
OriginalOutfit  = 137-114-39-75-115
CurrentOutfit   = 137-114-39-75-115
LastLogin       = 1132090751
LastLogout      = 1132095058
StartPosition   = [32360,31782,7]
CurrentPosition = [32703,31594,10]
PlayerkillerEnd = 0

Skill = (0,11,0,1,0,0,0,0,0,0,1,16175,0,17600,100)
Skill = (1,3,0,0,0,0,0,0,0,0,0,325,3000,800,20)
Skill = (2,230,230,0,0,0,0,0,0,0,15,0,0,0,0)
Skill = (3,30,50,0,0,0,0,0,0,0,5,0,0,0,0)
Skill = (4,80,80,0,0,0,0,0,0,0,1,0,0,0,0)
Skill = (5,545,545,0,0,0,0,0,0,0,25,0,0,0,0)
Skill = (6,50,0,10,0,0,0,0,0,0,0,45078,1100,48785,100)
Skill = (7,10,0,10,0,0,0,0,0,0,0,0,1400,30,30)
Skill = (8,52,0,10,0,0,0,0,0,0,0,28802,1100,29620,50)
Skill = (9,10,0,10,0,0,0,0,0,0,0,0,1100,50,50)
Skill = (10,10,0,10,0,0,0,0,0,0,0,0,1100,50,50)
Skill = (11,10,0,10,0,0,0,0,0,0,0,10,1100,50,50)
Skill = (12,0,2147483647,0,0,0,0,0,0,0,0,0,1000,2147483647,2147483647)
Skill = (13,19,0,10,0,0,0,0,0,0,0,292,1100,318,20)
Skill = (14,0,1200,0,0,0,435,0,0,0,0,0,0,0,0)
Skill = (15,0,2147483647,0,0,0,6,0,77,83,0,0,1000,2147483647,2147483647)
Skill = (16,0,2147483647,0,0,0,0,0,0,0,0,0,1000,2147483647,2147483647)
Skill = (17,0,2147483647,0,0,0,0,0,3,3,0,0,50,2147483647,2147483647)
Skill = (18,0,2147483647,0,0,0,0,0,8,8,0,0,1000,2147483647,2147483647)
Skill = (19,0,2147483647,0,0,0,0,0,0,0,0,0,1000,2147483647,2147483647)
Skill = (20,0,2147483647,0,0,0,0,0,0,0,0,0,1000,2147483647,2147483647)
Skill = (21,0,2147483647,0,0,0,0,0,0,0,0,0,1000,2147483647,2147483647)
Skill = (22,100,100,0,0,0,0,0,120,120,0,0,0,0,0)
Skill = (23,0,2147483647,0,0,0,0,0,0,0,0,0,1000,2147483647,2147483647)
Skill = (24,0,2147483647,0,0,0,0,0,0,0,0,0,1000,2147483647,2147483647)

Spells      = {1,10,29}
QuestValues = {(20,1),(21,1),(22,1),(23,1),(32,1),(34,1),(59,1)}
Murders     = {}
