ID              = 7943614
Name            = "Paxan Citizen"
Race            = 1
Profession      = 11
OriginalOutfit  = 134-79-95-95-79
CurrentOutfit   = 134-79-95-95-79
LastLogin       = 1130969363
LastLogout      = 1130969390
StartPosition   = [32369,32241,7]
CurrentPosition = [33163,31813,9]
PlayerkillerEnd = 0

Skill = (0,42,0,1,0,0,0,0,0,0,1,1121632,0,1152200,100)
Skill = (1,4,0,0,0,0,0,0,0,0,0,1565,3000,2420,20)
Skill = (2,695,695,0,0,0,0,0,0,0,15,0,0,0,0)
Skill = (3,36,205,0,0,0,0,0,0,0,5,0,0,0,0)
Skill = (4,111,111,0,0,0,0,0,10,10,1,0,0,0,0)
Skill = (5,1320,1320,0,0,0,0,0,0,0,25,0,0,0,0)
Skill = (6,47,0,10,0,0,0,0,0,0,0,35142,1100,36404,100)
Skill = (7,10,0,10,0,0,0,0,0,0,0,4,1400,30,30)
Skill = (8,57,0,10,0,0,0,0,0,0,0,44555,1100,48008,50)
Skill = (9,10,0,10,0,0,0,0,0,0,0,12,1100,50,50)
Skill = (10,10,0,10,0,0,0,0,0,0,0,0,1100,50,50)
Skill = (11,12,0,10,0,0,0,0,0,0,0,107,1100,165,50)
Skill = (12,0,2147483647,0,0,0,0,0,0,0,0,0,1000,2147483647,2147483647)
Skill = (13,11,0,10,0,0,0,0,0,0,0,36,1100,42,20)
Skill = (14,0,1200,0,0,0,0,0,0,0,0,0,0,0,0)
Skill = (15,0,2147483647,0,0,0,0,0,83,83,0,0,1000,2147483647,2147483647)
Skill = (16,0,2147483647,0,0,0,0,0,0,0,0,0,1000,2147483647,2147483647)
Skill = (17,0,2147483647,0,0,0,0,0,0,0,0,0,50,2147483647,2147483647)
Skill = (18,0,2147483647,0,0,0,0,0,8,8,0,0,1000,2147483647,2147483647)
Skill = (19,0,2147483647,0,0,0,0,0,0,0,0,0,1000,2147483647,2147483647)
Skill = (20,0,2147483647,0,0,0,0,0,0,0,0,0,1000,2147483647,2147483647)
Skill = (21,0,2147483647,0,0,0,0,0,0,0,0,0,1000,2147483647,2147483647)
Skill = (22,200,200,0,0,0,0,0,15,15,0,0,0,0,0)
Skill = (23,0,2147483647,0,0,0,0,0,0,0,0,0,1000,2147483647,2147483647)
Skill = (24,0,2147483647,0,0,0,0,0,0,0,0,0,1000,2147483647,2147483647)

Spells      = {1,6,10,11,20,29,76,80,81,93}
QuestValues = {(3,1),(4,1),(5,1),(6,1),(7,1),(8,1),(9,1),(10,1),(11,1),(12,1),(18,1),(20,1),(21,1),(22,1),(23,1),(25,1),(26,1),(27,1),(32,1),(33,1),(34,1),(35,1),(50,1),(56,1),(58,1),(59,1),(60,1),(61,1),(62,2),(63,1),(64,1),(69,1),(70,1),(79,1),(80,1),(81,1),(82,1),(83,1),(84,1),(85,1),(86,1),(87,1),(106,1),(107,1),(108,1),(109,1),(111,1),(112,1),(116,1),(117,1),(118,1),(121,1),(122,1),(123,1),(124,1),(125,1),(126,1),(127,1),(129,1),(130,1),(131,1),(132,1),(133,1),(137,1),(151,1),(152,1),(154,1),(166,1),(167,1),(168,1),(169,1),(170,1),(171,1),(172,1),(174,1),(175,1),(176,1),(177,1),(178,1),(179,1),(180,1),(183,1),(184,1),(185,1),(186,1),(190,1),(191,1),(193,1),(194,1),(195,1),(196,1),(197,1),(198,1),(200,1),(201,1),(202,1),(205,1),(208,1),(216,1),(223,1),(224,1),(225,1),(257,1),(292,1)}
Murders     = {1130467444}
