ID              = 8008714
Name            = "Nectrony"
Race            = 1
Profession      = 11
OriginalOutfit  = 134-116-67-114-0
CurrentOutfit   = 134-116-67-114-0
LastLogin       = 1131140641
LastLogout      = 1131140677
StartPosition   = [32369,32241,7]
CurrentPosition = [32346,32219,6]
PlayerkillerEnd = 0

Skill = (0,28,0,1,0,0,0,0,0,0,1,314023,0,330400,100)
Skill = (1,4,0,0,0,0,0,0,0,0,0,2151,3000,2420,20)
Skill = (2,485,485,0,0,0,0,0,0,0,15,0,0,0,0)
Skill = (3,135,135,0,0,0,0,0,0,0,5,0,0,0,0)
Skill = (4,97,97,0,0,0,0,0,0,0,1,0,0,0,0)
Skill = (5,970,970,0,0,0,0,0,0,0,25,0,0,0,0)
Skill = (6,67,0,10,0,0,0,0,0,0,0,232952,1100,250637,100)
Skill = (7,10,0,10,0,0,0,0,0,0,0,4,1400,30,30)
Skill = (8,10,0,10,0,0,0,0,0,0,0,27,1100,50,50)
Skill = (9,68,0,10,0,0,0,0,0,0,0,128564,1100,137900,50)
Skill = (10,10,0,10,0,0,0,0,0,0,0,0,1100,50,50)
Skill = (11,11,0,10,0,0,0,0,0,0,0,59,1100,105,50)
Skill = (12,0,2147483647,0,0,0,0,0,0,0,0,0,1000,2147483647,2147483647)
Skill = (13,51,0,10,0,0,0,0,0,0,0,9933,1100,10752,20)
Skill = (14,0,1200,0,0,0,0,0,0,0,0,0,0,0,0)
Skill = (15,0,2147483647,0,0,0,0,0,0,0,0,0,1000,2147483647,2147483647)
Skill = (16,0,2147483647,0,0,0,0,0,0,0,0,0,1000,2147483647,2147483647)
Skill = (17,0,2147483647,0,0,0,0,0,0,0,0,0,50,2147483647,2147483647)
Skill = (18,0,2147483647,0,0,0,0,0,0,0,0,0,1000,2147483647,2147483647)
Skill = (19,0,2147483647,0,0,0,0,0,0,0,0,0,1000,2147483647,2147483647)
Skill = (20,0,2147483647,0,0,0,0,0,0,0,0,0,1000,2147483647,2147483647)
Skill = (21,0,2147483647,0,0,0,0,0,0,0,0,0,1000,2147483647,2147483647)
Skill = (22,100,100,0,0,0,0,0,0,0,0,0,0,0,0)
Skill = (23,0,2147483647,0,0,0,0,0,0,0,0,0,1000,2147483647,2147483647)
Skill = (24,0,2147483647,0,0,0,0,0,0,0,0,0,1000,2147483647,2147483647)

Spells      = {1,6,10,20,29,76}
QuestValues = {(14,1),(15,1),(21,1),(22,1),(23,1),(32,1),(33,1),(34,1),(35,1),(55,1),(86,1),(87,1),(93,1),(94,1),(95,1),(96,1),(97,1),(98,1),(106,1),(107,1),(108,1),(111,1),(112,1),(125,1),(126,1),(140,1),(141,1),(190,1),(191,1),(253,1)}
Murders     = {}
