ID              = 8172814
Name            = "Apexito"
Race            = 1
Profession      = 11
OriginalOutfit  = 133-0-88-94-19
CurrentOutfit   = 133-0-88-94-19
LastLogin       = 1129780586
LastLogout      = 1129780842
StartPosition   = [32957,32076,7]
CurrentPosition = [32693,32017,7]
PlayerkillerEnd = 0

Skill = (0,30,0,1,0,0,0,0,0,0,1,370463,0,409000,100)
Skill = (1,4,0,0,0,0,0,0,0,0,0,1996,3000,2420,20)
Skill = (2,510,515,0,0,0,0,0,0,0,15,0,0,0,0)
Skill = (3,21,145,0,0,0,0,0,0,0,5,0,0,0,0)
Skill = (4,99,99,0,0,0,0,0,0,0,1,0,0,0,0)
Skill = (5,1020,1020,0,0,0,0,0,0,0,25,0,0,0,0)
Skill = (6,59,0,10,0,0,0,0,0,0,0,107223,1100,116390,100)
Skill = (7,13,0,10,0,0,0,0,0,0,0,193,1400,213,30)
Skill = (8,63,0,10,0,0,0,0,0,0,0,79112,1100,85435,50)
Skill = (9,14,0,10,0,0,0,0,0,0,0,300,1100,305,50)
Skill = (10,10,0,10,0,0,0,0,0,0,0,0,1100,50,50)
Skill = (11,10,0,10,0,0,0,0,0,0,0,23,1100,50,50)
Skill = (12,0,2147483647,0,0,0,0,0,0,0,0,0,1000,2147483647,2147483647)
Skill = (13,37,0,10,0,0,0,0,0,0,0,2564,1100,2684,20)
Skill = (14,0,1200,0,0,0,504,0,0,0,0,0,0,0,0)
Skill = (15,0,2147483647,0,0,0,5,0,68,83,0,0,1000,2147483647,2147483647)
Skill = (16,0,2147483647,0,0,0,0,0,0,0,0,0,1000,2147483647,2147483647)
Skill = (17,0,2147483647,0,0,0,0,0,3,3,0,0,50,2147483647,2147483647)
Skill = (18,0,2147483647,0,0,0,0,0,8,8,0,0,1000,2147483647,2147483647)
Skill = (19,0,2147483647,0,0,0,0,0,0,0,0,0,1000,2147483647,2147483647)
Skill = (20,0,2147483647,0,0,0,0,0,0,0,0,0,1000,2147483647,2147483647)
Skill = (21,0,2147483647,0,0,0,0,0,0,0,0,0,1000,2147483647,2147483647)
Skill = (22,200,200,0,0,0,0,0,15,15,0,0,0,0,0)
Skill = (23,0,2147483647,0,0,0,0,0,0,0,0,0,1000,2147483647,2147483647)
Skill = (24,0,2147483647,0,0,0,0,0,0,0,0,0,1000,2147483647,2147483647)

Spells      = {1,10,20,29,76}
QuestValues = {(17,1),(18,1),(20,1),(21,1),(22,1),(23,1),(27,1),(29,1),(30,1),(52,1),(53,1),(86,1),(87,1),(96,1),(97,1),(98,1),(113,1),(114,1),(115,1),(125,1),(126,1),(153,1),(190,1),(191,1)}
Murders     = {}
