ID              = 8652914
Name            = "Camma Szamanka"
Race            = 1
Profession      = 4
OriginalOutfit  = 137-78-17-8-76
CurrentOutfit   = 137-78-17-8-76
LastLogin       = 1124657527
LastLogout      = 1124658026
StartPosition   = [32369,32241,7]
CurrentPosition = [32348,32232,8]
PlayerkillerEnd = 0

Skill = (0,9,0,1,0,0,0,0,0,0,1,8934,0,9300,100)
Skill = (1,8,0,0,0,0,0,0,0,0,0,258,1100,271,20)
Skill = (2,180,190,0,0,0,0,0,0,0,5,0,0,0,0)
Skill = (3,45,65,0,0,0,0,0,0,0,30,0,0,0,0)
Skill = (4,78,78,0,0,0,0,0,0,0,1,0,0,0,0)
Skill = (5,480,480,0,0,0,0,0,0,0,10,0,0,0,0)
Skill = (6,17,0,10,0,0,0,0,0,0,0,4473,1500,4925,100)
Skill = (7,10,0,10,0,0,0,0,0,0,0,0,1800,30,30)
Skill = (8,16,0,10,0,0,0,0,0,0,0,2988,1800,3763,50)
Skill = (9,15,0,10,0,0,0,0,0,0,0,1155,1800,2063,50)
Skill = (10,10,0,10,0,0,0,0,0,0,0,36,1800,50,50)
Skill = (11,10,0,10,0,0,0,0,0,0,0,26,1500,50,50)
Skill = (12,0,2147483647,0,0,0,0,0,0,0,0,0,1000,2147483647,2147483647)
Skill = (13,25,0,10,0,0,0,0,0,0,0,692,1100,718,20)
Skill = (14,0,1200,0,0,0,0,0,0,0,0,0,0,0,0)
Skill = (15,0,2147483647,0,0,0,0,0,83,83,0,0,1000,2147483647,2147483647)
Skill = (16,0,2147483647,0,0,0,0,0,0,0,0,0,1000,2147483647,2147483647)
Skill = (17,0,2147483647,0,0,0,0,0,0,0,0,0,50,2147483647,2147483647)
Skill = (18,0,2147483647,0,0,0,0,0,0,0,0,0,1000,2147483647,2147483647)
Skill = (19,0,2147483647,0,0,0,0,0,0,0,0,0,1000,2147483647,2147483647)
Skill = (20,0,2147483647,0,0,0,0,0,0,0,0,0,1000,2147483647,2147483647)
Skill = (21,0,2147483647,0,0,0,0,0,0,0,0,0,1000,2147483647,2147483647)
Skill = (22,100,100,0,0,0,0,0,120,120,0,0,0,0,0)
Skill = (23,0,2147483647,0,0,0,0,0,0,0,0,0,1000,2147483647,2147483647)
Skill = (24,0,2147483647,0,0,0,0,0,0,0,0,0,1000,2147483647,2147483647)

Spells      = {2,4,8,10,20,29}
QuestValues = {(18,1),(35,1),(223,1)}
Murders     = {}
