ID              = 9975214
Name            = "Lady sponk"
Race            = 1
Profession      = 0
OriginalOutfit  = 138-116-114-132-115
CurrentOutfit   = 138-116-114-132-115
LastLogin       = 1129500888
LastLogout      = 1129500892
StartPosition   = [32097,32219,7]
CurrentPosition = [32076,32113,7]
PlayerkillerEnd = 0

Skill = (0,7,0,1,0,0,0,0,0,0,1,3437,0,4200,100)
Skill = (1,0,0,0,0,0,0,0,0,0,0,0,3000,20,20)
Skill = (2,180,180,0,0,0,0,0,0,0,5,0,0,0,0)
Skill = (3,30,30,0,0,0,0,0,0,0,5,0,0,0,0)
Skill = (4,76,76,0,0,0,0,0,0,0,1,0,0,0,0)
Skill = (5,460,460,0,0,0,0,0,0,0,10,0,0,0,0)
Skill = (6,16,0,10,0,0,0,0,0,0,0,2843,1500,3217,100)
Skill = (7,16,0,10,0,0,0,0,0,0,0,3487,2000,3810,30)
Skill = (8,13,0,10,0,0,0,0,0,0,0,358,2000,750,50)
Skill = (9,10,0,10,0,0,0,0,0,0,0,14,2000,50,50)
Skill = (10,10,0,10,0,0,0,0,0,0,0,10,2000,50,50)
Skill = (11,13,0,10,0,0,0,0,0,0,0,305,1500,406,50)
Skill = (12,0,2147483647,0,0,0,0,0,0,0,0,0,1000,2147483647,2147483647)
Skill = (13,20,0,10,0,0,0,0,0,0,0,330,1100,370,20)
Skill = (14,0,1200,0,0,0,0,0,0,0,0,0,0,0,0)
Skill = (15,0,2147483647,0,0,0,0,0,0,0,0,0,1000,2147483647,2147483647)
Skill = (16,0,2147483647,0,0,0,0,0,0,0,0,0,1000,2147483647,2147483647)
Skill = (17,0,2147483647,0,0,0,0,0,0,0,0,0,50,2147483647,2147483647)
Skill = (18,0,2147483647,0,0,0,0,0,0,0,0,0,1000,2147483647,2147483647)
Skill = (19,0,2147483647,0,0,0,0,0,0,0,0,0,1000,2147483647,2147483647)
Skill = (20,0,2147483647,0,0,0,0,0,0,0,0,0,1000,2147483647,2147483647)
Skill = (21,0,2147483647,0,0,0,0,0,0,0,0,0,1000,2147483647,2147483647)
Skill = (22,100,100,0,0,0,1,0,28,120,0,0,0,0,0)
Skill = (23,0,2147483647,0,0,0,0,0,0,0,0,0,1000,2147483647,2147483647)
Skill = (24,0,2147483647,0,0,0,0,0,0,0,0,0,1000,2147483647,2147483647)

Spells      = {}
QuestValues = {(20,1),(21,1),(22,1),(23,1),(32,1),(33,1),(34,1),(35,1),(223,1)}
Murders     = {}
