ID              = 7961421
Name            = "Galiva"
Race            = 1
Profession      = 2
OriginalOutfit  = 140-51-87-87-0
CurrentOutfit   = 140-51-87-87-0
LastLogin       = 1131826613
LastLogout      = 1131826635
StartPosition   = [32957,32076,7]
CurrentPosition = [32953,32076,6]
PlayerkillerEnd = 0

Skill = (0,14,0,1,0,0,0,0,0,0,1,33408,0,37800,100)
Skill = (1,5,0,0,0,0,0,0,0,0,0,315,1400,326,20)
Skill = (2,245,245,0,0,0,0,0,0,0,10,0,0,0,0)
Skill = (3,5,125,0,0,0,0,0,0,0,15,0,0,0,0)
Skill = (4,83,83,0,0,0,0,0,0,0,1,0,0,0,0)
Skill = (5,590,590,0,0,0,0,0,0,0,20,0,0,0,0)
Skill = (6,22,0,10,0,0,0,0,0,0,0,2376,1100,2452,100)
Skill = (7,39,0,10,0,0,0,0,0,0,0,4492,1100,4934,30)
Skill = (8,15,0,10,0,0,0,0,0,0,0,378,1200,496,50)
Skill = (9,10,0,10,0,0,0,0,0,0,0,0,1200,50,50)
Skill = (10,10,0,10,0,0,0,0,0,0,0,26,1200,50,50)
Skill = (11,12,0,10,0,0,0,0,0,0,0,146,1200,181,50)
Skill = (12,0,2147483647,0,0,0,0,0,0,0,0,0,1000,2147483647,2147483647)
Skill = (13,20,0,10,0,0,0,0,0,0,0,368,1100,370,20)
Skill = (14,0,1200,0,0,0,0,0,0,0,0,0,0,0,0)
Skill = (15,0,2147483647,0,0,0,0,0,0,0,0,0,1000,2147483647,2147483647)
Skill = (16,0,2147483647,0,0,0,0,0,0,0,0,0,1000,2147483647,2147483647)
Skill = (17,0,2147483647,0,0,0,0,0,0,0,0,0,50,2147483647,2147483647)
Skill = (18,0,2147483647,0,0,0,0,0,0,0,0,0,1000,2147483647,2147483647)
Skill = (19,0,2147483647,0,0,0,0,0,0,0,0,0,1000,2147483647,2147483647)
Skill = (20,0,2147483647,0,0,0,0,0,0,0,0,0,1000,2147483647,2147483647)
Skill = (21,0,2147483647,0,0,0,0,0,0,0,0,0,1000,2147483647,2147483647)
Skill = (22,100,100,0,0,0,0,0,0,0,0,0,0,0,0)
Skill = (23,0,2147483647,0,0,0,0,0,0,0,0,0,1000,2147483647,2147483647)
Skill = (24,0,2147483647,0,0,0,0,0,0,0,0,0,1000,2147483647,2147483647)

Spells      = {2,3,6,8,29,42,51,79}
QuestValues = {(20,1),(21,1),(22,1),(23,1),(25,1),(26,1),(27,1),(31,1),(32,1),(33,1),(34,1),(35,1),(58,1),(59,1),(84,1),(85,1),(86,1),(87,1),(99,1),(121,1),(190,1),(191,1)}
Murders     = {1131804784,1131826484}
