ID              = 8251521
Name            = "Shaka Leo"
Race            = 1
Profession      = 12
OriginalOutfit  = 134-116-114-114-114
CurrentOutfit   = 134-116-114-114-114
LastLogin       = 1131731059
LastLogout      = 1131731186
StartPosition   = [32957,32076,7]
CurrentPosition = [32643,32055,7]
PlayerkillerEnd = 0

Skill = (0,41,0,1,0,0,0,0,0,0,1,1019135,0,1070100,100)
Skill = (1,13,0,0,0,0,0,0,0,0,0,5210,1400,5506,20)
Skill = (2,515,515,0,0,0,0,0,0,0,10,0,0,0,0)
Skill = (3,475,530,0,0,0,0,0,0,0,15,0,0,0,0)
Skill = (4,110,110,0,0,0,0,0,0,0,1,0,0,0,0)
Skill = (5,1130,1130,0,0,0,0,0,0,0,20,0,0,0,0)
Skill = (6,54,0,10,0,0,0,0,0,0,0,66245,1100,71890,100)
Skill = (7,74,0,10,0,0,0,0,0,0,0,143141,1100,146811,30)
Skill = (8,11,0,10,0,0,0,0,0,0,0,107,1200,109,50)
Skill = (9,10,0,10,0,0,0,0,0,0,0,2,1200,50,50)
Skill = (10,10,0,10,0,0,0,0,0,0,0,2,1200,50,50)
Skill = (11,33,0,10,0,0,0,0,0,0,0,18235,1200,19624,50)
Skill = (12,0,2147483647,0,0,0,0,0,0,0,0,0,1000,2147483647,2147483647)
Skill = (13,39,0,10,0,0,0,0,0,0,0,3026,1100,3289,20)
Skill = (14,0,1200,0,0,0,0,0,0,0,0,0,0,0,0)
Skill = (15,0,2147483647,0,0,0,0,0,0,0,0,0,1000,2147483647,2147483647)
Skill = (16,0,2147483647,0,0,0,0,0,0,0,0,0,1000,2147483647,2147483647)
Skill = (17,0,2147483647,0,0,0,0,0,0,0,0,0,50,2147483647,2147483647)
Skill = (18,0,2147483647,0,0,0,0,0,0,0,0,0,1000,2147483647,2147483647)
Skill = (19,0,2147483647,0,0,0,0,0,0,0,0,0,1000,2147483647,2147483647)
Skill = (20,0,2147483647,0,0,0,0,0,0,0,0,0,1000,2147483647,2147483647)
Skill = (21,0,2147483647,0,0,0,0,0,0,0,0,0,1000,2147483647,2147483647)
Skill = (22,100,100,0,0,0,0,0,0,0,0,0,0,0,0)
Skill = (23,0,2147483647,0,0,0,0,0,0,0,0,0,1000,2147483647,2147483647)
Skill = (24,0,2147483647,0,0,0,0,0,0,0,0,0,1000,2147483647,2147483647)

Spells      = {1,2,3,6,10,20,29,42,44,45,49,51,76,79}
QuestValues = {(14,1),(15,1),(16,1),(17,1),(27,1),(96,1),(97,1),(98,1),(100,1),(112,1),(121,1),(125,1),(126,1),(133,1),(137,1),(151,1),(152,1),(179,1),(180,1),(190,1),(191,1),(200,1),(201,1),(202,1),(208,1),(213,1),(214,1),(215,1),(218,1),(226,1),(278,2),(279,1),(280,2),(281,2),(282,2),(283,1),(284,1)}
Murders     = {}
