ID              = 9298621
Name            = "Cuquito saint"
Race            = 1
Profession      = 2
OriginalOutfit  = 129-114-95-114-114
CurrentOutfit   = 129-114-95-114-114
LastLogin       = 1130721751
LastLogout      = 1130725172
StartPosition   = [32369,32241,7]
CurrentPosition = [32393,31615,7]
PlayerkillerEnd = 1133316253

Skill = (0,25,0,1,0,0,0,0,0,0,1,212044,0,232500,100)
Skill = (1,9,0,0,0,0,0,0,0,0,0,1228,1400,1396,20)
Skill = (2,343,355,0,0,0,0,0,0,0,10,0,0,0,0)
Skill = (3,290,290,0,0,0,0,0,0,0,15,0,0,0,0)
Skill = (4,94,94,0,0,0,0,0,0,0,1,0,0,0,0)
Skill = (5,810,810,0,0,0,0,0,0,0,20,0,0,0,0)
Skill = (6,21,0,10,0,0,0,0,0,0,0,2117,1100,2138,100)
Skill = (7,65,0,10,0,0,0,0,0,0,0,61183,1100,62089,30)
Skill = (8,10,0,10,0,0,0,0,0,0,0,0,1200,50,50)
Skill = (9,14,0,10,0,0,0,0,0,0,0,324,1200,372,50)
Skill = (10,10,0,10,0,0,0,0,0,0,0,40,1200,50,50)
Skill = (11,14,0,10,0,0,0,0,0,0,0,341,1200,372,50)
Skill = (12,0,2147483647,0,0,0,0,0,0,0,0,0,1000,2147483647,2147483647)
Skill = (13,23,0,10,0,0,0,0,0,0,0,554,1100,559,20)
Skill = (14,0,1200,0,0,0,0,0,0,0,0,0,0,0,0)
Skill = (15,0,2147483647,0,0,0,0,0,0,0,0,0,1000,2147483647,2147483647)
Skill = (16,0,2147483647,0,0,0,0,0,0,0,0,0,1000,2147483647,2147483647)
Skill = (17,0,2147483647,0,0,0,0,0,3,3,0,0,50,2147483647,2147483647)
Skill = (18,0,2147483647,0,0,0,0,0,8,8,0,0,1000,2147483647,2147483647)
Skill = (19,0,2147483647,0,0,0,0,0,0,0,0,0,1000,2147483647,2147483647)
Skill = (20,0,2147483647,0,0,0,0,0,0,0,0,0,1000,2147483647,2147483647)
Skill = (21,0,2147483647,0,0,0,0,0,0,0,0,0,1000,2147483647,2147483647)
Skill = (22,100,100,0,0,0,0,0,120,120,0,0,0,0,0)
Skill = (23,0,2147483647,0,0,0,0,0,0,0,0,0,1000,2147483647,2147483647)
Skill = (24,0,2147483647,0,0,0,0,0,0,0,0,0,1000,2147483647,2147483647)

Spells      = {1,3,10,29,51,79}
QuestValues = {(35,1),(38,1),(56,1),(129,1),(130,1)}
Murders     = {1130714516,1130723521,1130724253}
