ID              = 9305821
Name            = "Shadow'Beast"
Race            = 1
Profession      = 2
OriginalOutfit  = 128-3-114-114-90
CurrentOutfit   = 128-3-114-114-90
LastLogin       = 1128532143
LastLogout      = 1128532156
StartPosition   = [32360,31782,7]
CurrentPosition = [32682,31685,6]
PlayerkillerEnd = 0

Skill = (0,9,0,1,0,0,0,0,0,0,1,7102,0,9300,100)
Skill = (1,2,0,0,0,0,0,0,0,0,0,71,1400,87,20)
Skill = (2,195,195,0,0,0,0,0,0,0,10,0,0,0,0)
Skill = (3,8,50,0,0,0,0,0,0,0,15,0,0,0,0)
Skill = (4,78,78,0,0,0,0,0,0,0,1,0,0,0,0)
Skill = (5,490,490,0,0,0,0,0,0,0,20,0,0,0,0)
Skill = (6,38,0,10,0,0,0,0,0,0,0,14616,1100,14863,100)
Skill = (7,12,0,10,0,0,0,0,0,0,0,86,1100,99,30)
Skill = (8,13,0,10,0,0,0,0,0,0,0,201,1200,268,50)
Skill = (9,15,0,10,0,0,0,0,0,0,0,403,1200,496,50)
Skill = (10,10,0,10,0,0,0,0,0,0,0,45,1200,50,50)
Skill = (11,30,0,10,0,0,0,0,0,0,0,9707,1200,11251,50)
Skill = (12,0,2147483647,0,0,0,0,0,0,0,0,0,1000,2147483647,2147483647)
Skill = (13,15,0,10,0,0,0,0,0,0,0,132,1100,154,20)
Skill = (14,0,1200,0,0,0,0,0,0,0,0,0,0,0,0)
Skill = (15,0,2147483647,0,0,0,0,0,83,83,0,0,1000,2147483647,2147483647)
Skill = (16,0,2147483647,0,0,0,0,0,0,0,0,0,1000,2147483647,2147483647)
Skill = (17,0,2147483647,0,0,0,0,0,3,3,0,0,50,2147483647,2147483647)
Skill = (18,0,2147483647,0,0,0,0,0,0,0,0,0,1000,2147483647,2147483647)
Skill = (19,0,2147483647,0,0,0,0,0,0,0,0,0,1000,2147483647,2147483647)
Skill = (20,0,2147483647,0,0,0,0,0,0,0,0,0,1000,2147483647,2147483647)
Skill = (21,0,2147483647,0,0,0,0,0,0,0,0,0,1000,2147483647,2147483647)
Skill = (22,100,100,0,0,0,0,0,0,0,0,0,0,0,0)
Skill = (23,0,2147483647,0,0,0,0,0,0,0,0,0,1000,2147483647,2147483647)
Skill = (24,0,2147483647,0,0,0,0,0,0,0,0,0,1000,2147483647,2147483647)

Spells      = {1,10,20,42,51}
QuestValues = {(20,1),(27,1),(32,1),(33,1),(34,1)}
Murders     = {}
