ID              = 9717121
Name            = "Shilon Artema"
Race            = 1
Profession      = 1
OriginalOutfit  = 129-114-114-0-114
CurrentOutfit   = 129-114-114-0-114
LastLogin       = 1129130092
LastLogout      = 1129130213
StartPosition   = [32957,32076,7]
CurrentPosition = [32627,32150,11]
PlayerkillerEnd = 0

Skill = (0,13,0,1,0,0,0,0,0,0,1,23424,0,29900,100)
Skill = (1,2,0,0,0,0,0,0,0,0,0,136,3000,260,20)
Skill = (2,260,260,0,0,0,0,0,0,0,15,0,0,0,0)
Skill = (3,60,60,0,0,0,0,0,0,0,5,0,0,0,0)
Skill = (4,82,82,0,0,0,0,0,0,0,1,0,0,0,0)
Skill = (5,595,595,0,0,0,0,0,0,0,25,0,0,0,0)
Skill = (6,47,0,10,0,0,0,0,0,0,0,34537,1100,36404,100)
Skill = (7,11,0,10,0,0,0,0,0,0,0,32,1400,71,30)
Skill = (8,16,0,10,0,0,0,0,0,0,0,457,1100,474,50)
Skill = (9,47,0,10,0,0,0,0,0,0,0,16944,1100,18202,50)
Skill = (10,10,0,10,0,0,0,0,0,0,0,0,1100,50,50)
Skill = (11,10,0,10,0,0,0,0,0,0,0,6,1100,50,50)
Skill = (12,0,2147483647,0,0,0,0,0,0,0,0,0,1000,2147483647,2147483647)
Skill = (13,24,0,10,0,0,0,0,0,0,0,575,1100,635,20)
Skill = (14,0,1200,0,0,0,1042,0,0,0,0,0,0,0,0)
Skill = (15,0,2147483647,0,0,0,3,0,8,83,0,0,1000,2147483647,2147483647)
Skill = (16,0,2147483647,0,0,0,0,0,0,0,0,0,1000,2147483647,2147483647)
Skill = (17,0,2147483647,0,0,0,0,0,3,3,0,0,50,2147483647,2147483647)
Skill = (18,0,2147483647,0,0,0,0,0,8,8,0,0,1000,2147483647,2147483647)
Skill = (19,0,2147483647,0,0,0,0,0,0,0,0,0,1000,2147483647,2147483647)
Skill = (20,0,2147483647,0,0,0,0,0,0,0,0,0,1000,2147483647,2147483647)
Skill = (21,0,2147483647,0,0,0,0,0,0,0,0,0,1000,2147483647,2147483647)
Skill = (22,100,100,0,0,0,1,0,13,120,0,0,0,0,0)
Skill = (23,0,2147483647,0,0,0,0,0,0,0,0,0,1000,2147483647,2147483647)
Skill = (24,0,2147483647,0,0,0,0,0,0,0,0,0,1000,2147483647,2147483647)

Spells      = {1,10}
QuestValues = {(21,1),(22,1),(23,1),(24,1),(27,1),(29,1),(30,1),(32,1),(33,1),(34,1),(96,1),(97,1),(98,1),(115,1)}
Murders     = {}
