ID              = 10376805
Name            = "Medeshlys Hardyn"
Race            = 1
Profession      = 0
OriginalOutfit  = 139-0-0-0-0
CurrentOutfit   = 139-0-0-0-0
LastLogin       = 1124961135
LastLogout      = 1124961447
StartPosition   = [32097,32219,7]
CurrentPosition = [32084,32204,8]
PlayerkillerEnd = 0

Skill = (0,6,0,1,0,0,0,0,0,0,1,1534,0,2600,100)
Skill = (1,0,0,0,0,0,0,0,0,0,0,0,3000,20,20)
Skill = (2,141,175,0,0,0,0,0,0,0,5,0,0,0,0)
Skill = (3,25,25,0,0,0,0,0,0,0,5,0,0,0,0)
Skill = (4,75,75,0,0,0,0,0,0,0,1,0,0,0,0)
Skill = (5,450,450,0,0,0,0,0,0,0,10,0,0,0,0)
Skill = (6,15,0,10,0,0,0,0,0,0,0,1925,1500,2078,100)
Skill = (7,10,0,10,0,0,0,0,0,0,0,2,2000,30,30)
Skill = (8,15,0,10,0,0,0,0,0,0,0,1685,2000,3150,50)
Skill = (9,13,0,10,0,0,0,0,0,0,0,360,2000,750,50)
Skill = (10,10,0,10,0,0,0,0,0,0,0,0,2000,50,50)
Skill = (11,10,0,10,0,0,0,0,0,0,0,5,1500,50,50)
Skill = (12,0,2147483647,0,0,0,0,0,0,0,0,0,1000,2147483647,2147483647)
Skill = (13,10,0,10,0,0,0,0,0,0,0,0,1100,20,20)
Skill = (14,0,1200,0,0,0,0,0,0,0,0,0,0,0,0)
Skill = (15,0,2147483647,0,0,0,0,0,0,0,0,0,1000,2147483647,2147483647)
Skill = (16,0,2147483647,0,0,0,0,0,0,0,0,0,1000,2147483647,2147483647)
Skill = (17,0,2147483647,0,0,0,0,0,0,0,0,0,1000,2147483647,2147483647)
Skill = (18,0,2147483647,0,0,0,0,0,0,0,0,0,1000,2147483647,2147483647)
Skill = (19,0,2147483647,0,0,0,0,0,0,0,0,0,1000,2147483647,2147483647)
Skill = (20,0,2147483647,0,0,0,0,0,0,0,0,0,1000,2147483647,2147483647)
Skill = (21,0,2147483647,0,0,0,0,0,0,0,0,0,1000,2147483647,2147483647)
Skill = (22,100,100,0,0,0,0,0,120,120,0,0,0,0,0)
Skill = (23,0,2147483647,0,0,0,0,0,0,0,0,0,1000,2147483647,2147483647)
Skill = (24,0,2147483647,0,0,0,0,0,0,0,0,0,1000,2147483647,2147483647)

Spells      = {}
QuestValues = {(35,1),(59,1),(223,1)}
Murders     = {}
