ID              = 7964105
Name            = "Shan Brio"
Race            = 1
Profession      = 4
OriginalOutfit  = 130-114-0-132-0
CurrentOutfit   = 130-114-0-132-0
LastLogin       = 1128172413
LastLogout      = 1128172768
StartPosition   = [32360,31782,7]
CurrentPosition = [32470,32337,7]
PlayerkillerEnd = 0

Skill = (0,22,0,1,0,0,0,0,0,0,1,135804,0,156200,100)
Skill = (1,42,0,0,0,0,0,0,0,0,0,11033,1100,11848,20)
Skill = (2,255,255,0,0,0,0,0,0,0,5,0,0,0,0)
Skill = (3,115,455,0,0,0,0,0,0,0,30,0,0,0,0)
Skill = (4,91,91,0,0,0,0,0,0,0,1,0,0,0,0)
Skill = (5,610,610,0,0,0,0,0,0,0,10,0,0,0,0)
Skill = (6,22,0,10,0,0,0,0,0,0,0,36910,1500,38723,100)
Skill = (7,10,0,10,0,0,0,0,0,0,0,0,1800,30,30)
Skill = (8,20,0,10,0,0,0,0,0,0,0,26748,1800,40105,50)
Skill = (9,10,0,10,0,0,0,0,0,0,0,0,1800,50,50)
Skill = (10,10,0,10,0,0,0,0,0,0,0,0,1800,50,50)
Skill = (11,10,0,10,0,0,0,0,0,0,0,49,1500,50,50)
Skill = (12,0,2147483647,0,0,0,0,0,0,0,0,0,1000,2147483647,2147483647)
Skill = (13,76,0,10,0,0,0,0,0,0,0,113947,1100,118469,20)
Skill = (14,0,1200,0,0,0,1012,0,0,0,0,0,0,0,0)
Skill = (15,0,2147483647,0,0,0,0,0,83,83,0,0,1000,2147483647,2147483647)
Skill = (16,0,2147483647,0,0,0,0,0,0,0,0,0,1000,2147483647,2147483647)
Skill = (17,0,2147483647,0,0,0,0,0,3,3,0,0,50,2147483647,2147483647)
Skill = (18,0,2147483647,0,0,0,0,0,0,0,0,0,1000,2147483647,2147483647)
Skill = (19,0,2147483647,0,0,0,0,0,0,0,0,0,1000,2147483647,2147483647)
Skill = (20,0,2147483647,0,0,0,0,0,0,0,0,0,1000,2147483647,2147483647)
Skill = (21,0,2147483647,0,0,0,0,0,0,0,0,0,1000,2147483647,2147483647)
Skill = (22,42,100,0,0,0,0,0,120,120,0,0,0,0,0)
Skill = (23,0,2147483647,0,0,0,0,0,0,0,0,0,1000,2147483647,2147483647)
Skill = (24,0,2147483647,0,0,0,0,0,0,0,0,0,1000,2147483647,2147483647)

Spells      = {1,2,3,4,5,8,9,10,16,18,20,25,27,29,30,45}
QuestValues = {(14,1),(15,1),(16,1),(18,1),(20,1),(21,1),(22,1),(23,1),(32,1),(33,1),(34,1),(35,1),(59,1),(113,1),(114,1),(153,1),(190,1),(191,1),(192,1),(224,1),(226,1)}
Murders     = {}
