ID              = 8213805
Name            = "Elfosp"
Race            = 1
Profession      = 2
OriginalOutfit  = 128-94-0-0-0
CurrentOutfit   = 128-94-0-0-0
LastLogin       = 1131948776
LastLogout      = 1131953467
StartPosition   = [32360,31782,7]
CurrentPosition = [32263,31809,7]
PlayerkillerEnd = 0

Skill = (0,17,0,1,0,0,0,0,0,0,1,59327,0,69700,100)
Skill = (1,7,0,0,0,0,0,0,0,0,0,600,1400,687,20)
Skill = (2,272,275,0,0,0,0,0,0,0,10,0,0,0,0)
Skill = (3,73,170,0,0,0,0,0,0,0,15,0,0,0,0)
Skill = (4,86,86,0,0,0,0,0,0,0,1,0,0,0,0)
Skill = (5,650,650,0,0,0,0,0,0,0,20,0,0,0,0)
Skill = (6,43,0,10,0,0,0,0,0,0,0,23430,1100,24547,100)
Skill = (7,51,0,10,0,0,0,0,0,0,0,16115,1100,16129,30)
Skill = (8,20,0,10,0,0,0,0,0,0,0,1334,1200,1607,50)
Skill = (9,22,0,10,0,0,0,0,0,0,0,2401,1200,2424,50)
Skill = (10,10,0,10,0,0,0,0,0,0,0,0,1200,50,50)
Skill = (11,15,0,10,0,0,0,0,0,0,0,465,1200,496,50)
Skill = (12,0,2147483647,0,0,0,0,0,0,0,0,0,1000,2147483647,2147483647)
Skill = (13,30,0,10,0,0,0,0,0,0,0,1272,1100,1280,20)
Skill = (14,0,1200,0,0,0,916,0,0,0,0,0,0,0,0)
Skill = (15,0,2147483647,0,0,0,0,0,0,0,0,0,1000,2147483647,2147483647)
Skill = (16,0,2147483647,0,0,0,0,0,0,0,0,0,1000,2147483647,2147483647)
Skill = (17,0,2147483647,0,0,0,0,0,3,3,0,0,50,2147483647,2147483647)
Skill = (18,0,2147483647,0,0,0,0,0,8,8,0,0,1000,2147483647,2147483647)
Skill = (19,0,2147483647,0,0,0,0,0,0,0,0,0,1000,2147483647,2147483647)
Skill = (20,0,2147483647,0,0,0,0,0,0,0,0,0,1000,2147483647,2147483647)
Skill = (21,0,2147483647,0,0,0,0,0,0,0,0,0,1000,2147483647,2147483647)
Skill = (22,100,100,0,0,0,0,0,120,120,0,0,0,0,0)
Skill = (23,0,2147483647,0,0,0,0,0,0,0,0,0,1000,2147483647,2147483647)
Skill = (24,0,2147483647,0,0,0,0,0,0,0,0,0,1000,2147483647,2147483647)

Spells      = {2,8,29,42,51}
QuestValues = {(18,1),(20,1),(21,1),(22,1),(23,1),(54,1),(61,1)}
Murders     = {1131865258}
