ID              = 8580205
Name            = "Wiformiorn Gapek"
Race            = 1
Profession      = 2
OriginalOutfit  = 129-114-79-114-79
CurrentOutfit   = 129-114-79-114-79
LastLogin       = 1130511426
LastLogout      = 1130511444
StartPosition   = [32360,31782,7]
CurrentPosition = [32681,31687,6]
PlayerkillerEnd = 0

Skill = (0,8,0,1,0,0,0,0,0,0,1,4757,0,6400,100)
Skill = (1,2,0,0,0,0,0,0,0,0,0,76,1400,87,20)
Skill = (2,151,185,0,0,0,0,0,0,0,10,0,0,0,0)
Skill = (3,15,35,0,0,0,0,0,0,0,15,0,0,0,0)
Skill = (4,77,77,0,0,0,0,0,0,0,1,0,0,0,0)
Skill = (5,470,470,0,0,0,0,0,0,0,20,0,0,0,0)
Skill = (6,19,0,10,0,0,0,0,0,0,0,1558,1100,1593,100)
Skill = (7,30,0,10,0,0,0,0,0,0,0,1753,1100,1920,30)
Skill = (8,14,0,10,0,0,0,0,0,0,0,277,1200,372,50)
Skill = (9,16,0,10,0,0,0,0,0,0,0,572,1200,645,50)
Skill = (10,11,0,10,0,0,0,0,0,0,0,61,1200,109,50)
Skill = (11,11,0,10,0,0,0,0,0,0,0,78,1200,109,50)
Skill = (12,0,2147483647,0,0,0,0,0,0,0,0,0,1000,2147483647,2147483647)
Skill = (13,22,0,10,0,0,0,0,0,0,0,430,1100,490,20)
Skill = (14,0,1200,0,0,0,0,0,0,0,0,0,0,0,0)
Skill = (15,0,2147483647,0,0,0,0,0,83,83,0,0,1000,2147483647,2147483647)
Skill = (16,0,2147483647,0,0,0,0,0,0,0,0,0,1000,2147483647,2147483647)
Skill = (17,0,2147483647,0,0,0,0,0,0,0,0,0,50,2147483647,2147483647)
Skill = (18,0,2147483647,0,0,0,0,0,0,0,0,0,1000,2147483647,2147483647)
Skill = (19,0,2147483647,0,0,0,0,0,0,0,0,0,1000,2147483647,2147483647)
Skill = (20,0,2147483647,0,0,0,0,0,0,0,0,0,1000,2147483647,2147483647)
Skill = (21,0,2147483647,0,0,0,0,0,0,0,0,0,1000,2147483647,2147483647)
Skill = (22,100,100,0,0,0,0,0,120,120,0,0,0,0,0)
Skill = (23,0,2147483647,0,0,0,0,0,0,0,0,0,1000,2147483647,2147483647)
Skill = (24,0,2147483647,0,0,0,0,0,0,0,0,0,1000,2147483647,2147483647)

Spells      = {10,42,51}
QuestValues = {(18,1),(21,1),(22,1),(23,1),(33,1),(35,1),(60,1),(61,1)}
Murders     = {}
