ID              = 9558305
Name            = "Antonio hur"
Race            = 1
Profession      = 2
OriginalOutfit  = 129-0-45-21-100
CurrentOutfit   = 129-0-45-21-100
LastLogin       = 1131909477
LastLogout      = 1131909685
StartPosition   = [32732,31634,7]
CurrentPosition = [32679,31685,5]
PlayerkillerEnd = 0

Skill = (0,7,0,1,0,0,0,0,0,0,1,3251,0,4200,100)
Skill = (1,1,0,0,0,0,0,0,0,0,0,27,1400,47,20)
Skill = (2,175,175,0,0,0,0,0,0,0,10,0,0,0,0)
Skill = (3,20,20,0,0,0,0,0,0,0,15,0,0,0,0)
Skill = (4,76,76,0,0,0,0,0,0,0,1,0,0,0,0)
Skill = (5,450,450,0,0,0,0,0,0,0,20,0,0,0,0)
Skill = (6,22,0,10,0,0,0,0,0,0,0,2280,1100,2452,100)
Skill = (7,31,0,10,0,0,0,0,0,0,0,2054,1100,2142,30)
Skill = (8,14,0,10,0,0,0,0,0,0,0,303,1200,372,50)
Skill = (9,10,0,10,0,0,0,0,0,0,0,0,1200,50,50)
Skill = (10,10,0,10,0,0,0,0,0,0,0,2,1200,50,50)
Skill = (11,14,0,10,0,0,0,0,0,0,0,294,1200,372,50)
Skill = (12,0,2147483647,0,0,0,0,0,0,0,0,0,1000,2147483647,2147483647)
Skill = (13,12,0,10,0,0,0,0,0,0,0,45,1100,66,20)
Skill = (14,0,1200,0,0,0,0,0,0,0,0,0,0,0,0)
Skill = (15,0,2147483647,0,0,0,0,0,0,0,0,0,1000,2147483647,2147483647)
Skill = (16,0,2147483647,0,0,0,0,0,0,0,0,0,1000,2147483647,2147483647)
Skill = (17,0,2147483647,0,0,0,0,0,0,0,0,0,50,2147483647,2147483647)
Skill = (18,0,2147483647,0,0,0,0,0,0,0,0,0,1000,2147483647,2147483647)
Skill = (19,0,2147483647,0,0,0,0,0,0,0,0,0,1000,2147483647,2147483647)
Skill = (20,0,2147483647,0,0,0,0,0,0,0,0,0,1000,2147483647,2147483647)
Skill = (21,0,2147483647,0,0,0,0,0,0,0,0,0,1000,2147483647,2147483647)
Skill = (22,100,100,0,0,0,0,0,0,0,0,0,0,0,0)
Skill = (23,0,2147483647,0,0,0,0,0,0,0,0,0,1000,2147483647,2147483647)
Skill = (24,0,2147483647,0,0,0,0,0,0,0,0,0,1000,2147483647,2147483647)

Spells      = {1,10,20}
QuestValues = {(20,1),(21,1),(22,1),(23,1),(32,1),(34,1),(35,1),(59,1)}
Murders     = {}
