ID              = 10664927
Name            = "Banimaru"
Race            = 1
Profession      = 2
OriginalOutfit  = 129-86-0-0-86
CurrentOutfit   = 129-86-0-0-86
LastLogin       = 1132098023
LastLogout      = 1132100015
StartPosition   = [32369,32241,7]
CurrentPosition = [32352,32226,7]
PlayerkillerEnd = 0

Skill = (0,23,0,1,0,0,0,0,0,0,1,156520,0,179400,100)
Skill = (1,10,0,0,0,0,0,0,0,0,0,1840,1400,1974,20)
Skill = (2,335,335,0,0,0,0,0,0,0,10,0,0,0,0)
Skill = (3,124,260,0,0,0,0,0,0,0,15,0,0,0,0)
Skill = (4,92,92,0,0,0,0,0,0,0,1,0,0,0,0)
Skill = (5,770,770,0,0,0,0,0,0,0,20,0,0,0,0)
Skill = (6,33,0,10,0,0,0,0,0,0,0,8387,1100,8849,100)
Skill = (7,57,0,10,0,0,0,0,0,0,0,28039,1100,28805,30)
Skill = (8,15,0,10,0,0,0,0,0,0,0,480,1200,496,50)
Skill = (9,14,0,10,0,0,0,0,0,0,0,293,1200,372,50)
Skill = (10,11,0,10,0,0,0,0,0,0,0,89,1200,109,50)
Skill = (11,18,0,10,0,0,0,0,0,0,0,1007,1200,1039,50)
Skill = (12,0,2147483647,0,0,0,0,0,0,0,0,0,1000,2147483647,2147483647)
Skill = (13,17,0,10,0,0,0,0,0,0,0,206,1100,228,20)
Skill = (14,0,1200,0,0,0,0,0,0,0,0,0,0,0,0)
Skill = (15,0,2147483647,0,0,0,0,0,83,83,0,0,1000,2147483647,2147483647)
Skill = (16,0,2147483647,0,0,0,0,0,0,0,0,0,1000,2147483647,2147483647)
Skill = (17,0,2147483647,0,0,0,0,0,0,0,0,0,50,2147483647,2147483647)
Skill = (18,0,2147483647,0,0,0,0,0,8,8,0,0,1000,2147483647,2147483647)
Skill = (19,0,2147483647,0,0,0,0,0,0,0,0,0,1000,2147483647,2147483647)
Skill = (20,0,2147483647,0,0,0,0,0,0,0,0,0,1000,2147483647,2147483647)
Skill = (21,0,2147483647,0,0,0,0,0,0,0,0,0,1000,2147483647,2147483647)
Skill = (22,100,100,0,0,0,0,0,120,120,0,0,0,0,0)
Skill = (23,0,2147483647,0,0,0,0,0,0,0,0,0,1000,2147483647,2147483647)
Skill = (24,0,2147483647,0,0,0,0,0,0,0,0,0,1000,2147483647,2147483647)

Spells      = {1,3,8,10,20,29,42,51}
QuestValues = {(17,1),(18,1),(20,1),(32,1),(33,1),(34,1),(60,1),(61,1),(69,1),(121,1),(125,1),(126,1),(190,1),(191,1),(227,1)}
Murders     = {}
