ID              = 9615127
Name            = "Arcor Zack"
Race            = 1
Profession      = 1
OriginalOutfit  = 129-0-91-114-0
CurrentOutfit   = 129-0-91-114-0
LastLogin       = 1131901522
LastLogout      = 1131901562
StartPosition   = [32360,31782,7]
CurrentPosition = [32337,31791,7]
PlayerkillerEnd = 0

Skill = (0,18,0,1,0,0,0,0,0,0,1,75931,0,83400,100)
Skill = (1,3,0,0,0,0,0,0,0,0,0,549,3000,800,20)
Skill = (2,265,335,0,0,0,0,0,0,0,15,0,0,0,0)
Skill = (3,20,85,0,0,0,0,0,0,0,5,0,0,0,0)
Skill = (4,87,87,0,0,0,0,0,0,0,1,0,0,0,0)
Skill = (5,720,720,0,0,0,0,0,0,0,25,0,0,0,0)
Skill = (6,47,0,10,0,0,0,0,0,0,0,35394,1100,36404,100)
Skill = (7,10,0,10,0,0,0,0,0,0,0,0,1400,30,30)
Skill = (8,10,0,10,0,0,0,0,0,0,0,0,1100,50,50)
Skill = (9,10,0,10,0,0,0,0,0,0,0,31,1100,50,50)
Skill = (10,49,0,10,0,0,0,0,0,0,0,20273,1100,22129,50)
Skill = (11,10,0,10,0,0,0,0,0,0,0,13,1100,50,50)
Skill = (12,0,2147483647,0,0,0,0,0,0,0,0,0,1000,2147483647,2147483647)
Skill = (13,19,0,10,0,0,0,0,0,0,0,276,1100,318,20)
Skill = (14,0,1200,0,0,0,861,0,0,0,0,0,0,0,0)
Skill = (15,0,2147483647,0,0,0,0,0,83,83,0,0,1000,2147483647,2147483647)
Skill = (16,0,2147483647,0,0,0,0,0,0,0,0,0,1000,2147483647,2147483647)
Skill = (17,0,2147483647,0,0,0,0,0,0,0,0,0,50,2147483647,2147483647)
Skill = (18,0,2147483647,0,0,0,0,0,0,0,0,0,1000,2147483647,2147483647)
Skill = (19,0,2147483647,0,0,0,0,0,0,0,0,0,1000,2147483647,2147483647)
Skill = (20,0,2147483647,0,0,0,0,0,0,0,0,0,1000,2147483647,2147483647)
Skill = (21,0,2147483647,0,0,0,0,0,0,0,0,0,1000,2147483647,2147483647)
Skill = (22,100,100,0,0,0,0,0,120,120,0,0,0,0,0)
Skill = (23,0,2147483647,0,0,0,0,0,0,0,0,0,1000,2147483647,2147483647)
Skill = (24,0,2147483647,0,0,0,0,0,0,0,0,0,1000,2147483647,2147483647)

Spells      = {1,10,11,20,29}
QuestValues = {(14,1),(15,1),(17,1),(18,1),(20,1),(27,1),(61,1),(88,1),(89,1),(90,1),(96,1),(97,1),(98,1),(99,1),(125,1),(126,1)}
Murders     = {}
