ID              = 7945613
Name            = "Ston Moodedrak"
Race            = 1
Profession      = 2
OriginalOutfit  = 129-114-114-114-94
CurrentOutfit   = 129-114-114-114-94
LastLogin       = 1131932922
LastLogout      = 1131932931
StartPosition   = [32369,32241,7]
CurrentPosition = [32347,32219,7]
PlayerkillerEnd = 0

Skill = (0,13,0,1,0,0,0,0,0,0,1,23926,0,29900,100)
Skill = (1,5,0,0,0,0,0,0,0,0,0,261,1400,326,20)
Skill = (2,235,235,0,0,0,0,0,0,0,10,0,0,0,0)
Skill = (3,110,110,0,0,0,0,0,0,0,15,0,0,0,0)
Skill = (4,82,82,0,0,0,0,0,0,0,1,0,0,0,0)
Skill = (5,570,570,0,0,0,0,0,0,0,20,0,0,0,0)
Skill = (6,31,0,10,0,0,0,0,0,0,0,6517,1100,7140,100)
Skill = (7,42,0,10,0,0,0,0,0,0,0,6467,1100,6667,30)
Skill = (8,10,0,10,0,0,0,0,0,0,0,0,1200,50,50)
Skill = (9,16,0,10,0,0,0,0,0,0,0,618,1200,645,50)
Skill = (10,10,0,10,0,0,0,0,0,0,0,0,1200,50,50)
Skill = (11,11,0,10,0,0,0,0,0,0,0,81,1200,109,50)
Skill = (12,0,2147483647,0,0,0,0,0,0,0,0,0,1000,2147483647,2147483647)
Skill = (13,25,0,10,0,0,0,0,0,0,0,694,1100,718,20)
Skill = (14,0,1200,0,0,0,0,0,0,0,0,0,0,0,0)
Skill = (15,0,2147483647,0,0,0,0,0,0,0,0,0,1000,2147483647,2147483647)
Skill = (16,0,2147483647,0,0,0,0,0,0,0,0,0,1000,2147483647,2147483647)
Skill = (17,0,2147483647,0,0,0,0,0,0,0,0,0,50,2147483647,2147483647)
Skill = (18,0,2147483647,0,0,0,0,0,0,0,0,0,1000,2147483647,2147483647)
Skill = (19,0,2147483647,0,0,0,0,0,0,0,0,0,1000,2147483647,2147483647)
Skill = (20,0,2147483647,0,0,0,0,0,0,0,0,0,1000,2147483647,2147483647)
Skill = (21,0,2147483647,0,0,0,0,0,0,0,0,0,1000,2147483647,2147483647)
Skill = (22,100,100,0,0,0,0,0,0,0,0,0,0,0,0)
Skill = (23,0,2147483647,0,0,0,0,0,0,0,0,0,1000,2147483647,2147483647)
Skill = (24,0,2147483647,0,0,0,0,0,0,0,0,0,1000,2147483647,2147483647)

Spells      = {1,2,10,20,29,42,44,51}
QuestValues = {(17,1),(18,1),(22,1),(23,1),(32,1),(33,1),(34,1),(109,1)}
Murders     = {}
