ID              = 7986313
Name            = "Lord Lanzar"
Race            = 1
Profession      = 13
OriginalOutfit  = 133-79-88-0-0
CurrentOutfit   = 133-79-88-0-0
LastLogin       = 1114679133
LastLogout      = 1114686788
StartPosition   = [32649,31925,11]
CurrentPosition = [32649,31925,11]
PlayerkillerEnd = 0

Skill = (0,28,0,1,0,0,0,0,0,0,1,311339,0,330400,100)
Skill = (1,36,0,0,0,0,0,0,0,0,0,6558,1100,6600,20)
Skill = (2,285,285,0,0,0,0,0,0,0,5,0,0,0,0)
Skill = (3,138,635,0,0,0,0,0,0,0,30,0,0,0,0)
Skill = (4,97,97,0,0,0,0,0,0,0,1,0,0,0,0)
Skill = (5,670,670,0,0,0,0,0,0,0,10,0,0,0,0)
Skill = (6,23,0,10,0,0,0,0,0,0,0,43260,1500,58185,100)
Skill = (7,10,0,10,0,0,0,0,0,0,0,10,2000,30,30)
Skill = (8,10,0,10,0,0,0,0,0,0,0,0,2000,50,50)
Skill = (9,19,0,10,0,0,0,0,0,0,0,46614,2000,51150,50)
Skill = (10,10,0,10,0,0,0,0,0,0,0,0,2000,50,50)
Skill = (11,11,0,10,0,0,0,0,0,0,0,69,1500,125,50)
Skill = (12,0,2147483647,0,0,0,0,0,0,0,0,0,1000,2147483647,2147483647)
Skill = (13,19,0,10,0,0,0,0,0,0,0,299,1100,318,20)
Skill = (14,0,1200,0,0,0,1113,0,0,0,0,0,0,0,0)
Skill = (15,0,2147483647,0,0,0,0,0,0,0,0,0,1000,2147483647,2147483647)
Skill = (16,0,2147483647,0,0,0,0,0,200,200,0,0,1000,2147483647,2147483647)
Skill = (17,0,2147483647,0,0,0,0,0,3,3,0,0,50,2147483647,2147483647)
Skill = (18,0,2147483647,0,0,0,0,0,8,8,0,0,1000,2147483647,2147483647)
Skill = (19,0,2147483647,0,0,0,0,0,10,10,0,0,1000,2147483647,2147483647)
Skill = (20,0,2147483647,0,0,0,0,0,0,0,0,0,1000,2147483647,2147483647)
Skill = (21,0,2147483647,0,0,0,0,0,0,0,0,0,1000,2147483647,2147483647)
Skill = (22,200,200,0,0,0,0,0,0,0,0,0,0,0,0)
Skill = (23,0,2147483647,0,0,0,0,0,0,0,0,0,1000,2147483647,2147483647)
Skill = (24,0,2147483647,0,0,0,0,0,0,0,0,0,1000,2147483647,2147483647)

Spells      = {3,8,9,16,20,21,45,76}
QuestValues = {(14,1),(15,1),(20,1),(21,1),(22,1),(23,1),(25,1),(26,1),(27,1),(32,1),(33,1),(34,1),(59,1),(84,1),(85,1),(86,1),(87,1),(96,1),(97,1),(98,1),(109,1),(125,1),(126,1),(190,1),(191,1),(254,1)}
Murders     = {}
