ID              = 8247813
Name            = "Fire dragon chocolatoso"
Race            = 1
Profession      = 3
OriginalOutfit  = 128-79-120-0-113
CurrentOutfit   = 128-79-120-0-113
LastLogin       = 1130643281
LastLogout      = 1130644285
StartPosition   = [32732,31634,7]
CurrentPosition = [32475,32140,7]
PlayerkillerEnd = 0

Skill = (0,9,0,1,0,0,0,0,0,0,1,9208,0,9300,100)
Skill = (1,7,0,0,0,0,0,0,0,0,0,210,1100,228,20)
Skill = (2,190,190,0,0,0,0,0,0,0,5,0,0,0,0)
Skill = (3,5,65,0,0,0,0,0,0,0,30,0,0,0,0)
Skill = (4,78,78,0,0,0,0,0,0,0,1,0,0,0,0)
Skill = (5,480,480,0,0,0,0,0,0,0,10,0,0,0,0)
Skill = (6,16,0,10,0,0,0,0,0,0,0,3210,1500,3217,100)
Skill = (7,10,0,10,0,0,0,0,0,0,0,5,2000,30,30)
Skill = (8,10,0,10,0,0,0,0,0,0,0,16,2000,50,50)
Skill = (9,15,0,10,0,0,0,0,0,0,0,2205,2000,3150,50)
Skill = (10,10,0,10,0,0,0,0,0,0,0,0,2000,50,50)
Skill = (11,10,0,10,0,0,0,0,0,0,0,16,1500,50,50)
Skill = (12,0,2147483647,0,0,0,0,0,0,0,0,0,1000,2147483647,2147483647)
Skill = (13,13,0,10,0,0,0,0,0,0,0,81,1100,92,20)
Skill = (14,0,1200,0,0,0,0,0,0,0,0,0,0,0,0)
Skill = (15,0,2147483647,0,0,0,6,0,59,83,0,0,1000,2147483647,2147483647)
Skill = (16,0,2147483647,0,0,0,0,0,0,0,0,0,1000,2147483647,2147483647)
Skill = (17,0,2147483647,0,0,0,0,0,0,0,0,0,50,2147483647,2147483647)
Skill = (18,0,2147483647,0,0,0,0,0,0,0,0,0,1000,2147483647,2147483647)
Skill = (19,0,2147483647,0,0,0,0,0,0,0,0,0,1000,2147483647,2147483647)
Skill = (20,0,2147483647,0,0,0,0,0,0,0,0,0,1000,2147483647,2147483647)
Skill = (21,0,2147483647,0,0,0,0,0,0,0,0,0,1000,2147483647,2147483647)
Skill = (22,100,100,0,0,0,0,0,120,120,0,0,0,0,0)
Skill = (23,0,2147483647,0,0,0,0,0,0,0,0,0,1000,2147483647,2147483647)
Skill = (24,0,2147483647,0,0,0,0,0,0,0,0,0,1000,2147483647,2147483647)

Spells      = {3,8,10,16,18,19,20,26,45}
QuestValues = {(17,1),(18,1),(20,1),(21,1),(22,1),(23,1),(35,1),(46,1),(96,1),(97,1),(98,1),(106,1),(107,1),(125,1),(126,1)}
Murders     = {}
