ID              = 8731413
Name            = "Dark Aivin"
Race            = 1
Profession      = 3
OriginalOutfit  = 137-0-114-114-114
CurrentOutfit   = 134-95-0-113-115
LastLogin       = 1132147896
LastLogout      = 1132148146
StartPosition   = [32369,32241,7]
CurrentPosition = [32345,32217,7]
PlayerkillerEnd = 0

Skill = (0,15,0,1,0,0,0,0,0,0,1,39167,0,47000,100)
Skill = (1,20,0,0,0,0,0,0,0,0,0,1165,1100,1280,20)
Skill = (2,220,220,0,0,0,0,0,0,0,5,0,0,0,0)
Skill = (3,12,245,0,0,0,0,0,0,0,30,0,0,0,0)
Skill = (4,84,84,0,0,0,0,0,0,0,1,0,0,0,0)
Skill = (5,540,540,0,0,0,0,0,0,0,10,0,0,0,0)
Skill = (6,19,0,10,0,0,0,0,0,0,0,10611,1500,11333,100)
Skill = (7,10,0,10,0,0,0,0,0,0,0,14,2000,30,30)
Skill = (8,17,0,10,0,0,0,0,0,0,0,9672,2000,12750,50)
Skill = (9,10,0,10,0,0,0,0,0,0,0,2,2000,50,50)
Skill = (10,10,0,10,0,0,0,0,0,0,0,0,2000,50,50)
Skill = (11,11,0,10,0,0,0,0,0,0,0,107,1500,125,50)
Skill = (12,0,2147483647,0,0,0,0,0,0,0,0,0,1000,2147483647,2147483647)
Skill = (13,30,0,10,0,0,0,0,0,0,0,1262,1100,1280,20)
Skill = (14,0,1200,0,0,0,756,0,0,0,0,0,0,0,0)
Skill = (15,0,2147483647,0,0,0,0,0,83,83,0,0,1000,2147483647,2147483647)
Skill = (16,0,2147483647,0,0,0,1,0,182,200,0,0,1000,2147483647,2147483647)
Skill = (17,0,2147483647,0,0,0,0,0,3,3,0,0,50,2147483647,2147483647)
Skill = (18,0,2147483647,0,0,0,0,0,8,8,0,0,1000,2147483647,2147483647)
Skill = (19,0,2147483647,0,0,0,0,0,0,0,0,0,1000,2147483647,2147483647)
Skill = (20,0,2147483647,0,0,0,0,0,120,120,0,0,1000,2147483647,2147483647)
Skill = (21,0,2147483647,0,0,0,0,0,0,0,0,0,1000,2147483647,2147483647)
Skill = (22,100,100,0,0,0,0,0,120,120,0,0,0,0,0)
Skill = (23,0,2147483647,0,0,0,0,0,0,0,0,0,1000,2147483647,2147483647)
Skill = (24,0,2147483647,0,0,0,0,0,0,0,0,0,1000,2147483647,2147483647)

Spells      = {3,8,9,10,20,29,38,44,45}
QuestValues = {(19,1),(21,1),(22,1),(23,1),(35,1),(55,1),(59,1),(98,1),(106,1),(107,1),(140,1),(141,1),(223,1)}
Murders     = {}
