ID              = 9121313
Name            = "Takillo pillo"
Race            = 1
Profession      = 1
OriginalOutfit  = 129-0-0-0-0
CurrentOutfit   = 129-0-0-0-0
LastLogin       = 1131934220
LastLogout      = 1131934235
StartPosition   = [32369,32241,7]
CurrentPosition = [32348,32227,6]
PlayerkillerEnd = 0

Skill = (0,8,0,1,0,0,0,0,0,0,1,5844,0,6400,100)
Skill = (1,1,0,0,0,0,0,0,0,0,0,21,3000,80,20)
Skill = (2,160,185,0,0,0,0,0,0,0,15,0,0,0,0)
Skill = (3,19,35,0,0,0,0,0,0,0,5,0,0,0,0)
Skill = (4,77,77,0,0,0,0,0,0,0,1,0,0,0,0)
Skill = (5,470,470,0,0,0,0,0,0,0,25,0,0,0,0)
Skill = (6,20,0,10,0,0,0,0,0,0,0,1728,1100,1853,100)
Skill = (7,11,0,10,0,0,0,0,0,0,0,57,1400,71,30)
Skill = (8,13,0,10,0,0,0,0,0,0,0,205,1100,232,50)
Skill = (9,21,0,10,0,0,0,0,0,0,0,1064,1100,1069,50)
Skill = (10,10,0,10,0,0,0,0,0,0,0,30,1100,50,50)
Skill = (11,10,0,10,0,0,0,0,0,0,0,20,1100,50,50)
Skill = (12,0,2147483647,0,0,0,0,0,0,0,0,0,1000,2147483647,2147483647)
Skill = (13,10,0,10,0,0,0,0,0,0,0,0,1100,20,20)
Skill = (14,0,1200,0,0,0,0,0,0,0,0,0,0,0,0)
Skill = (15,0,2147483647,0,0,0,0,0,83,83,0,0,1000,2147483647,2147483647)
Skill = (16,0,2147483647,0,0,0,0,0,0,0,0,0,1000,2147483647,2147483647)
Skill = (17,0,2147483647,0,0,0,0,0,3,3,0,0,50,2147483647,2147483647)
Skill = (18,0,2147483647,0,0,0,0,0,8,8,0,0,1000,2147483647,2147483647)
Skill = (19,0,2147483647,0,0,0,0,0,0,0,0,0,1000,2147483647,2147483647)
Skill = (20,0,2147483647,0,0,0,0,0,120,120,0,0,1000,2147483647,2147483647)
Skill = (21,0,2147483647,0,0,0,0,0,0,0,0,0,1000,2147483647,2147483647)
Skill = (22,100,100,0,0,0,0,0,120,120,0,0,0,0,0)
Skill = (23,0,2147483647,0,0,0,0,0,0,0,0,0,1000,2147483647,2147483647)
Skill = (24,0,2147483647,0,0,0,0,0,0,0,0,0,1000,2147483647,2147483647)

Spells      = {1,10}
QuestValues = {(18,1),(20,1),(22,1),(23,1),(35,1),(59,1),(106,1),(107,1),(223,1)}
Murders     = {}
