ID              = 9538613
Name            = "Soon of Cruris"
Race            = 1
Profession      = 2
OriginalOutfit  = 129-115-95-114-0
CurrentOutfit   = 129-115-95-114-0
LastLogin       = 1124725127
LastLogout      = 1124725327
StartPosition   = [32360,31782,7]
CurrentPosition = [32335,31788,7]
PlayerkillerEnd = 0

Skill = (0,16,0,1,0,0,0,0,0,0,1,47651,0,57600,100)
Skill = (1,6,0,0,0,0,0,0,0,0,0,456,1400,477,20)
Skill = (2,265,265,0,0,0,0,0,0,0,10,0,0,0,0)
Skill = (3,155,155,0,0,0,0,0,0,0,15,0,0,0,0)
Skill = (4,85,85,0,0,0,0,0,0,0,1,0,0,0,0)
Skill = (5,630,630,0,0,0,0,0,0,0,20,0,0,0,0)
Skill = (6,40,0,10,0,0,0,0,0,0,0,16723,1100,18194,100)
Skill = (7,52,0,10,0,0,0,0,0,0,0,16344,1100,17772,30)
Skill = (8,14,0,10,0,0,0,0,0,0,0,339,1200,372,50)
Skill = (9,10,0,10,0,0,0,0,0,0,0,0,1200,50,50)
Skill = (10,10,0,10,0,0,0,0,0,0,0,11,1200,50,50)
Skill = (11,13,0,10,0,0,0,0,0,0,0,207,1200,268,50)
Skill = (12,0,2147483647,0,0,0,0,0,0,0,0,0,1000,2147483647,2147483647)
Skill = (13,30,0,10,0,0,0,0,0,0,0,1153,1100,1280,20)
Skill = (14,0,1200,0,0,0,1125,0,0,0,0,0,0,0,0)
Skill = (15,0,2147483647,0,0,0,0,0,0,0,0,0,1000,2147483647,2147483647)
Skill = (16,0,2147483647,0,0,0,0,0,0,0,0,0,1000,2147483647,2147483647)
Skill = (17,0,2147483647,0,0,0,0,0,0,0,0,0,50,2147483647,2147483647)
Skill = (18,0,2147483647,0,0,0,0,0,0,0,0,0,1000,2147483647,2147483647)
Skill = (19,0,2147483647,0,0,0,0,0,0,0,0,0,1000,2147483647,2147483647)
Skill = (20,0,2147483647,0,0,0,0,0,0,0,0,0,1000,2147483647,2147483647)
Skill = (21,0,2147483647,0,0,0,0,0,0,0,0,0,1000,2147483647,2147483647)
Skill = (22,100,100,0,0,0,0,0,0,0,0,0,0,0,0)
Skill = (23,0,2147483647,0,0,0,0,0,0,0,0,0,1000,2147483647,2147483647)
Skill = (24,0,2147483647,0,0,0,0,0,0,0,0,0,1000,2147483647,2147483647)

Spells      = {2,29,42,51}
QuestValues = {(17,1),(18,1),(20,1),(27,1),(32,1),(33,1),(34,1),(58,1),(59,1)}
Murders     = {}
