ID              = 9587513
Name            = "Lucide Natin"
Race            = 1
Profession      = 2
OriginalOutfit  = 129-0-126-0-126
CurrentOutfit   = 129-0-126-0-126
LastLogin       = 1132143239
LastLogout      = 1132143247
StartPosition   = [32369,32241,7]
CurrentPosition = [32343,31782,8]
PlayerkillerEnd = 0

Skill = (0,18,0,1,0,0,0,0,0,0,1,80698,0,83400,100)
Skill = (1,7,0,0,0,0,0,0,0,0,0,604,1400,687,20)
Skill = (2,263,270,0,0,0,0,0,0,0,10,0,0,0,0)
Skill = (3,11,155,0,0,0,0,0,0,0,15,0,0,0,0)
Skill = (4,87,87,0,0,0,0,0,0,0,1,0,0,0,0)
Skill = (5,640,640,0,0,0,0,0,0,0,20,0,0,0,0)
Skill = (6,41,0,10,0,0,0,0,0,0,0,20026,1100,20113,100)
Skill = (7,11,0,10,0,0,0,0,0,0,0,34,1100,63,30)
Skill = (8,11,0,10,0,0,0,0,0,0,0,52,1200,109,50)
Skill = (9,32,0,10,0,0,0,0,0,0,0,15627,1200,16311,50)
Skill = (10,10,0,10,0,0,0,0,0,0,0,0,1200,50,50)
Skill = (11,11,0,10,0,0,0,0,0,0,0,93,1200,109,50)
Skill = (12,0,2147483647,0,0,0,0,0,0,0,0,0,1000,2147483647,2147483647)
Skill = (13,11,0,10,0,0,0,0,0,0,0,36,1100,42,20)
Skill = (14,0,1200,0,0,0,0,0,0,0,0,0,0,0,0)
Skill = (15,0,2147483647,0,0,0,0,0,83,83,0,0,1000,2147483647,2147483647)
Skill = (16,0,2147483647,0,0,0,0,0,0,0,0,0,1000,2147483647,2147483647)
Skill = (17,0,2147483647,0,0,0,0,0,3,3,0,0,50,2147483647,2147483647)
Skill = (18,0,2147483647,0,0,0,0,0,8,8,0,0,1000,2147483647,2147483647)
Skill = (19,0,2147483647,0,0,0,0,0,0,0,0,0,1000,2147483647,2147483647)
Skill = (20,0,2147483647,0,0,0,0,0,0,0,0,0,1000,2147483647,2147483647)
Skill = (21,0,2147483647,0,0,0,0,0,0,0,0,0,1000,2147483647,2147483647)
Skill = (22,100,100,0,0,0,0,0,120,120,0,0,0,0,0)
Skill = (23,0,2147483647,0,0,0,0,0,0,0,0,0,1000,2147483647,2147483647)
Skill = (24,0,2147483647,0,0,0,0,0,0,0,0,0,1000,2147483647,2147483647)

Spells      = {1,2,7,8,10,15,20,29,30,42,51}
QuestValues = {(18,1),(19,1),(20,1),(21,1),(22,1),(23,1),(32,1),(33,1),(34,1),(59,1),(60,1),(61,1),(100,1),(125,1),(126,1),(223,1)}
Murders     = {}
