ID              = 9852813
Name            = "Jeova Ala"
Race            = 1
Profession      = 4
OriginalOutfit  = 129-115-114-114-94
CurrentOutfit   = 219-0-0-0-0
LastLogin       = 1131830782
LastLogout      = 1131830797
StartPosition   = [32360,31782,7]
CurrentPosition = [32337,31787,7]
PlayerkillerEnd = 0

Skill = (0,14,0,1,0,0,0,0,0,0,1,36531,0,37800,100)
Skill = (1,21,0,0,0,0,0,0,0,0,0,1319,1100,1428,20)
Skill = (2,215,215,0,0,0,0,0,0,0,5,0,0,0,0)
Skill = (3,29,215,0,0,0,0,0,0,0,30,0,0,0,0)
Skill = (4,83,83,0,0,0,0,0,0,0,1,0,0,0,0)
Skill = (5,530,530,0,0,0,0,0,0,0,10,0,0,0,0)
Skill = (6,18,0,10,0,0,0,0,0,0,0,7458,1500,7488,100)
Skill = (7,10,0,10,0,0,0,0,0,0,0,0,1800,30,30)
Skill = (8,14,0,10,0,0,0,0,0,0,0,621,1800,1118,50)
Skill = (9,13,0,10,0,0,0,0,0,0,0,539,1800,593,50)
Skill = (10,17,0,10,0,0,0,0,0,0,0,4204,1800,6824,50)
Skill = (11,10,0,10,0,0,0,0,0,0,0,36,1500,50,50)
Skill = (12,0,2147483647,0,0,0,0,0,0,0,0,0,1000,2147483647,2147483647)
Skill = (13,22,0,10,0,0,0,0,0,0,0,486,1100,490,20)
Skill = (14,0,1200,0,0,0,774,0,0,0,0,0,0,0,0)
Skill = (15,0,2147483647,0,0,0,0,0,0,0,0,0,1000,2147483647,2147483647)
Skill = (16,0,2147483647,0,0,0,1,0,106,200,0,0,1000,2147483647,2147483647)
Skill = (17,0,2147483647,0,0,0,0,0,0,0,0,0,50,2147483647,2147483647)
Skill = (18,0,2147483647,0,0,0,0,0,0,0,0,0,1000,2147483647,2147483647)
Skill = (19,0,2147483647,0,0,0,0,0,0,0,0,0,1000,2147483647,2147483647)
Skill = (20,0,2147483647,0,0,0,0,0,0,0,0,0,1000,2147483647,2147483647)
Skill = (21,0,2147483647,0,0,0,0,0,0,0,0,0,1000,2147483647,2147483647)
Skill = (22,21,100,0,0,0,0,0,120,120,0,0,0,0,0)
Skill = (23,0,2147483647,0,0,0,0,0,0,0,0,0,1000,2147483647,2147483647)
Skill = (24,0,2147483647,0,0,0,0,0,0,0,0,0,1000,2147483647,2147483647)

Spells      = {1,3,4,5,8,10,12,14,16,17,18,20,25,26,27,29,30,38,42,44,45}
QuestValues = {(24,1),(33,1),(34,1),(60,1),(61,1),(73,1),(74,1),(75,1),(93,1),(94,1),(95,1),(96,1),(97,1),(98,1),(106,1),(107,1),(125,1),(126,1),(253,1)}
Murders     = {}
