ID              = 11108373
Name            = "Druid On Diego"
Race            = 1
Profession      = 4
OriginalOutfit  = 128-114-1-3-6
CurrentOutfit   = 128-114-1-3-6
LastLogin       = 1132133647
LastLogout      = 1132133656
StartPosition   = [32957,32076,7]
CurrentPosition = [32920,32069,7]
PlayerkillerEnd = 0

Skill = (0,20,0,1,0,0,0,0,0,0,1,105271,0,116000,100)
Skill = (1,29,0,0,0,0,0,0,0,0,0,3136,1100,3289,20)
Skill = (2,245,245,0,0,0,0,0,0,0,5,0,0,0,0)
Skill = (3,32,395,0,0,0,0,0,0,0,30,0,0,0,0)
Skill = (4,89,89,0,0,0,0,0,0,0,1,0,0,0,0)
Skill = (5,590,590,0,0,0,0,0,0,0,10,0,0,0,0)
Skill = (6,22,0,10,0,0,0,0,0,0,0,33057,1500,38723,100)
Skill = (7,10,0,10,0,0,0,0,0,0,0,0,1800,30,30)
Skill = (8,20,0,10,0,0,0,0,0,0,0,33551,1800,40105,50)
Skill = (9,10,0,10,0,0,0,0,0,0,0,0,1800,50,50)
Skill = (10,10,0,10,0,0,0,0,0,0,0,0,1800,50,50)
Skill = (11,11,0,10,0,0,0,0,0,0,0,65,1500,125,50)
Skill = (12,0,2147483647,0,0,0,0,0,0,0,0,0,1000,2147483647,2147483647)
Skill = (13,37,0,10,0,0,0,0,0,0,0,2425,1100,2684,20)
Skill = (14,0,1200,0,0,0,446,0,0,0,0,0,0,0,0)
Skill = (15,0,2147483647,0,0,0,0,0,83,83,0,0,1000,2147483647,2147483647)
Skill = (16,0,2147483647,0,0,0,0,0,200,200,0,0,1000,2147483647,2147483647)
Skill = (17,0,2147483647,0,0,0,0,0,3,3,0,0,50,2147483647,2147483647)
Skill = (18,0,2147483647,0,0,0,0,0,8,8,0,0,1000,2147483647,2147483647)
Skill = (19,0,2147483647,0,0,0,0,0,10,10,0,0,1000,2147483647,2147483647)
Skill = (20,0,2147483647,0,0,0,0,0,0,0,0,0,1000,2147483647,2147483647)
Skill = (21,0,2147483647,0,0,0,0,0,0,0,0,0,1000,2147483647,2147483647)
Skill = (22,14,100,0,0,0,0,0,120,120,0,0,0,0,0)
Skill = (23,0,2147483647,0,0,0,0,0,0,0,0,0,1000,2147483647,2147483647)
Skill = (24,0,2147483647,0,0,0,0,0,0,0,0,0,1000,2147483647,2147483647)

Spells      = {2,5,8,9,10,38,45}
QuestValues = {(21,1),(23,1),(35,1),(96,1),(97,1),(98,1),(107,1),(113,1),(114,1),(253,1)}
Murders     = {}
