ID              = 7949773
Name            = "Mlinha rozinha"
Race            = 1
Profession      = 4
OriginalOutfit  = 140-115-90-0-90
CurrentOutfit   = 140-115-90-0-90
LastLogin       = 1128197343
LastLogout      = 1128197382
StartPosition   = [32369,32241,7]
CurrentPosition = [32369,32238,7]
PlayerkillerEnd = 0

Skill = (0,10,0,1,0,0,0,0,0,0,1,12354,0,13000,100)
Skill = (1,12,0,0,0,0,0,0,0,0,0,484,1100,490,20)
Skill = (2,195,195,0,0,0,0,0,0,0,5,0,0,0,0)
Skill = (3,95,95,0,0,0,0,0,0,0,30,0,0,0,0)
Skill = (4,79,79,0,0,0,0,0,0,0,1,0,0,0,0)
Skill = (5,490,490,0,0,0,0,0,0,0,10,0,0,0,0)
Skill = (6,17,0,10,0,0,0,0,0,0,0,4564,1500,4925,100)
Skill = (7,10,0,10,0,0,0,0,0,0,0,3,1800,30,30)
Skill = (8,15,0,10,0,0,0,0,0,0,0,1183,1800,2063,50)
Skill = (9,16,0,10,0,0,0,0,0,0,0,2242,1800,3763,50)
Skill = (10,10,0,10,0,0,0,0,0,0,0,13,1800,50,50)
Skill = (11,10,0,10,0,0,0,0,0,0,0,17,1500,50,50)
Skill = (12,0,2147483647,0,0,0,0,0,0,0,0,0,1000,2147483647,2147483647)
Skill = (13,24,0,10,0,0,0,0,0,0,0,564,1100,635,20)
Skill = (14,0,1200,0,0,0,0,0,0,0,0,0,0,0,0)
Skill = (15,0,2147483647,0,0,0,0,0,0,0,0,0,1000,2147483647,2147483647)
Skill = (16,0,2147483647,0,0,0,0,0,0,0,0,0,1000,2147483647,2147483647)
Skill = (17,0,2147483647,0,0,0,0,0,0,0,0,0,50,2147483647,2147483647)
Skill = (18,0,2147483647,0,0,0,0,0,0,0,0,0,1000,2147483647,2147483647)
Skill = (19,0,2147483647,0,0,0,0,0,0,0,0,0,1000,2147483647,2147483647)
Skill = (20,0,2147483647,0,0,0,0,0,0,0,0,0,1000,2147483647,2147483647)
Skill = (21,0,2147483647,0,0,0,0,0,0,0,0,0,1000,2147483647,2147483647)
Skill = (22,100,100,0,0,0,0,0,0,0,0,0,0,0,0)
Skill = (23,0,2147483647,0,0,0,0,0,0,0,0,0,1000,2147483647,2147483647)
Skill = (24,0,2147483647,0,0,0,0,0,0,0,0,0,1000,2147483647,2147483647)

Spells      = {1,4,5,10,42}
QuestValues = {(20,1),(21,1),(22,1),(23,1),(27,1),(30,1),(32,1),(33,1),(34,1),(59,1),(84,1),(85,1),(86,1),(87,1),(224,1)}
Murders     = {}
