ID              = 8464873
Name            = "Gallows"
Race            = 1
Profession      = 1
OriginalOutfit  = 128-114-95-114-114
CurrentOutfit   = 128-114-95-114-114
LastLogin       = 1132134522
LastLogout      = 1132134622
StartPosition   = [32957,32076,7]
CurrentPosition = [32567,32023,7]
PlayerkillerEnd = 0

Skill = (0,19,0,1,0,0,0,0,0,0,1,87118,0,98800,100)
Skill = (1,3,0,0,0,0,0,0,0,0,0,328,3000,800,20)
Skill = (2,288,350,0,0,0,0,0,0,0,15,0,0,0,0)
Skill = (3,90,90,0,0,0,0,0,0,0,5,0,0,0,0)
Skill = (4,88,88,0,0,0,0,0,0,0,1,0,0,0,0)
Skill = (5,745,745,0,0,0,0,0,0,0,25,0,0,0,0)
Skill = (6,36,0,10,0,0,0,0,0,0,0,11592,1100,12109,100)
Skill = (7,10,0,10,0,0,0,0,0,0,0,13,1400,30,30)
Skill = (8,10,0,10,0,0,0,0,0,0,0,9,1100,50,50)
Skill = (9,40,0,10,0,0,0,0,0,0,0,9080,1100,9097,50)
Skill = (10,10,0,10,0,0,0,0,0,0,0,15,1100,50,50)
Skill = (11,16,0,10,0,0,0,0,0,0,0,466,1100,474,50)
Skill = (12,0,2147483647,0,0,0,0,0,0,0,0,0,1000,2147483647,2147483647)
Skill = (13,11,0,10,0,0,0,0,0,0,0,33,1100,42,20)
Skill = (14,0,1200,0,0,0,0,0,0,0,0,0,0,0,0)
Skill = (15,0,2147483647,0,0,0,0,0,0,0,0,0,1000,2147483647,2147483647)
Skill = (16,0,2147483647,0,0,0,0,0,0,0,0,0,1000,2147483647,2147483647)
Skill = (17,0,2147483647,0,0,0,0,0,0,0,0,0,50,2147483647,2147483647)
Skill = (18,0,2147483647,0,0,0,0,0,0,0,0,0,1000,2147483647,2147483647)
Skill = (19,0,2147483647,0,0,0,0,0,0,0,0,0,1000,2147483647,2147483647)
Skill = (20,0,2147483647,0,0,0,0,0,0,0,0,0,1000,2147483647,2147483647)
Skill = (21,0,2147483647,0,0,0,0,0,0,0,0,0,1000,2147483647,2147483647)
Skill = (22,100,100,0,0,0,0,0,120,120,0,0,0,0,0)
Skill = (23,0,2147483647,0,0,0,0,0,0,0,0,0,1000,2147483647,2147483647)
Skill = (24,0,2147483647,0,0,0,0,0,0,0,0,0,1000,2147483647,2147483647)

Spells      = {1,10,11,20,29}
QuestValues = {(16,1),(17,1),(18,1),(20,1),(21,1),(22,1),(23,1),(24,1),(29,1),(30,1),(32,1),(33,1),(34,1),(35,1),(37,1),(54,1),(60,1),(93,1),(94,1),(95,1),(98,1),(99,1),(100,1),(106,1),(107,1),(125,1),(126,1),(226,1)}
Murders     = {}
