ID              = 9777373
Name            = "Angel Starfire"
Race            = 1
Profession      = 2
OriginalOutfit  = 129-79-120-0-94
CurrentOutfit   = 129-79-120-0-94
LastLogin       = 1132110855
LastLogout      = 1132110926
StartPosition   = [32360,31782,7]
CurrentPosition = [32681,31685,7]
PlayerkillerEnd = 0

Skill = (0,26,0,1,0,0,0,0,0,0,1,258879,0,262600,100)
Skill = (1,9,0,0,0,0,0,0,0,0,0,1362,1400,1396,20)
Skill = (2,359,365,0,0,0,0,0,0,0,10,0,0,0,0)
Skill = (3,305,305,0,0,0,0,0,0,0,15,0,0,0,0)
Skill = (4,95,95,0,0,0,0,0,0,0,1,0,0,0,0)
Skill = (5,830,830,0,0,0,0,0,0,0,20,0,0,0,0)
Skill = (6,53,0,10,0,0,0,0,0,0,0,60939,1100,65264,100)
Skill = (7,64,0,10,0,0,0,0,0,0,0,54493,1100,56417,30)
Skill = (8,10,0,10,0,0,0,0,0,0,0,0,1200,50,50)
Skill = (9,18,0,10,0,0,0,0,0,0,0,843,1200,1039,50)
Skill = (10,10,0,10,0,0,0,0,0,0,0,0,1200,50,50)
Skill = (11,31,0,10,0,0,0,0,0,0,0,13202,1200,13551,50)
Skill = (12,0,2147483647,0,0,0,0,0,0,0,0,0,1000,2147483647,2147483647)
Skill = (13,40,0,10,0,0,0,0,0,0,0,3629,1100,3638,20)
Skill = (14,0,1200,0,0,0,900,0,0,0,0,0,0,0,0)
Skill = (15,0,2147483647,0,0,0,0,0,125,125,0,0,1000,2147483647,2147483647)
Skill = (16,0,2147483647,0,0,0,0,0,0,0,0,0,1000,2147483647,2147483647)
Skill = (17,0,2147483647,0,0,0,0,0,0,0,0,0,50,2147483647,2147483647)
Skill = (18,0,2147483647,0,0,0,0,0,1,1,0,0,1000,2147483647,2147483647)
Skill = (19,0,2147483647,0,0,0,0,0,0,0,0,0,1000,2147483647,2147483647)
Skill = (20,0,2147483647,0,0,0,0,0,3,3,0,0,1000,2147483647,2147483647)
Skill = (21,0,2147483647,0,0,0,0,0,0,0,0,0,1000,2147483647,2147483647)
Skill = (22,100,100,0,0,0,0,0,120,120,0,0,0,0,0)
Skill = (23,0,2147483647,0,0,0,0,0,0,0,0,0,1000,2147483647,2147483647)
Skill = (24,0,2147483647,0,0,0,0,0,0,0,0,0,1000,2147483647,2147483647)

Spells      = {1,3,8,11,29,42,51}
QuestValues = {(21,1),(22,1),(23,1),(69,1)}
Murders     = {}
