ID              = 10102536
Name            = "Austin Amis"
Race            = 1
Profession      = 2
OriginalOutfit  = 129-114-114-76-114
CurrentOutfit   = 129-114-114-76-114
LastLogin       = 1131989766
LastLogout      = 1131989854
StartPosition   = [32360,31782,7]
CurrentPosition = [32330,31781,8]
PlayerkillerEnd = 0

Skill = (0,7,0,1,0,0,0,0,0,0,1,3884,0,4200,100)
Skill = (1,0,0,0,0,0,0,0,0,0,0,0,1400,20,20)
Skill = (2,83,175,0,0,0,0,0,0,0,10,0,0,0,0)
Skill = (3,20,20,0,0,0,0,0,0,0,15,0,0,0,0)
Skill = (4,76,76,0,0,0,0,0,0,0,1,0,0,0,0)
Skill = (5,450,450,0,0,0,0,0,0,0,20,0,0,0,0)
Skill = (6,16,0,10,0,0,0,0,0,0,0,824,1100,948,100)
Skill = (7,10,0,10,0,0,0,0,0,0,0,10,1100,30,30)
Skill = (8,14,0,10,0,0,0,0,0,0,0,336,1200,372,50)
Skill = (9,14,0,10,0,0,0,0,0,0,0,306,1200,372,50)
Skill = (10,11,0,10,0,0,0,0,0,0,0,90,1200,109,50)
Skill = (11,10,0,10,0,0,0,0,0,0,0,0,1200,50,50)
Skill = (12,0,2147483647,0,0,0,0,0,0,0,0,0,1000,2147483647,2147483647)
Skill = (13,10,0,10,0,0,0,0,0,0,0,0,1100,20,20)
Skill = (14,0,1200,0,0,0,0,0,0,0,0,0,0,0,0)
Skill = (15,0,2147483647,0,0,0,0,0,0,0,0,0,1000,2147483647,2147483647)
Skill = (16,0,2147483647,0,0,0,0,0,0,0,0,0,1000,2147483647,2147483647)
Skill = (17,0,2147483647,0,0,0,0,0,0,0,0,0,50,2147483647,2147483647)
Skill = (18,0,2147483647,0,0,0,0,0,0,0,0,0,1000,2147483647,2147483647)
Skill = (19,0,2147483647,0,0,0,0,0,0,0,0,0,1000,2147483647,2147483647)
Skill = (20,0,2147483647,0,0,0,0,0,0,0,0,0,1000,2147483647,2147483647)
Skill = (21,0,2147483647,0,0,0,0,0,0,0,0,0,1000,2147483647,2147483647)
Skill = (22,100,100,0,0,0,0,0,0,0,0,0,0,0,0)
Skill = (23,0,2147483647,0,0,0,0,0,0,0,0,0,1000,2147483647,2147483647)
Skill = (24,0,2147483647,0,0,0,0,0,0,0,0,0,1000,2147483647,2147483647)

Spells      = {}
QuestValues = {(20,1),(59,1)}
Murders     = {}
