ID              = 10224536
Name            = "Notromias"
Race            = 1
Profession      = 3
OriginalOutfit  = 130-115-113-114-0
CurrentOutfit   = 130-115-113-114-0
LastLogin       = 1128371265
LastLogout      = 1128372604
StartPosition   = [32360,31782,7]
CurrentPosition = [32529,31774,5]
PlayerkillerEnd = 0

Skill = (0,10,0,1,0,0,0,0,0,0,1,10595,0,13000,100)
Skill = (1,6,0,0,0,0,0,0,0,0,0,154,1100,189,20)
Skill = (2,195,195,0,0,0,0,0,0,0,5,0,0,0,0)
Skill = (3,29,95,0,0,0,0,0,0,0,30,0,0,0,0)
Skill = (4,79,79,0,0,0,0,0,0,0,1,0,0,0,0)
Skill = (5,490,490,0,0,0,0,0,0,0,10,0,0,0,0)
Skill = (6,17,0,10,0,0,0,0,0,0,0,3829,1500,4925,100)
Skill = (7,10,0,10,0,0,0,0,0,0,0,0,2000,30,30)
Skill = (8,10,0,10,0,0,0,0,0,0,0,0,2000,50,50)
Skill = (9,16,0,10,0,0,0,0,0,0,0,3944,2000,6350,50)
Skill = (10,10,0,10,0,0,0,0,0,0,0,0,2000,50,50)
Skill = (11,10,0,10,0,0,0,0,0,0,0,0,1500,50,50)
Skill = (12,0,2147483647,0,0,0,0,0,0,0,0,0,1000,2147483647,2147483647)
Skill = (13,21,0,10,0,0,0,0,0,0,0,417,1100,427,20)
Skill = (14,0,1200,0,0,0,892,0,0,0,0,0,0,0,0)
Skill = (15,0,2147483647,0,0,0,5,0,80,83,0,0,1000,2147483647,2147483647)
Skill = (16,0,2147483647,0,0,0,0,0,0,0,0,0,1000,2147483647,2147483647)
Skill = (17,0,2147483647,0,0,0,0,0,3,3,0,0,50,2147483647,2147483647)
Skill = (18,0,2147483647,0,0,0,0,0,0,0,0,0,1000,2147483647,2147483647)
Skill = (19,0,2147483647,0,0,0,0,0,0,0,0,0,1000,2147483647,2147483647)
Skill = (20,0,2147483647,0,0,0,0,0,0,0,0,0,1000,2147483647,2147483647)
Skill = (21,0,2147483647,0,0,0,0,0,0,0,0,0,1000,2147483647,2147483647)
Skill = (22,100,100,0,0,0,0,0,120,120,0,0,0,0,0)
Skill = (23,0,2147483647,0,0,0,0,0,0,0,0,0,1000,2147483647,2147483647)
Skill = (24,0,2147483647,0,0,0,0,0,0,0,0,0,1000,2147483647,2147483647)

Spells      = {10}
QuestValues = {(18,1),(223,1)}
Murders     = {}
