ID              = 7952336
Name            = "Nijovanee"
Race            = 1
Profession      = 3
OriginalOutfit  = 134-114-0-0-114
CurrentOutfit   = 134-114-0-0-114
LastLogin       = 1120804051
LastLogout      = 1120804066
StartPosition   = [32732,31634,7]
CurrentPosition = [32732,31634,7]
PlayerkillerEnd = 0

Skill = (0,17,0,1,0,0,0,0,0,0,1,60178,0,69700,100)
Skill = (1,18,0,0,0,0,0,0,0,0,0,981,1100,1023,20)
Skill = (2,230,230,0,0,0,0,0,0,0,5,0,0,0,0)
Skill = (3,305,305,0,0,0,0,0,0,0,30,0,0,0,0)
Skill = (4,86,86,0,0,0,0,0,0,0,1,0,0,0,0)
Skill = (5,560,560,0,0,0,0,0,0,0,10,0,0,0,0)
Skill = (6,21,0,10,0,0,0,0,0,0,0,19027,1500,25749,100)
Skill = (7,11,0,10,0,0,0,0,0,0,0,32,2000,90,30)
Skill = (8,10,0,10,0,0,0,0,0,0,0,0,2000,50,50)
Skill = (9,18,0,10,0,0,0,0,0,0,0,16076,2000,25550,50)
Skill = (10,10,0,10,0,0,0,0,0,0,0,0,2000,50,50)
Skill = (11,10,0,10,0,0,0,0,0,0,0,0,1500,50,50)
Skill = (12,0,2147483647,0,0,0,0,0,0,0,0,0,1000,2147483647,2147483647)
Skill = (13,34,0,10,0,0,0,0,0,0,0,1923,1100,1966,20)
Skill = (14,0,1200,0,0,0,548,0,0,0,0,0,0,0,0)
Skill = (15,0,2147483647,0,0,0,0,0,83,83,0,0,1000,2147483647,2147483647)
Skill = (16,0,2147483647,0,0,0,0,0,0,0,0,0,1000,2147483647,2147483647)
Skill = (17,0,2147483647,0,0,0,0,0,0,0,0,0,50,2147483647,2147483647)
Skill = (18,0,2147483647,0,0,0,0,0,0,0,0,0,1000,2147483647,2147483647)
Skill = (19,0,2147483647,0,0,0,0,0,0,0,0,0,1000,2147483647,2147483647)
Skill = (20,0,2147483647,0,0,0,0,0,0,0,0,0,1000,2147483647,2147483647)
Skill = (21,0,2147483647,0,0,0,0,0,0,0,0,0,1000,2147483647,2147483647)
Skill = (22,200,200,0,0,0,0,0,0,0,0,0,0,0,0)
Skill = (23,0,2147483647,0,0,0,0,0,0,0,0,0,1000,2147483647,2147483647)
Skill = (24,0,2147483647,0,0,0,0,0,0,0,0,0,1000,2147483647,2147483647)

Spells      = {2,3,8,10,16}
QuestValues = {(18,1),(19,1),(20,1),(23,1),(25,1),(26,1),(27,1),(28,1),(30,1),(32,1),(33,1),(34,1),(35,1),(58,1),(59,1),(60,1),(61,1),(100,1),(224,1)}
Murders     = {}
