ID              = 8523536
Name            = "Lucing"
Race            = 1
Profession      = 2
OriginalOutfit  = 128-114-114-114-18
CurrentOutfit   = 128-114-114-114-18
LastLogin       = 1132022730
LastLogout      = 1132025488
StartPosition   = [32732,31634,7]
CurrentPosition = [32638,31712,7]
PlayerkillerEnd = 0

Skill = (0,10,0,1,0,0,0,0,0,0,1,10472,0,13000,100)
Skill = (1,5,0,0,0,0,0,0,0,0,0,245,1400,326,20)
Skill = (2,205,205,0,0,0,0,0,0,0,10,0,0,0,0)
Skill = (3,25,65,0,0,0,0,0,0,0,15,0,0,0,0)
Skill = (4,79,79,0,0,0,0,0,0,0,1,0,0,0,0)
Skill = (5,510,510,0,0,0,0,0,0,0,20,0,0,0,0)
Skill = (6,24,0,10,0,0,0,0,0,0,0,2835,1100,3177,100)
Skill = (7,37,0,10,0,0,0,0,0,0,0,4003,1100,4026,30)
Skill = (8,10,0,10,0,0,0,0,0,0,0,19,1200,50,50)
Skill = (9,11,0,10,0,0,0,0,0,0,0,86,1200,109,50)
Skill = (10,10,0,10,0,0,0,0,0,0,0,0,1200,50,50)
Skill = (11,15,0,10,0,0,0,0,0,0,0,459,1200,496,50)
Skill = (12,0,2147483647,0,0,0,0,0,0,0,0,0,1000,2147483647,2147483647)
Skill = (13,26,0,10,0,0,0,0,0,0,0,774,1100,810,20)
Skill = (14,0,1200,0,0,0,0,0,0,0,0,0,0,0,0)
Skill = (15,0,2147483647,0,0,0,0,0,0,0,0,0,1000,2147483647,2147483647)
Skill = (16,0,2147483647,0,0,0,0,0,0,0,0,0,1000,2147483647,2147483647)
Skill = (17,0,2147483647,0,0,0,0,0,0,0,0,0,50,2147483647,2147483647)
Skill = (18,0,2147483647,0,0,0,0,0,0,0,0,0,1000,2147483647,2147483647)
Skill = (19,0,2147483647,0,0,0,0,0,0,0,0,0,1000,2147483647,2147483647)
Skill = (20,0,2147483647,0,0,0,0,0,0,0,0,0,1000,2147483647,2147483647)
Skill = (21,0,2147483647,0,0,0,0,0,0,0,0,0,1000,2147483647,2147483647)
Skill = (22,100,100,0,0,0,0,0,0,0,0,0,0,0,0)
Skill = (23,0,2147483647,0,0,0,0,0,0,0,0,0,1000,2147483647,2147483647)
Skill = (24,0,2147483647,0,0,0,0,0,0,0,0,0,1000,2147483647,2147483647)

Spells      = {1,8,10,29,51}
QuestValues = {(17,1),(20,1),(21,1),(22,1),(23,1),(32,1),(33,1),(34,1),(35,1),(58,1),(59,1),(125,1),(126,1)}
Murders     = {}
