ID              = 8705236
Name            = "Nynu Druida"
Race            = 1
Profession      = 4
OriginalOutfit  = 130-114-114-114-114
CurrentOutfit   = 130-114-114-114-114
LastLogin       = 1128185657
LastLogout      = 1128185753
StartPosition   = [32957,32076,7]
CurrentPosition = [32710,31990,9]
PlayerkillerEnd = 0

Skill = (0,13,0,1,0,0,0,0,0,0,1,24856,0,29900,100)
Skill = (1,18,0,0,0,0,0,0,0,0,0,1010,1100,1023,20)
Skill = (2,210,210,0,0,0,0,0,0,0,5,0,0,0,0)
Skill = (3,100,185,0,0,0,0,0,0,0,30,0,0,0,0)
Skill = (4,82,82,0,0,0,0,0,0,0,1,0,0,0,0)
Skill = (5,520,520,0,0,0,0,0,0,0,10,0,0,0,0)
Skill = (6,19,0,10,0,0,0,0,0,0,0,9574,1500,11333,100)
Skill = (7,10,0,10,0,0,0,0,0,0,0,1,1800,30,30)
Skill = (8,10,0,10,0,0,0,0,0,0,0,0,1800,50,50)
Skill = (9,10,0,10,0,0,0,0,0,0,0,49,1800,50,50)
Skill = (10,18,0,10,0,0,0,0,0,0,0,8941,1800,12334,50)
Skill = (11,10,0,10,0,0,0,0,0,0,0,49,1500,50,50)
Skill = (12,0,2147483647,0,0,0,0,0,0,0,0,0,1000,2147483647,2147483647)
Skill = (13,24,0,10,0,0,0,0,0,0,0,629,1100,635,20)
Skill = (14,0,1200,0,0,0,819,0,0,0,0,0,0,0,0)
Skill = (15,0,2147483647,0,0,0,4,0,48,83,0,0,1000,2147483647,2147483647)
Skill = (16,0,2147483647,0,0,0,0,0,0,0,0,0,1000,2147483647,2147483647)
Skill = (17,0,2147483647,0,0,0,0,0,0,0,0,0,50,2147483647,2147483647)
Skill = (18,0,2147483647,0,0,0,0,0,0,0,0,0,1000,2147483647,2147483647)
Skill = (19,0,2147483647,0,0,0,0,0,0,0,0,0,1000,2147483647,2147483647)
Skill = (20,0,2147483647,0,0,0,0,0,0,0,0,0,1000,2147483647,2147483647)
Skill = (21,0,2147483647,0,0,0,0,0,0,0,0,0,1000,2147483647,2147483647)
Skill = (22,100,100,0,0,0,1,0,70,120,0,0,0,0,0)
Skill = (23,0,2147483647,0,0,0,0,0,0,0,0,0,1000,2147483647,2147483647)
Skill = (24,0,2147483647,0,0,0,0,0,0,0,0,0,1000,2147483647,2147483647)

Spells      = {1,5,8,10,25,29}
QuestValues = {(35,1),(58,1),(59,1)}
Murders     = {}
