ID              = 10199957
Name            = "Unit Master"
Race            = 1
Profession      = 3
OriginalOutfit  = 128-43-43-43-43
CurrentOutfit   = 128-43-43-43-43
LastLogin       = 1131241573
LastLogout      = 1131242698
StartPosition   = [32369,32241,7]
CurrentPosition = [32378,32130,7]
PlayerkillerEnd = 0

Skill = (0,19,0,1,0,0,0,0,0,0,1,87469,0,98800,100)
Skill = (1,29,0,0,0,0,0,0,0,0,0,3206,1100,3289,20)
Skill = (2,240,240,0,0,0,0,0,0,0,5,0,0,0,0)
Skill = (3,318,365,0,0,0,0,0,0,0,30,0,0,0,0)
Skill = (4,88,88,0,0,0,0,0,0,0,1,0,0,0,0)
Skill = (5,580,580,0,0,0,0,0,0,0,10,0,0,0,0)
Skill = (6,21,0,10,0,0,0,0,0,0,0,23597,1500,25749,100)
Skill = (7,10,0,10,0,0,0,0,0,0,0,12,2000,30,30)
Skill = (8,18,0,10,0,0,0,0,0,0,0,20330,2000,25550,50)
Skill = (9,10,0,10,0,0,0,0,0,0,0,0,2000,50,50)
Skill = (10,10,0,10,0,0,0,0,0,0,0,0,2000,50,50)
Skill = (11,11,0,10,0,0,0,0,0,0,0,61,1500,125,50)
Skill = (12,0,2147483647,0,0,0,0,0,0,0,0,0,1000,2147483647,2147483647)
Skill = (13,42,0,10,0,0,0,0,0,0,0,4130,1100,4445,20)
Skill = (14,0,1200,0,0,0,233,0,0,0,0,0,0,0,0)
Skill = (15,0,2147483647,0,0,0,0,0,83,83,0,0,1000,2147483647,2147483647)
Skill = (16,0,2147483647,0,0,0,0,0,200,200,0,0,1000,2147483647,2147483647)
Skill = (17,0,2147483647,0,0,0,0,0,0,0,0,0,50,2147483647,2147483647)
Skill = (18,0,2147483647,0,0,0,0,0,8,8,0,0,1000,2147483647,2147483647)
Skill = (19,0,2147483647,0,0,0,0,0,10,10,0,0,1000,2147483647,2147483647)
Skill = (20,0,2147483647,0,0,0,0,0,0,0,0,0,1000,2147483647,2147483647)
Skill = (21,0,2147483647,0,0,0,0,0,0,0,0,0,1000,2147483647,2147483647)
Skill = (22,1,100,0,0,0,0,0,120,120,0,0,0,0,0)
Skill = (23,0,2147483647,0,0,0,0,0,0,0,0,0,1000,2147483647,2147483647)
Skill = (24,0,2147483647,0,0,0,0,0,0,0,0,0,1000,2147483647,2147483647)

Spells      = {2,3,8,9,10,16,17,21,27,45}
QuestValues = {(20,1),(32,1),(33,1),(34,1),(35,1),(106,1),(107,1),(125,1),(126,1)}
Murders     = {}
