ID              = 11379257
Name            = "Jakilio Ogord"
Race            = 1
Profession      = 4
OriginalOutfit  = 129-78-0-19-114
CurrentOutfit   = 129-78-0-19-114
LastLogin       = 1132101489
LastLogout      = 1132102504
StartPosition   = [32360,31782,7]
CurrentPosition = [32340,31791,7]
PlayerkillerEnd = 0

Skill = (0,11,0,1,0,0,0,0,0,0,1,13006,0,17600,100)
Skill = (1,6,0,0,0,0,0,0,0,0,0,154,1100,189,20)
Skill = (2,69,200,0,0,0,0,0,0,0,5,0,0,0,0)
Skill = (3,27,125,0,0,0,0,0,0,0,30,0,0,0,0)
Skill = (4,80,80,0,0,0,0,0,0,0,1,0,0,0,0)
Skill = (5,500,500,0,0,0,0,0,0,0,10,0,0,0,0)
Skill = (6,18,0,10,0,0,0,0,0,0,0,5567,1500,7488,100)
Skill = (7,10,0,10,0,0,0,0,0,0,0,9,1800,30,30)
Skill = (8,12,0,10,0,0,0,0,0,0,0,296,1800,302,50)
Skill = (9,17,0,10,0,0,0,0,0,0,0,3837,1800,6824,50)
Skill = (10,12,0,10,0,0,0,0,0,0,0,146,1800,302,50)
Skill = (11,10,0,10,0,0,0,0,0,0,0,45,1500,50,50)
Skill = (12,0,2147483647,0,0,0,0,0,0,0,0,0,1000,2147483647,2147483647)
Skill = (13,12,0,10,0,0,0,0,0,0,0,47,1100,66,20)
Skill = (14,0,1200,0,0,0,0,0,0,0,0,0,0,0,0)
Skill = (15,0,2147483647,0,0,0,0,0,83,83,0,0,1000,2147483647,2147483647)
Skill = (16,0,2147483647,0,0,0,0,0,0,0,0,0,1000,2147483647,2147483647)
Skill = (17,0,2147483647,0,0,0,0,0,3,3,0,0,50,2147483647,2147483647)
Skill = (18,0,2147483647,0,0,0,0,0,8,8,0,0,1000,2147483647,2147483647)
Skill = (19,0,2147483647,0,0,0,0,0,0,0,0,0,1000,2147483647,2147483647)
Skill = (20,0,2147483647,0,0,0,0,0,0,0,0,0,1000,2147483647,2147483647)
Skill = (21,0,2147483647,0,0,0,0,0,0,0,0,0,1000,2147483647,2147483647)
Skill = (22,100,100,0,0,0,0,0,120,120,0,0,0,0,0)
Skill = (23,0,2147483647,0,0,0,0,0,0,0,0,0,1000,2147483647,2147483647)
Skill = (24,0,2147483647,0,0,0,0,0,0,0,0,0,1000,2147483647,2147483647)

Spells      = {7,10,42}
QuestValues = {(17,1),(18,1),(20,1),(21,1),(22,1),(23,1),(125,1),(126,1),(223,1)}
Murders     = {}
