ID              = 8003257
Name            = "Lord Graham"
Race            = 1
Profession      = 1
OriginalOutfit  = 133-121-121-115-121
CurrentOutfit   = 133-121-121-115-121
LastLogin       = 1130593414
LastLogout      = 1130593439
StartPosition   = [32360,31782,7]
CurrentPosition = [32361,31787,7]
PlayerkillerEnd = 0

Skill = (0,26,0,1,0,0,0,0,0,0,1,252938,0,262600,100)
Skill = (1,4,0,0,0,0,0,0,0,0,0,1674,3000,2420,20)
Skill = (2,455,455,0,0,0,0,0,0,0,15,0,0,0,0)
Skill = (3,125,125,0,0,0,0,0,0,0,5,0,0,0,0)
Skill = (4,95,95,0,0,0,0,0,0,0,1,0,0,0,0)
Skill = (5,920,920,0,0,0,0,0,0,0,25,0,0,0,0)
Skill = (6,63,0,10,0,0,0,0,0,0,0,162855,1100,170871,100)
Skill = (7,10,0,10,0,0,0,0,0,0,0,7,1400,30,30)
Skill = (8,62,0,10,0,0,0,0,0,0,0,75526,1100,77623,50)
Skill = (9,14,0,10,0,0,0,0,0,0,0,236,1100,305,50)
Skill = (10,41,0,10,0,0,0,0,0,0,0,9886,1100,10056,50)
Skill = (11,13,0,10,0,0,0,0,0,0,0,181,1100,232,50)
Skill = (12,0,2147483647,0,0,0,0,0,0,0,0,0,1000,2147483647,2147483647)
Skill = (13,47,0,10,0,0,0,0,0,0,0,6660,1100,7280,20)
Skill = (14,0,1200,0,0,0,0,0,0,0,0,0,0,0,0)
Skill = (15,0,2147483647,0,0,0,0,0,0,0,0,0,1000,2147483647,2147483647)
Skill = (16,0,2147483647,0,0,0,0,0,0,0,0,0,1000,2147483647,2147483647)
Skill = (17,0,2147483647,0,0,0,0,0,0,0,0,0,50,2147483647,2147483647)
Skill = (18,0,2147483647,0,0,0,0,0,0,0,0,0,1000,2147483647,2147483647)
Skill = (19,0,2147483647,0,0,0,0,0,0,0,0,0,1000,2147483647,2147483647)
Skill = (20,0,2147483647,0,0,0,0,0,0,0,0,0,1000,2147483647,2147483647)
Skill = (21,0,2147483647,0,0,0,0,0,0,0,0,0,1000,2147483647,2147483647)
Skill = (22,100,100,0,0,0,0,0,0,0,0,0,0,0,0)
Skill = (23,0,2147483647,0,0,0,0,0,0,0,0,0,1000,2147483647,2147483647)
Skill = (24,0,2147483647,0,0,0,0,0,0,0,0,0,1000,2147483647,2147483647)

Spells      = {1,6,10,20,29}
QuestValues = {(19,1),(20,1),(21,1),(22,1),(23,1),(27,1),(46,1),(54,1),(59,1),(61,1),(62,2),(63,1),(64,1),(67,1),(68,1),(70,1),(71,1),(93,1),(94,1),(95,1),(96,1),(97,1),(98,1),(109,1),(113,1),(114,1),(125,1),(126,1),(140,1),(141,1),(190,1),(191,1),(224,1),(225,1),(253,1),(254,1)}
Murders     = {}
