ID              = 9115357
Name            = "Alejandradip"
Race            = 1
Profession      = 2
OriginalOutfit  = 137-79-92-89-115
CurrentOutfit   = 137-79-92-89-115
LastLogin       = 1132122691
LastLogout      = 1132126279
StartPosition   = [32732,31634,7]
CurrentPosition = [32644,31672,6]
PlayerkillerEnd = 0

Skill = (0,31,0,1,0,0,0,0,0,0,1,440454,0,452600,100)
Skill = (1,15,0,0,0,0,0,0,0,0,0,8919,1400,10839,20)
Skill = (2,415,415,0,0,0,0,0,0,0,10,0,0,0,0)
Skill = (3,376,380,0,0,0,0,0,0,0,15,0,0,0,0)
Skill = (4,100,100,0,20,0,0,0,0,0,1,0,0,0,0)
Skill = (5,930,930,0,0,0,0,0,0,0,20,0,0,0,0)
Skill = (6,40,0,10,0,0,0,0,0,0,0,17659,1100,18194,100)
Skill = (7,73,0,10,0,0,0,0,0,0,0,125332,1100,133437,30)
Skill = (8,11,0,10,0,0,0,0,0,0,0,77,1200,109,50)
Skill = (9,11,0,10,0,0,0,0,0,0,0,60,1200,109,50)
Skill = (10,10,0,10,0,0,0,0,0,0,0,9,1200,50,50)
Skill = (11,26,0,10,0,0,0,0,0,0,0,4839,1200,5296,50)
Skill = (12,0,2147483647,0,0,0,0,0,0,0,0,0,1000,2147483647,2147483647)
Skill = (13,34,0,10,0,0,0,0,0,0,0,1817,1100,1966,20)
Skill = (14,0,1200,0,0,0,1116,0,0,0,0,0,0,0,0)
Skill = (15,0,2147483647,0,0,0,0,0,83,83,0,0,1000,2147483647,2147483647)
Skill = (16,0,2147483647,0,0,0,0,0,6000,6000,0,0,1000,2147483647,2147483647)
Skill = (17,0,2147483647,0,0,0,0,0,3,3,0,0,50,2147483647,2147483647)
Skill = (18,0,2147483647,0,0,0,0,0,8,8,0,0,1000,2147483647,2147483647)
Skill = (19,0,2147483647,0,0,0,0,0,10,10,0,0,1000,2147483647,2147483647)
Skill = (20,0,2147483647,0,0,0,0,0,0,0,0,0,1000,2147483647,2147483647)
Skill = (21,0,2147483647,0,0,0,0,0,200,200,0,0,1000,2147483647,2147483647)
Skill = (22,100,100,0,0,0,0,0,120,120,0,0,0,0,0)
Skill = (23,0,2147483647,0,0,0,0,0,0,0,0,0,1000,2147483647,2147483647)
Skill = (24,0,2147483647,0,0,0,0,0,0,0,0,0,1000,2147483647,2147483647)

Spells      = {1,2,3,8,10,15,20,29,30,42,44,48,49,51}
QuestValues = {(14,1),(15,1),(20,1),(21,1),(22,1),(23,1),(24,1),(32,1),(33,1),(34,1),(35,1),(52,1),(53,1),(54,1),(59,1),(69,1),(96,1),(97,1),(98,1),(99,1),(113,1),(114,1),(125,1),(126,1),(190,1),(191,1)}
Murders     = {1129628490,1130841705,1131056423,1131954373}
