ID              = 9212757
Name            = "Myth Kitor"
Race            = 1
Profession      = 0
OriginalOutfit  = 130-88-114-114-114
CurrentOutfit   = 130-88-114-114-114
LastLogin       = 1122156131
LastLogout      = 1122156237
StartPosition   = [32097,32219,7]
CurrentPosition = [32097,32219,7]
PlayerkillerEnd = 0

Skill = (0,6,0,1,0,0,0,0,0,0,1,2578,0,2600,100)
Skill = (1,0,0,0,0,0,0,0,0,0,0,0,3000,20,20)
Skill = (2,168,175,0,0,0,0,0,0,0,5,0,0,0,0)
Skill = (3,25,25,0,0,0,0,0,0,0,5,0,0,0,0)
Skill = (4,75,75,0,0,0,0,0,0,0,1,0,0,0,0)
Skill = (5,450,450,0,0,0,0,0,0,0,10,0,0,0,0)
Skill = (6,14,0,10,0,0,0,0,0,0,0,1262,1500,1318,100)
Skill = (7,10,0,10,0,0,0,0,0,0,0,2,2000,30,30)
Skill = (8,10,0,10,0,0,0,0,0,0,0,0,2000,50,50)
Skill = (9,14,0,10,0,0,0,0,0,0,0,1366,2000,1550,50)
Skill = (10,10,0,10,0,0,0,0,0,0,0,0,2000,50,50)
Skill = (11,10,0,10,0,0,0,0,0,0,0,13,1500,50,50)
Skill = (12,0,2147483647,0,0,0,0,0,0,0,0,0,1000,2147483647,2147483647)
Skill = (13,12,0,10,0,0,0,0,0,0,0,60,1100,66,20)
Skill = (14,0,1200,0,0,0,0,0,0,0,0,0,0,0,0)
Skill = (15,0,2147483647,0,0,0,0,0,0,0,0,0,1000,2147483647,2147483647)
Skill = (16,0,2147483647,0,0,0,0,0,0,0,0,0,1000,2147483647,2147483647)
Skill = (17,0,2147483647,0,0,0,0,0,3,3,0,0,50,2147483647,2147483647)
Skill = (18,0,2147483647,0,0,0,0,0,0,0,0,0,1000,2147483647,2147483647)
Skill = (19,0,2147483647,0,0,0,0,0,0,0,0,0,1000,2147483647,2147483647)
Skill = (20,0,2147483647,0,0,0,0,0,0,0,0,0,1000,2147483647,2147483647)
Skill = (21,0,2147483647,0,0,0,0,0,0,0,0,0,1000,2147483647,2147483647)
Skill = (22,200,200,0,0,0,0,0,0,0,0,0,0,0,0)
Skill = (23,0,2147483647,0,0,0,0,0,0,0,0,0,1000,2147483647,2147483647)
Skill = (24,0,2147483647,0,0,0,0,0,0,0,0,0,1000,2147483647,2147483647)

Spells      = {}
QuestValues = {(18,1),(20,1),(21,1),(22,1),(23,1),(32,1),(33,1),(34,1),(59,1)}
Murders     = {}
