ID              = 9334757
Name            = "Kahka"
Race            = 1
Profession      = 12
OriginalOutfit  = 133-114-113-0-116
CurrentOutfit   = 133-114-113-0-116
LastLogin       = 1131983295
LastLogout      = 1131983340
StartPosition   = [32595,32744,6]
CurrentPosition = [32346,32217,7]
PlayerkillerEnd = 0

Skill = (0,22,0,1,0,0,0,0,0,0,1,144174,0,156200,100)
Skill = (1,10,0,0,0,0,0,0,0,0,0,1656,1400,1974,20)
Skill = (2,325,325,0,0,0,0,0,0,0,10,0,0,0,0)
Skill = (3,41,245,0,0,0,0,0,0,0,15,0,0,0,0)
Skill = (4,91,91,0,0,0,0,0,10,10,1,0,0,0,0)
Skill = (5,750,750,0,0,0,0,0,0,0,20,0,0,0,0)
Skill = (6,48,0,10,0,0,0,0,0,0,0,36843,1100,40144,100)
Skill = (7,61,0,10,0,0,0,0,0,0,0,40310,1100,42312,30)
Skill = (8,11,0,10,0,0,0,0,0,0,0,53,1200,109,50)
Skill = (9,13,0,10,0,0,0,0,0,0,0,244,1200,268,50)
Skill = (10,10,0,10,0,0,0,0,0,0,0,0,1200,50,50)
Skill = (11,13,0,10,0,0,0,0,0,0,0,185,1200,268,50)
Skill = (12,0,2147483647,0,0,0,0,0,0,0,0,0,1000,2147483647,2147483647)
Skill = (13,35,0,10,0,0,0,0,0,0,0,2141,1100,2183,20)
Skill = (14,0,1200,0,0,0,0,0,0,0,0,0,0,0,0)
Skill = (15,0,2147483647,0,0,0,0,0,83,83,0,0,1000,2147483647,2147483647)
Skill = (16,0,2147483647,0,0,0,0,0,0,0,0,0,1000,2147483647,2147483647)
Skill = (17,0,2147483647,0,0,0,0,0,3,3,0,0,50,2147483647,2147483647)
Skill = (18,0,2147483647,0,0,0,0,0,0,0,0,0,1000,2147483647,2147483647)
Skill = (19,0,2147483647,0,0,0,0,0,0,0,0,0,1000,2147483647,2147483647)
Skill = (20,0,2147483647,0,0,0,0,0,120,120,0,0,1000,2147483647,2147483647)
Skill = (21,0,2147483647,0,0,0,0,0,0,0,0,0,1000,2147483647,2147483647)
Skill = (22,200,200,0,0,0,0,0,15,15,0,0,0,0,0)
Skill = (23,0,2147483647,0,0,0,0,0,0,0,0,0,1000,2147483647,2147483647)
Skill = (24,0,2147483647,0,0,0,0,0,0,0,0,0,1000,2147483647,2147483647)

Spells      = {1,2,3,6,10,20,29,42,51,76,79}
QuestValues = {(14,1),(15,1),(31,1),(61,1),(93,1),(94,1),(96,1),(97,1),(98,1),(106,1),(107,1),(132,1),(153,1),(190,1),(191,1),(224,1),(226,1),(257,1)}
Murders     = {1129962511,1129962661}
