ID              = 9498557
Name            = "Dominik het Konijn"
Race            = 1
Profession      = 2
OriginalOutfit  = 129-61-87-0-127
CurrentOutfit   = 129-61-87-0-127
LastLogin       = 1129818103
LastLogout      = 1129818179
StartPosition   = [32360,31782,7]
CurrentPosition = [32334,31793,6]
PlayerkillerEnd = 0

Skill = (0,10,0,1,0,0,0,0,0,0,1,10435,0,13000,100)
Skill = (1,5,0,0,0,0,0,0,0,0,0,219,1400,326,20)
Skill = (2,0,205,0,0,0,0,0,0,0,10,0,0,0,0)
Skill = (3,65,65,0,0,0,0,0,0,0,15,0,0,0,0)
Skill = (4,79,79,0,0,0,0,0,0,0,1,0,0,0,0)
Skill = (5,510,510,0,0,0,0,0,0,0,20,0,0,0,0)
Skill = (6,29,0,10,0,0,0,0,0,0,0,5236,1100,5727,100)
Skill = (7,37,0,10,0,0,0,0,0,0,0,3980,1100,4026,30)
Skill = (8,14,0,10,0,0,0,0,0,0,0,282,1200,372,50)
Skill = (9,11,0,10,0,0,0,0,0,0,0,88,1200,109,50)
Skill = (10,10,0,10,0,0,0,0,0,0,0,0,1200,50,50)
Skill = (11,13,0,10,0,0,0,0,0,0,0,225,1200,268,50)
Skill = (12,0,2147483647,0,0,0,0,0,0,0,0,0,1000,2147483647,2147483647)
Skill = (13,27,0,10,0,0,0,0,0,0,0,875,1100,911,20)
Skill = (14,0,1200,0,0,0,0,0,0,0,0,0,0,0,0)
Skill = (15,0,2147483647,0,0,0,0,0,0,0,0,0,1000,2147483647,2147483647)
Skill = (16,0,2147483647,0,0,0,0,0,0,0,0,0,1000,2147483647,2147483647)
Skill = (17,0,2147483647,0,0,0,0,0,0,0,0,0,50,2147483647,2147483647)
Skill = (18,0,2147483647,0,0,0,0,0,0,0,0,0,1000,2147483647,2147483647)
Skill = (19,0,2147483647,0,0,0,0,0,0,0,0,0,1000,2147483647,2147483647)
Skill = (20,0,2147483647,0,0,0,0,0,0,0,0,0,1000,2147483647,2147483647)
Skill = (21,0,2147483647,0,0,0,0,0,0,0,0,0,1000,2147483647,2147483647)
Skill = (22,100,100,0,0,0,0,0,0,0,0,0,0,0,0)
Skill = (23,0,2147483647,0,0,0,0,0,0,0,0,0,1000,2147483647,2147483647)
Skill = (24,0,2147483647,0,0,0,0,0,0,0,0,0,1000,2147483647,2147483647)

Spells      = {10,51}
QuestValues = {(18,1),(35,1),(60,1),(61,1)}
Murders     = {}
