ID              = 9511257
Name            = "Sir Rodney Mulen"
Race            = 1
Profession      = 4
OriginalOutfit  = 128-0-114-95-58
CurrentOutfit   = 128-0-114-95-58
LastLogin       = 1131241115
LastLogout      = 1131242315
StartPosition   = [32360,31782,7]
CurrentPosition = [32329,31781,6]
PlayerkillerEnd = 0

Skill = (0,17,0,1,0,0,0,0,0,0,1,60726,0,69700,100)
Skill = (1,24,0,0,0,0,0,0,0,0,0,1867,1100,1966,20)
Skill = (2,230,230,0,0,0,0,0,0,0,5,0,0,0,0)
Skill = (3,195,305,0,0,0,0,0,0,0,30,0,0,0,0)
Skill = (4,86,86,0,0,0,0,0,0,0,1,0,0,0,0)
Skill = (5,560,560,0,0,0,0,0,0,0,10,0,0,0,0)
Skill = (6,22,0,10,0,0,0,0,0,0,0,25797,1500,38723,100)
Skill = (7,10,0,10,0,0,0,0,0,0,0,0,1800,30,30)
Skill = (8,19,0,10,0,0,0,0,0,0,0,19591,1800,22252,50)
Skill = (9,15,0,10,0,0,0,0,0,0,0,1531,1800,2063,50)
Skill = (10,10,0,10,0,0,0,0,0,0,0,0,1800,50,50)
Skill = (11,11,0,10,0,0,0,0,0,0,0,59,1500,125,50)
Skill = (12,0,2147483647,0,0,0,0,0,0,0,0,0,1000,2147483647,2147483647)
Skill = (13,23,0,10,0,0,0,0,0,0,0,541,1100,559,20)
Skill = (14,0,1200,0,0,0,0,0,0,0,0,0,0,0,0)
Skill = (15,0,2147483647,0,0,0,0,0,0,0,0,0,1000,2147483647,2147483647)
Skill = (16,0,2147483647,0,0,0,0,0,0,0,0,0,1000,2147483647,2147483647)
Skill = (17,0,2147483647,0,0,0,0,0,3,3,0,0,50,2147483647,2147483647)
Skill = (18,0,2147483647,0,0,0,0,0,8,8,0,0,1000,2147483647,2147483647)
Skill = (19,0,2147483647,0,0,0,0,0,0,0,0,0,1000,2147483647,2147483647)
Skill = (20,0,2147483647,0,0,0,0,0,120,120,0,0,1000,2147483647,2147483647)
Skill = (21,0,2147483647,0,0,0,0,0,0,0,0,0,1000,2147483647,2147483647)
Skill = (22,81,100,0,0,0,0,0,120,120,0,0,0,0,0)
Skill = (23,0,2147483647,0,0,0,0,0,0,0,0,0,1000,2147483647,2147483647)
Skill = (24,0,2147483647,0,0,0,0,0,0,0,0,0,1000,2147483647,2147483647)

Spells      = {1,3,5,8,9,10,18,42}
QuestValues = {(20,1),(21,1),(23,1),(32,1),(33,1),(34,1),(35,1),(61,1),(93,1),(94,1),(95,1),(96,1),(97,1),(98,1),(223,1)}
Murders     = {}
