ID              = 9757757
Name            = "Sirld watselot"
Race            = 1
Profession      = 1
OriginalOutfit  = 138-79-79-0-0
CurrentOutfit   = 138-79-79-0-0
LastLogin       = 1130159973
LastLogout      = 1130160662
StartPosition   = [32360,31782,7]
CurrentPosition = [32681,31687,7]
PlayerkillerEnd = 0

Skill = (0,16,0,1,0,0,0,0,0,0,1,55896,0,57600,100)
Skill = (1,2,0,0,0,0,0,0,0,0,0,222,3000,260,20)
Skill = (2,305,305,0,0,0,0,0,0,0,15,0,0,0,0)
Skill = (3,75,75,0,0,0,0,0,0,0,5,0,0,0,0)
Skill = (4,85,85,0,0,0,0,0,0,0,1,0,0,0,0)
Skill = (5,670,670,0,0,0,0,0,0,0,25,0,0,0,0)
Skill = (6,36,0,10,0,0,0,0,0,0,0,12106,1100,12109,100)
Skill = (7,11,0,10,0,0,0,0,0,0,0,63,1400,71,30)
Skill = (8,42,0,10,0,0,0,0,0,0,0,10872,1100,11112,50)
Skill = (9,12,0,10,0,0,0,0,0,0,0,152,1100,165,50)
Skill = (10,10,0,10,0,0,0,0,0,0,0,0,1100,50,50)
Skill = (11,12,0,10,0,0,0,0,0,0,0,155,1100,165,50)
Skill = (12,0,2147483647,0,0,0,0,0,0,0,0,0,1000,2147483647,2147483647)
Skill = (13,34,0,10,0,0,0,0,0,0,0,1815,1100,1966,20)
Skill = (14,0,1200,0,0,0,639,0,0,0,0,0,0,0,0)
Skill = (15,0,2147483647,0,0,0,0,0,83,83,0,0,1000,2147483647,2147483647)
Skill = (16,0,2147483647,0,0,0,0,0,0,0,0,0,1000,2147483647,2147483647)
Skill = (17,0,2147483647,0,0,0,0,0,3,3,0,0,50,2147483647,2147483647)
Skill = (18,0,2147483647,0,0,0,0,0,8,8,0,0,1000,2147483647,2147483647)
Skill = (19,0,2147483647,0,0,0,0,0,0,0,0,0,1000,2147483647,2147483647)
Skill = (20,0,2147483647,0,0,0,0,0,120,120,0,0,1000,2147483647,2147483647)
Skill = (21,0,2147483647,0,0,0,0,0,0,0,0,0,1000,2147483647,2147483647)
Skill = (22,100,100,0,0,0,0,0,120,120,0,0,0,0,0)
Skill = (23,0,2147483647,0,0,0,0,0,0,0,0,0,1000,2147483647,2147483647)
Skill = (24,0,2147483647,0,0,0,0,0,0,0,0,0,1000,2147483647,2147483647)

Spells      = {1,10,20}
QuestValues = {(18,1),(20,1),(21,1),(22,1),(23,1),(32,1),(33,1),(34,1),(35,1),(59,1),(60,1),(125,1),(126,1),(224,1)}
Murders     = {1128786478,1129736918}
