ID              = 11354472
Name            = "Melekob Wiha"
Race            = 1
Profession      = 1
OriginalOutfit  = 137-114-114-114-94
CurrentOutfit   = 137-114-114-114-94
LastLogin       = 1132006552
LastLogout      = 1132006563
StartPosition   = [32360,31782,7]
CurrentPosition = [32335,31782,6]
PlayerkillerEnd = 0

Skill = (0,11,0,1,0,0,0,0,0,0,1,17109,0,17600,100)
Skill = (1,2,0,0,0,0,0,0,0,0,0,105,3000,260,20)
Skill = (2,230,230,0,0,0,0,0,0,0,15,0,0,0,0)
Skill = (3,7,50,0,0,0,0,0,0,0,5,0,0,0,0)
Skill = (4,80,80,0,0,0,0,0,0,0,1,0,0,0,0)
Skill = (5,545,545,0,0,0,0,0,0,0,25,0,0,0,0)
Skill = (6,41,0,10,0,0,0,0,0,0,0,19179,1100,20113,100)
Skill = (7,10,0,10,0,0,0,0,0,0,0,0,1400,30,30)
Skill = (8,10,0,10,0,0,0,0,0,0,0,3,1100,50,50)
Skill = (9,41,0,10,0,0,0,0,0,0,0,9777,1100,10056,50)
Skill = (10,10,0,10,0,0,0,0,0,0,0,0,1100,50,50)
Skill = (11,10,0,10,0,0,0,0,0,0,0,0,1100,50,50)
Skill = (12,0,2147483647,0,0,0,0,0,0,0,0,0,1000,2147483647,2147483647)
Skill = (13,29,0,10,0,0,0,0,0,0,0,1031,1100,1145,20)
Skill = (14,0,1200,0,0,0,1046,0,0,0,0,0,0,0,0)
Skill = (15,0,2147483647,0,0,0,0,0,83,83,0,0,1000,2147483647,2147483647)
Skill = (16,0,2147483647,0,0,0,0,0,0,0,0,0,1000,2147483647,2147483647)
Skill = (17,0,2147483647,0,0,0,0,0,3,3,0,0,50,2147483647,2147483647)
Skill = (18,0,2147483647,0,0,0,0,0,0,0,0,0,1000,2147483647,2147483647)
Skill = (19,0,2147483647,0,0,0,0,0,0,0,0,0,1000,2147483647,2147483647)
Skill = (20,0,2147483647,0,0,0,0,0,0,0,0,0,1000,2147483647,2147483647)
Skill = (21,0,2147483647,0,0,0,0,0,0,0,0,0,1000,2147483647,2147483647)
Skill = (22,100,100,0,0,0,0,0,120,120,0,0,0,0,0)
Skill = (23,0,2147483647,0,0,0,0,0,0,0,0,0,1000,2147483647,2147483647)
Skill = (24,0,2147483647,0,0,0,0,0,0,0,0,0,1000,2147483647,2147483647)

Spells      = {1,10}
QuestValues = {(20,1),(21,1),(22,1),(23,1),(59,1),(60,1)}
Murders     = {}
