ID              = 7983872
Name            = "Aldor Rebo"
Race            = 1
Profession      = 3
OriginalOutfit  = 129-128-114-114-114
CurrentOutfit   = 129-128-114-114-114
LastLogin       = 1131741042
LastLogout      = 1131741210
StartPosition   = [32957,32076,7]
CurrentPosition = [32947,32162,7]
PlayerkillerEnd = 0

Skill = (0,18,0,1,0,0,0,0,0,0,1,70273,0,83400,100)
Skill = (1,19,0,0,0,0,0,0,0,0,0,1042,1100,1145,20)
Skill = (2,235,235,0,0,0,0,0,0,0,5,0,0,0,0)
Skill = (3,8,335,0,0,0,0,0,0,0,30,0,0,0,0)
Skill = (4,87,87,0,0,0,0,0,0,0,1,0,0,0,0)
Skill = (5,570,570,0,0,0,0,0,0,0,10,0,0,0,0)
Skill = (6,17,0,10,0,0,0,0,0,0,0,4205,1500,4925,100)
Skill = (7,10,0,10,0,0,0,0,0,0,0,11,2000,30,30)
Skill = (8,18,0,10,0,0,0,0,0,0,0,17696,2000,25550,50)
Skill = (9,10,0,10,0,0,0,0,0,0,0,41,2000,50,50)
Skill = (10,10,0,10,0,0,0,0,0,0,0,19,2000,50,50)
Skill = (11,11,0,10,0,0,0,0,0,0,0,69,1500,125,50)
Skill = (12,0,2147483647,0,0,0,0,0,0,0,0,0,1000,2147483647,2147483647)
Skill = (13,32,0,10,0,0,0,0,0,0,0,1435,1100,1590,20)
Skill = (14,0,1200,0,0,0,0,0,0,0,0,0,0,0,0)
Skill = (15,0,2147483647,0,0,0,0,0,83,83,0,0,1000,2147483647,2147483647)
Skill = (16,0,2147483647,0,0,0,0,0,200,200,0,0,1000,2147483647,2147483647)
Skill = (17,0,2147483647,0,0,0,0,0,3,3,0,0,50,2147483647,2147483647)
Skill = (18,0,2147483647,0,0,0,0,0,0,0,0,0,1000,2147483647,2147483647)
Skill = (19,0,2147483647,0,0,0,0,0,10,10,0,0,1000,2147483647,2147483647)
Skill = (20,0,2147483647,0,0,0,0,0,120,120,0,0,1000,2147483647,2147483647)
Skill = (21,0,2147483647,0,0,0,0,0,0,0,0,0,1000,2147483647,2147483647)
Skill = (22,94,100,0,0,0,0,0,120,120,0,0,0,0,0)
Skill = (23,0,2147483647,0,0,0,0,0,0,0,0,0,1000,2147483647,2147483647)
Skill = (24,0,2147483647,0,0,0,0,0,0,0,0,0,1000,2147483647,2147483647)

Spells      = {1,3,7,8,9,10,15,20,27,29,45}
QuestValues = {(18,1),(27,1),(35,1),(37,1),(59,1),(93,1),(94,1),(95,1),(99,1),(125,1),(126,1),(223,1)}
Murders     = {1131049342}
