ID              = 8229472
Name            = "Rhisus Satori"
Race            = 1
Profession      = 11
OriginalOutfit  = 134-98-116-76-114
CurrentOutfit   = 134-98-116-76-114
LastLogin       = 1131993376
LastLogout      = 1131993383
StartPosition   = [32360,31782,7]
CurrentPosition = [32343,31782,8]
PlayerkillerEnd = 0

Skill = (0,76,0,1,0,0,0,0,0,0,1,6847621,0,7037600,100)
Skill = (1,6,0,0,0,0,0,0,0,0,0,12224,3000,21860,20)
Skill = (2,1205,1205,0,0,0,0,0,0,0,15,0,0,0,0)
Skill = (3,125,375,0,0,0,0,0,0,0,5,0,0,0,0)
Skill = (4,145,145,0,0,0,0,0,10,10,1,0,0,0,0)
Skill = (5,2170,2170,0,0,0,0,0,0,0,25,0,0,0,0)
Skill = (6,74,0,10,0,0,0,0,0,0,0,466041,1100,489370,100)
Skill = (7,10,0,10,0,0,0,0,0,0,0,5,1400,30,30)
Skill = (8,12,0,10,0,0,0,0,0,0,0,137,1100,165,50)
Skill = (9,21,0,10,0,0,0,0,0,0,0,955,1100,1069,50)
Skill = (10,80,0,10,0,0,0,0,0,0,0,404191,1100,433860,50)
Skill = (11,13,0,10,0,0,0,0,0,0,0,169,1100,232,50)
Skill = (12,0,2147483647,0,0,0,0,0,0,0,0,0,1000,2147483647,2147483647)
Skill = (13,39,0,10,0,0,0,0,0,0,0,3218,1100,3289,20)
Skill = (14,0,1200,0,0,0,0,0,0,0,0,0,0,0,0)
Skill = (15,0,2147483647,0,0,0,0,0,0,0,0,0,1000,2147483647,2147483647)
Skill = (16,0,2147483647,0,0,0,0,0,0,0,0,0,1000,2147483647,2147483647)
Skill = (17,0,2147483647,0,0,0,0,0,3,3,0,0,50,2147483647,2147483647)
Skill = (18,0,2147483647,0,0,0,0,0,8,8,0,0,1000,2147483647,2147483647)
Skill = (19,0,2147483647,0,0,0,0,0,0,0,0,0,1000,2147483647,2147483647)
Skill = (20,0,2147483647,0,0,0,0,0,0,0,0,0,1000,2147483647,2147483647)
Skill = (21,0,2147483647,0,0,0,0,0,0,0,0,0,1000,2147483647,2147483647)
Skill = (22,100,100,0,0,0,0,0,15,15,0,0,0,0,0)
Skill = (23,0,2147483647,0,0,0,0,0,0,0,0,0,1000,2147483647,2147483647)
Skill = (24,0,2147483647,0,0,0,0,0,0,0,0,0,1000,2147483647,2147483647)

Spells      = {1,6,10,20,29,76,80,81}
QuestValues = {(3,1),(4,1),(5,1),(6,1),(7,1),(9,1),(10,1),(11,1),(12,1),(20,1),(21,1),(22,1),(23,1),(27,1),(38,1),(50,1),(60,1),(62,2),(63,1),(64,1),(72,1),(73,1),(80,1),(81,1),(82,1),(96,1),(97,1),(98,1),(110,1),(111,1),(112,1),(116,1),(117,1),(118,1),(121,1),(122,1),(123,1),(125,1),(126,1),(127,1),(133,1),(137,1),(145,1),(146,1),(147,1),(151,1),(152,1),(154,1),(155,1),(170,1),(171,1),(172,1),(173,1),(174,1),(176,1),(177,1),(178,1),(179,1),(180,1),(183,1),(184,1),(190,1),(191,1),(193,1),(194,1),(195,1),(196,1),(197,1),(198,1),(200,1),(201,1),(202,1),(205,1),(208,1),(213,1),(214,1),(222,1),(224,1),(225,1),(227,5),(228,2),(229,3),(230,21),(231,2),(232,1),(233,10),(234,7),(235,1),(236,1),(237,1),(238,1),(239,1),(240,1),(241,1),(242,1),(243,1),(244,2),(245,2),(246,1),(247,1),(248,1),(249,5),(250,5),(251,1)}
Murders     = {}
