ID              = 9600072
Name            = "Blackie"
Race            = 1
Profession      = 2
OriginalOutfit  = 129-0-87-85-0
CurrentOutfit   = 129-0-87-85-0
LastLogin       = 1131683061
LastLogout      = 1131683115
StartPosition   = [32369,32241,7]
CurrentPosition = [32340,32222,7]
PlayerkillerEnd = 0

Skill = (0,21,0,1,0,0,0,0,0,0,1,122299,0,135100,100)
Skill = (1,8,0,0,0,0,0,0,0,0,0,886,1400,983,20)
Skill = (2,164,315,0,0,0,0,0,0,0,10,0,0,0,0)
Skill = (3,70,230,0,0,0,0,0,0,0,15,0,0,0,0)
Skill = (4,90,90,0,0,0,0,0,0,0,1,0,0,0,0)
Skill = (5,730,730,0,0,0,0,0,0,0,20,0,0,0,0)
Skill = (6,36,0,10,0,0,0,0,0,0,0,11034,1100,12109,100)
Skill = (7,55,0,10,0,0,0,0,0,0,0,23553,1100,23753,30)
Skill = (8,10,0,10,0,0,0,0,0,0,0,0,1200,50,50)
Skill = (9,11,0,10,0,0,0,0,0,0,0,84,1200,109,50)
Skill = (10,10,0,10,0,0,0,0,0,0,0,0,1200,50,50)
Skill = (11,13,0,10,0,0,0,0,0,0,0,227,1200,268,50)
Skill = (12,0,2147483647,0,0,0,0,0,0,0,0,0,1000,2147483647,2147483647)
Skill = (13,29,0,10,0,0,0,0,0,0,0,1075,1100,1145,20)
Skill = (14,0,1200,0,0,0,0,0,0,0,0,0,0,0,0)
Skill = (15,0,2147483647,0,0,0,0,0,0,0,0,0,1000,2147483647,2147483647)
Skill = (16,0,2147483647,0,0,0,0,0,0,0,0,0,1000,2147483647,2147483647)
Skill = (17,0,2147483647,0,0,0,0,0,0,0,0,0,50,2147483647,2147483647)
Skill = (18,0,2147483647,0,0,0,0,0,0,0,0,0,1000,2147483647,2147483647)
Skill = (19,0,2147483647,0,0,0,0,0,0,0,0,0,1000,2147483647,2147483647)
Skill = (20,0,2147483647,0,0,0,0,0,0,0,0,0,1000,2147483647,2147483647)
Skill = (21,0,2147483647,0,0,0,0,0,0,0,0,0,1000,2147483647,2147483647)
Skill = (22,100,100,0,0,0,0,0,0,0,0,0,0,0,0)
Skill = (23,0,2147483647,0,0,0,0,0,0,0,0,0,1000,2147483647,2147483647)
Skill = (24,0,2147483647,0,0,0,0,0,0,0,0,0,1000,2147483647,2147483647)

Spells      = {1,2,3,10,20,29,42,44,51}
QuestValues = {(14,1),(20,1),(23,1),(96,1),(97,1),(98,1),(106,1),(107,1),(190,1),(191,1),(223,1)}
Murders     = {1130471273}
