ID              = 9744072
Name            = "Al'Bed"
Race            = 1
Profession      = 4
OriginalOutfit  = 138-79-0-0-0
CurrentOutfit   = 138-79-0-0-0
LastLogin       = 1125524656
LastLogout      = 1125524793
StartPosition   = [32732,31634,7]
CurrentPosition = [32671,31697,7]
PlayerkillerEnd = 0

Skill = (0,11,0,1,0,0,0,0,0,0,1,14396,0,17600,100)
Skill = (1,10,0,0,0,0,0,0,0,0,0,364,1100,370,20)
Skill = (2,200,200,0,0,0,0,0,0,0,5,0,0,0,0)
Skill = (3,18,125,0,0,0,0,0,0,0,30,0,0,0,0)
Skill = (4,80,80,0,0,0,0,0,0,0,1,0,0,0,0)
Skill = (5,500,500,0,0,0,0,0,0,0,10,0,0,0,0)
Skill = (6,17,0,10,0,0,0,0,0,0,0,4221,1500,4925,100)
Skill = (7,10,0,10,0,0,0,0,0,0,0,3,1800,30,30)
Skill = (8,11,0,10,0,0,0,0,0,0,0,113,1800,140,50)
Skill = (9,16,0,10,0,0,0,0,0,0,0,3219,1800,3763,50)
Skill = (10,10,0,10,0,0,0,0,0,0,0,6,1800,50,50)
Skill = (11,10,0,10,0,0,0,0,0,0,0,43,1500,50,50)
Skill = (12,0,2147483647,0,0,0,0,0,0,0,0,0,1000,2147483647,2147483647)
Skill = (13,31,0,10,0,0,0,0,0,0,0,1406,1100,1428,20)
Skill = (14,0,1200,0,0,0,0,0,0,0,0,0,0,0,0)
Skill = (15,0,2147483647,0,0,0,0,0,83,83,0,0,1000,2147483647,2147483647)
Skill = (16,0,2147483647,0,0,0,0,0,0,0,0,0,1000,2147483647,2147483647)
Skill = (17,0,2147483647,0,0,0,0,0,0,0,0,0,50,2147483647,2147483647)
Skill = (18,0,2147483647,0,0,0,0,0,0,0,0,0,1000,2147483647,2147483647)
Skill = (19,0,2147483647,0,0,0,0,0,0,0,0,0,1000,2147483647,2147483647)
Skill = (20,0,2147483647,0,0,0,0,0,0,0,0,0,1000,2147483647,2147483647)
Skill = (21,0,2147483647,0,0,0,0,0,0,0,0,0,1000,2147483647,2147483647)
Skill = (22,99,100,0,0,0,0,0,0,0,0,0,0,0,0)
Skill = (23,0,2147483647,0,0,0,0,0,0,0,0,0,1000,2147483647,2147483647)
Skill = (24,0,2147483647,0,0,0,0,0,0,0,0,0,1000,2147483647,2147483647)

Spells      = {4,8,10,25}
QuestValues = {(17,1),(35,1),(59,1),(113,1),(114,1),(125,1),(126,1),(128,1)}
Murders     = {}
