ID              = 9776072
Name            = "Demon of Santija"
Race            = 1
Profession      = 3
OriginalOutfit  = 130-79-0-114-114
CurrentOutfit   = 130-79-0-114-114
LastLogin       = 1122262466
LastLogout      = 1122262471
StartPosition   = [32360,31782,7]
CurrentPosition = [32360,31782,7]
PlayerkillerEnd = 0

Skill = (0,11,0,1,0,0,0,0,0,0,1,16345,0,17600,100)
Skill = (1,9,0,0,0,0,0,0,0,0,0,313,1100,318,20)
Skill = (2,200,200,0,0,0,0,0,0,0,5,0,0,0,0)
Skill = (3,5,125,0,0,0,0,0,0,0,30,0,0,0,0)
Skill = (4,80,80,0,0,0,0,0,0,0,1,0,0,0,0)
Skill = (5,500,500,0,0,0,0,0,0,0,10,0,0,0,0)
Skill = (6,18,0,10,0,0,0,0,0,0,0,6562,1500,7488,100)
Skill = (7,12,0,10,0,0,0,0,0,0,0,183,2000,210,30)
Skill = (8,16,0,10,0,0,0,0,0,0,0,4054,2000,6350,50)
Skill = (9,15,0,10,0,0,0,0,0,0,0,1597,2000,3150,50)
Skill = (10,14,0,10,0,0,0,0,0,0,0,1083,2000,1550,50)
Skill = (11,11,0,10,0,0,0,0,0,0,0,69,1500,125,50)
Skill = (12,0,2147483647,0,0,0,0,0,0,0,0,0,1000,2147483647,2147483647)
Skill = (13,31,0,10,0,0,0,0,0,0,0,1284,1100,1428,20)
Skill = (14,0,1200,0,0,0,0,0,0,0,0,0,0,0,0)
Skill = (15,0,2147483647,0,0,0,2,0,45,83,0,0,1000,2147483647,2147483647)
Skill = (16,0,2147483647,0,0,0,0,0,0,0,0,0,1000,2147483647,2147483647)
Skill = (17,0,2147483647,0,0,0,0,0,0,0,0,0,50,2147483647,2147483647)
Skill = (18,0,2147483647,0,0,0,0,0,0,0,0,0,1000,2147483647,2147483647)
Skill = (19,0,2147483647,0,0,0,0,0,0,0,0,0,1000,2147483647,2147483647)
Skill = (20,0,2147483647,0,0,0,0,0,0,0,0,0,1000,2147483647,2147483647)
Skill = (21,0,2147483647,0,0,0,0,0,0,0,0,0,1000,2147483647,2147483647)
Skill = (22,200,200,0,0,0,0,0,0,0,0,0,0,0,0)
Skill = (23,0,2147483647,0,0,0,0,0,0,0,0,0,1000,2147483647,2147483647)
Skill = (24,0,2147483647,0,0,0,0,0,0,0,0,0,1000,2147483647,2147483647)

Spells      = {1,8,10}
QuestValues = {(18,1),(32,1),(33,1),(34,1),(35,1),(59,1),(60,1),(61,1),(223,1)}
Murders     = {}
