ID              = 10184134
Name            = "Smigol'sepsi"
Race            = 1
Profession      = 4
OriginalOutfit  = 128-0-96-114-0
CurrentOutfit   = 128-0-96-114-0
LastLogin       = 1132117499
LastLogout      = 1132118903
StartPosition   = [32957,32076,7]
CurrentPosition = [32922,32069,7]
PlayerkillerEnd = 0

Skill = (0,19,0,1,0,0,0,0,0,0,1,87186,0,98800,100)
Skill = (1,29,0,0,0,0,0,0,0,0,0,2974,1100,3289,20)
Skill = (2,240,240,0,0,0,0,0,0,0,5,0,0,0,0)
Skill = (3,110,365,0,0,0,0,0,0,0,30,0,0,0,0)
Skill = (4,88,88,0,0,0,0,0,0,0,1,0,0,0,0)
Skill = (5,580,580,0,0,0,0,0,0,0,10,0,0,0,0)
Skill = (6,21,0,10,0,0,0,0,0,0,0,20113,1500,25749,100)
Skill = (7,11,0,10,0,0,0,0,0,0,0,69,1800,84,30)
Skill = (8,13,0,10,0,0,0,0,0,0,0,329,1800,593,50)
Skill = (9,19,0,10,0,0,0,0,0,0,0,17490,1800,22252,50)
Skill = (10,10,0,10,0,0,0,0,0,0,0,0,1800,50,50)
Skill = (11,12,0,10,0,0,0,0,0,0,0,128,1500,237,50)
Skill = (12,0,2147483647,0,0,0,0,0,0,0,0,0,1000,2147483647,2147483647)
Skill = (13,47,0,10,0,0,0,0,0,0,0,6627,1100,7280,20)
Skill = (14,0,1200,0,0,0,0,0,0,0,0,0,0,0,0)
Skill = (15,0,2147483647,0,0,0,0,0,83,83,0,0,1000,2147483647,2147483647)
Skill = (16,0,2147483647,0,0,0,0,0,200,200,0,0,1000,2147483647,2147483647)
Skill = (17,0,2147483647,0,0,0,0,0,3,3,0,0,50,2147483647,2147483647)
Skill = (18,0,2147483647,0,0,0,0,0,8,8,0,0,1000,2147483647,2147483647)
Skill = (19,0,2147483647,0,0,0,0,0,0,0,0,0,1000,2147483647,2147483647)
Skill = (20,0,2147483647,0,0,0,0,0,120,120,0,0,1000,2147483647,2147483647)
Skill = (21,0,2147483647,0,0,0,0,0,0,0,0,0,1000,2147483647,2147483647)
Skill = (22,1,100,0,0,0,0,0,120,120,0,0,0,0,0)
Skill = (23,0,2147483647,0,0,0,0,0,0,0,0,0,1000,2147483647,2147483647)
Skill = (24,0,2147483647,0,0,0,0,0,0,0,0,0,1000,2147483647,2147483647)

Spells      = {1,3,5,8,9,10,16,18,20,38,42}
QuestValues = {(17,1),(18,1),(20,1),(21,1),(22,1),(23,1),(32,1),(33,1),(35,1),(49,1),(59,1),(96,1),(97,1),(98,1),(121,1),(223,1)}
Murders     = {}
