ID              = 10190234
Name            = "Cononel Konga"
Race            = 1
Profession      = 4
OriginalOutfit  = 131-114-114-114-95
CurrentOutfit   = 131-114-114-114-95
LastLogin       = 1131266255
LastLogout      = 1131266275
StartPosition   = [32360,31782,7]
CurrentPosition = [32332,31778,5]
PlayerkillerEnd = 0

Skill = (0,12,0,1,0,0,0,0,0,0,1,19155,0,23200,100)
Skill = (1,14,0,0,0,0,0,0,0,0,0,571,1100,635,20)
Skill = (2,60,205,0,0,0,0,0,0,0,5,0,0,0,0)
Skill = (3,19,155,0,0,0,0,0,0,0,30,0,0,0,0)
Skill = (4,81,81,0,0,0,0,0,0,0,1,0,0,0,0)
Skill = (5,510,510,0,0,0,0,0,0,0,10,0,0,0,0)
Skill = (6,18,0,10,0,0,0,0,0,0,0,5007,1500,7488,100)
Skill = (7,11,0,10,0,0,0,0,0,0,0,70,1800,84,30)
Skill = (8,10,0,10,0,0,0,0,0,0,0,0,1800,50,50)
Skill = (9,17,0,10,0,0,0,0,0,0,0,3926,1800,6824,50)
Skill = (10,10,0,10,0,0,0,0,0,0,0,0,1800,50,50)
Skill = (11,11,0,10,0,0,0,0,0,0,0,61,1500,125,50)
Skill = (12,0,2147483647,0,0,0,0,0,0,0,0,0,1000,2147483647,2147483647)
Skill = (13,37,0,10,0,0,0,0,0,0,0,2461,1100,2684,20)
Skill = (14,0,1200,0,0,0,9,0,0,0,0,0,0,0,0)
Skill = (15,0,2147483647,0,0,0,0,0,83,83,0,0,1000,2147483647,2147483647)
Skill = (16,0,2147483647,0,0,0,0,0,0,0,0,0,1000,2147483647,2147483647)
Skill = (17,0,2147483647,0,0,0,0,0,0,0,0,0,50,2147483647,2147483647)
Skill = (18,0,2147483647,0,0,0,0,0,8,8,0,0,1000,2147483647,2147483647)
Skill = (19,0,2147483647,0,0,0,0,0,0,0,0,0,1000,2147483647,2147483647)
Skill = (20,0,2147483647,0,0,0,0,0,0,0,0,0,1000,2147483647,2147483647)
Skill = (21,0,2147483647,0,0,0,0,0,0,0,0,0,1000,2147483647,2147483647)
Skill = (22,68,100,0,0,0,0,0,120,120,0,0,0,0,0)
Skill = (23,0,2147483647,0,0,0,0,0,0,0,0,0,1000,2147483647,2147483647)
Skill = (24,0,2147483647,0,0,0,0,0,0,0,0,0,1000,2147483647,2147483647)

Spells      = {1,4,5,8,10,25,42}
QuestValues = {(21,1),(22,1),(23,1),(28,1),(60,1),(61,1),(125,1),(126,1)}
Murders     = {}
