ID              = 10771134
Name            = "Anio Blon"
Race            = 1
Profession      = 1
OriginalOutfit  = 131-114-114-114-114
CurrentOutfit   = 131-114-114-114-114
LastLogin       = 1131723004
LastLogout      = 1131723056
StartPosition   = [32360,31782,7]
CurrentPosition = [32332,31784,8]
PlayerkillerEnd = 0

Skill = (0,19,0,1,0,0,0,0,0,0,1,84481,0,98800,100)
Skill = (1,3,0,0,0,0,0,0,0,0,0,326,3000,800,20)
Skill = (2,340,340,0,0,0,0,0,0,0,15,0,0,0,0)
Skill = (3,86,90,0,0,0,0,0,0,0,5,0,0,0,0)
Skill = (4,88,88,0,0,0,0,0,0,0,1,0,0,0,0)
Skill = (5,730,730,0,0,0,0,0,0,0,25,0,0,0,0)
Skill = (6,53,0,10,0,0,0,0,0,0,0,61578,1100,65264,100)
Skill = (7,10,0,10,0,0,0,0,0,0,0,1,1400,30,30)
Skill = (8,10,0,10,0,0,0,0,0,0,0,9,1100,50,50)
Skill = (9,54,0,10,0,0,0,0,0,0,0,34174,1100,35945,50)
Skill = (10,10,0,10,0,0,0,0,0,0,0,0,1100,50,50)
Skill = (11,10,0,10,0,0,0,0,0,0,0,23,1100,50,50)
Skill = (12,0,2147483647,0,0,0,0,0,0,0,0,0,1000,2147483647,2147483647)
Skill = (13,33,0,10,0,0,0,0,0,0,0,1610,1100,1769,20)
Skill = (14,0,1200,0,0,0,5,0,0,0,0,0,0,0,0)
Skill = (15,0,2147483647,0,0,0,0,0,0,0,0,0,1000,2147483647,2147483647)
Skill = (16,0,2147483647,0,0,0,0,0,0,0,0,0,1000,2147483647,2147483647)
Skill = (17,0,2147483647,0,0,0,0,0,0,0,0,0,50,2147483647,2147483647)
Skill = (18,0,2147483647,0,0,0,0,0,0,0,0,0,1000,2147483647,2147483647)
Skill = (19,0,2147483647,0,0,0,0,0,0,0,0,0,1000,2147483647,2147483647)
Skill = (20,0,2147483647,0,0,0,0,0,0,0,0,0,1000,2147483647,2147483647)
Skill = (21,0,2147483647,0,0,0,0,0,0,0,0,0,1000,2147483647,2147483647)
Skill = (22,100,100,0,0,0,0,0,0,0,0,0,0,0,0)
Skill = (23,0,2147483647,0,0,0,0,0,0,0,0,0,1000,2147483647,2147483647)
Skill = (24,0,2147483647,0,0,0,0,0,0,0,0,0,1000,2147483647,2147483647)

Spells      = {1,10,20,29}
QuestValues = {(18,1),(20,1),(32,1),(35,1),(61,1),(125,1),(126,1),(223,1)}
Murders     = {}
