ID              = 7953934
Name            = "Sheik'Sackville"
Race            = 1
Profession      = 11
OriginalOutfit  = 134-19-125-125-19
CurrentOutfit   = 134-19-125-125-19
LastLogin       = 1132108344
LastLogout      = 1132119148
StartPosition   = [32360,31782,7]
CurrentPosition = [32338,31778,6]
PlayerkillerEnd = 0

Skill = (0,56,0,1,0,0,0,0,0,0,1,2629838,0,2777600,100)
Skill = (1,6,0,0,0,0,0,0,0,0,0,8352,3000,21860,20)
Skill = (2,707,905,0,0,0,0,0,0,0,15,0,0,0,0)
Skill = (3,259,275,0,0,0,0,0,0,0,5,0,0,0,0)
Skill = (4,125,125,0,0,0,0,0,0,0,1,0,0,0,0)
Skill = (5,1670,1670,0,0,0,0,0,0,0,25,0,0,0,0)
Skill = (6,69,0,10,0,0,0,0,0,0,0,277703,1100,303481,100)
Skill = (7,15,0,10,0,0,0,0,0,0,0,433,1400,489,30)
Skill = (8,71,0,10,0,0,0,0,0,0,0,181875,1100,183711,50)
Skill = (9,10,0,10,0,0,0,0,0,0,0,43,1100,50,50)
Skill = (10,10,0,10,0,0,0,0,0,0,0,6,1100,50,50)
Skill = (11,23,0,10,0,0,0,0,0,0,0,1254,1100,1398,50)
Skill = (12,0,2147483647,0,0,0,0,0,0,0,0,0,1000,2147483647,2147483647)
Skill = (13,57,0,10,0,0,0,0,0,0,0,18904,1100,19203,20)
Skill = (14,0,1200,0,0,0,0,0,0,0,0,0,0,0,0)
Skill = (15,0,2147483647,0,0,0,0,0,83,83,0,0,1000,2147483647,2147483647)
Skill = (16,0,2147483647,0,0,0,0,0,6000,6000,0,0,1000,2147483647,2147483647)
Skill = (17,0,2147483647,0,0,0,0,0,0,0,0,0,50,2147483647,2147483647)
Skill = (18,0,2147483647,0,0,0,0,0,8,8,0,0,1000,2147483647,2147483647)
Skill = (19,0,2147483647,0,0,0,0,0,10,10,0,0,1000,2147483647,2147483647)
Skill = (20,0,2147483647,0,0,0,0,0,120,120,0,0,1000,2147483647,2147483647)
Skill = (21,0,2147483647,0,0,0,0,0,0,0,0,0,1000,2147483647,2147483647)
Skill = (22,200,200,0,0,0,4,0,10,15,0,0,0,0,0)
Skill = (23,0,2147483647,0,0,0,0,0,0,0,0,0,1000,2147483647,2147483647)
Skill = (24,0,2147483647,0,0,0,0,0,0,0,0,0,1000,2147483647,2147483647)

Spells      = {1,6,10,20,29,76,80,81,93}
QuestValues = {(1,1),(2,6),(18,1),(20,1),(21,1),(22,1),(23,1),(32,1),(33,1),(34,1),(35,1),(38,1),(41,1),(42,1),(43,1),(44,1),(46,1),(49,1),(50,1),(53,1),(54,1),(58,1),(59,1),(60,1),(61,1),(67,1),(68,1),(69,1),(70,1),(71,1),(72,1),(73,1),(74,1),(75,1),(76,1),(77,1),(78,1),(80,1),(81,1),(82,1),(88,1),(89,1),(90,1),(91,1),(92,1),(96,1),(97,1),(98,1),(106,1),(107,1),(109,1),(111,1),(112,1),(113,1),(114,1),(125,1),(126,1),(129,1),(131,1),(133,1),(135,1),(136,1),(137,1),(151,1),(152,1),(154,1),(190,1),(191,1),(200,1),(201,1),(202,1),(208,1),(211,4),(222,1),(223,1),(225,1),(227,5),(228,2),(229,3),(230,21),(231,2),(232,1),(233,10),(234,7),(235,1),(236,1),(237,1),(238,1),(239,1),(240,1),(241,1),(242,1),(243,1),(244,2),(245,2),(246,1),(247,1),(248,1),(249,5),(250,5),(251,3),(253,1),(254,1),(292,1)}
Murders     = {1131154715}
