ID              = 8071034
Name            = "Angel Blox"
Race            = 1
Profession      = 4
OriginalOutfit  = 129-94-94-94-94
CurrentOutfit   = 129-94-94-94-94
LastLogin       = 1131921208
LastLogout      = 1131921215
StartPosition   = [32957,32076,7]
CurrentPosition = [32932,32075,7]
PlayerkillerEnd = 0

Skill = (0,12,0,1,0,0,0,0,0,0,1,22765,0,23200,100)
Skill = (1,17,0,0,0,0,0,0,0,0,0,904,1100,911,20)
Skill = (2,205,205,0,0,0,0,0,0,0,5,0,0,0,0)
Skill = (3,155,155,0,0,0,0,0,0,0,30,0,0,0,0)
Skill = (4,81,81,0,0,0,0,0,0,0,1,0,0,0,0)
Skill = (5,510,510,0,0,0,0,0,0,0,10,0,0,0,0)
Skill = (6,19,0,10,0,0,0,0,0,0,0,8209,1500,11333,100)
Skill = (7,13,0,10,0,0,0,0,0,0,0,243,1800,356,30)
Skill = (8,13,0,10,0,0,0,0,0,0,0,328,1800,593,50)
Skill = (9,17,0,10,0,0,0,0,0,0,0,5874,1800,6824,50)
Skill = (10,13,0,10,0,0,0,0,0,0,0,324,1800,593,50)
Skill = (11,11,0,10,0,0,0,0,0,0,0,70,1500,125,50)
Skill = (12,0,2147483647,0,0,0,0,0,0,0,0,0,1000,2147483647,2147483647)
Skill = (13,33,0,10,0,0,0,0,0,0,0,1669,1100,1769,20)
Skill = (14,0,1200,0,0,0,255,0,0,0,0,0,0,0,0)
Skill = (15,0,2147483647,0,0,0,0,0,0,0,0,0,1000,2147483647,2147483647)
Skill = (16,0,2147483647,0,0,0,0,0,0,0,0,0,1000,2147483647,2147483647)
Skill = (17,0,2147483647,0,0,0,0,0,0,0,0,0,50,2147483647,2147483647)
Skill = (18,0,2147483647,0,0,0,0,0,0,0,0,0,1000,2147483647,2147483647)
Skill = (19,0,2147483647,0,0,0,0,0,0,0,0,0,1000,2147483647,2147483647)
Skill = (20,0,2147483647,0,0,0,0,0,0,0,0,0,1000,2147483647,2147483647)
Skill = (21,0,2147483647,0,0,0,0,0,0,0,0,0,1000,2147483647,2147483647)
Skill = (22,15,100,0,0,0,0,0,0,0,0,0,0,0,0)
Skill = (23,0,2147483647,0,0,0,0,0,0,0,0,0,1000,2147483647,2147483647)
Skill = (24,0,2147483647,0,0,0,0,0,0,0,0,0,1000,2147483647,2147483647)

Spells      = {4,5,7,8,10,16,25,31,42,44}
QuestValues = {(20,1),(27,1),(32,1),(33,1),(34,1),(58,1),(59,1),(98,1),(106,1),(107,1),(113,1),(114,1),(125,1),(126,1),(223,1),(224,1)}
Murders     = {}
