ID              = 8958334
Name            = "Oscar el Grande"
Race            = 1
Profession      = 2
OriginalOutfit  = 130-87-114-132-116
CurrentOutfit   = 130-87-114-132-116
LastLogin       = 1131860186
LastLogout      = 1131862406
StartPosition   = [32360,31782,7]
CurrentPosition = [32485,31741,7]
PlayerkillerEnd = 0

Skill = (0,14,0,1,0,0,0,0,0,0,1,37535,0,37800,100)
Skill = (1,6,0,0,0,0,0,0,0,0,0,341,1400,477,20)
Skill = (2,198,245,0,0,0,0,0,0,0,10,0,0,0,0)
Skill = (3,31,125,0,0,0,0,0,0,0,15,0,0,0,0)
Skill = (4,83,83,0,0,0,0,0,0,0,1,0,0,0,0)
Skill = (5,590,590,0,0,0,0,0,0,0,20,0,0,0,0)
Skill = (6,29,0,10,0,0,0,0,0,0,0,5197,1100,5727,100)
Skill = (7,44,0,10,0,0,0,0,0,0,0,8035,1100,8130,30)
Skill = (8,14,0,10,0,0,0,0,0,0,0,276,1200,372,50)
Skill = (9,10,0,10,0,0,0,0,0,0,0,35,1200,50,50)
Skill = (10,10,0,10,0,0,0,0,0,0,0,0,1200,50,50)
Skill = (11,14,0,10,0,0,0,0,0,0,0,299,1200,372,50)
Skill = (12,0,2147483647,0,0,0,0,0,0,0,0,0,1000,2147483647,2147483647)
Skill = (13,14,0,10,0,0,0,0,0,0,0,108,1100,122,20)
Skill = (14,0,1200,0,0,0,0,0,0,0,0,0,0,0,0)
Skill = (15,0,2147483647,0,0,0,0,0,0,0,0,0,1000,2147483647,2147483647)
Skill = (16,0,2147483647,0,0,0,0,0,0,0,0,0,1000,2147483647,2147483647)
Skill = (17,0,2147483647,0,0,0,0,0,0,0,0,0,50,2147483647,2147483647)
Skill = (18,0,2147483647,0,0,0,0,0,0,0,0,0,1000,2147483647,2147483647)
Skill = (19,0,2147483647,0,0,0,0,0,0,0,0,0,1000,2147483647,2147483647)
Skill = (20,0,2147483647,0,0,0,0,0,0,0,0,0,1000,2147483647,2147483647)
Skill = (21,0,2147483647,0,0,0,0,0,0,0,0,0,1000,2147483647,2147483647)
Skill = (22,100,100,0,0,0,0,0,120,120,0,0,0,0,0)
Skill = (23,0,2147483647,0,0,0,0,0,0,0,0,0,1000,2147483647,2147483647)
Skill = (24,0,2147483647,0,0,0,0,0,0,0,0,0,1000,2147483647,2147483647)

Spells      = {1,2,7,10,15,29,42,44,48,51}
QuestValues = {(18,1),(20,1),(21,1),(22,1),(23,1),(35,1),(54,1),(58,1),(96,1),(97,1),(98,1),(225,1)}
Murders     = {}
