ID              = 9494934
Name            = "Chokx"
Race            = 1
Profession      = 2
OriginalOutfit  = 128-119-0-132-114
CurrentOutfit   = 128-119-0-132-114
LastLogin       = 1129871054
LastLogout      = 1129871131
StartPosition   = [32957,32076,7]
CurrentPosition = [32933,32076,7]
PlayerkillerEnd = 0

Skill = (0,13,0,1,0,0,0,0,0,0,1,23862,0,29900,100)
Skill = (1,7,0,0,0,0,0,0,0,0,0,681,1400,687,20)
Skill = (2,152,235,0,0,0,0,0,0,0,10,0,0,0,0)
Skill = (3,5,110,0,0,0,0,0,0,0,15,0,0,0,0)
Skill = (4,82,82,0,0,0,0,0,0,0,1,0,0,0,0)
Skill = (5,570,570,0,0,0,0,0,0,0,20,0,0,0,0)
Skill = (6,51,0,10,0,0,0,0,0,0,0,50590,1100,53763,100)
Skill = (7,58,0,10,0,0,0,0,0,0,0,29447,1100,31715,30)
Skill = (8,14,0,10,0,0,0,0,0,0,0,324,1200,372,50)
Skill = (9,10,0,10,0,0,0,0,0,0,0,0,1200,50,50)
Skill = (10,10,0,10,0,0,0,0,0,0,0,0,1200,50,50)
Skill = (11,24,0,10,0,0,0,0,0,0,0,3390,1200,3601,50)
Skill = (12,0,2147483647,0,0,0,0,0,0,0,0,0,1000,2147483647,2147483647)
Skill = (13,28,0,10,0,0,0,0,0,0,0,1022,1100,1023,20)
Skill = (14,0,1200,0,0,0,0,0,0,0,0,0,0,0,0)
Skill = (15,0,2147483647,0,0,0,0,0,0,0,0,0,1000,2147483647,2147483647)
Skill = (16,0,2147483647,0,0,0,0,0,0,0,0,0,1000,2147483647,2147483647)
Skill = (17,0,2147483647,0,0,0,0,0,3,3,0,0,50,2147483647,2147483647)
Skill = (18,0,2147483647,0,0,0,0,0,8,8,0,0,1000,2147483647,2147483647)
Skill = (19,0,2147483647,0,0,0,0,0,0,0,0,0,1000,2147483647,2147483647)
Skill = (20,0,2147483647,0,0,0,0,0,0,0,0,0,1000,2147483647,2147483647)
Skill = (21,0,2147483647,0,0,0,0,0,0,0,0,0,1000,2147483647,2147483647)
Skill = (22,100,100,0,0,0,0,0,0,0,0,0,0,0,0)
Skill = (23,0,2147483647,0,0,0,0,0,0,0,0,0,1000,2147483647,2147483647)
Skill = (24,0,2147483647,0,0,0,0,0,0,0,0,0,1000,2147483647,2147483647)

Spells      = {1,8,20,42,51}
QuestValues = {(20,1),(21,1),(22,1),(23,1),(35,1),(37,1),(59,1),(69,1),(96,1),(97,1),(99,1),(125,1),(126,1),(134,1)}
Murders     = {1129399070}
