ID              = 10532202
Name            = "Alex The Grifo"
Race            = 1
Profession      = 1
OriginalOutfit  = 128-0-0-0-0
CurrentOutfit   = 128-0-0-0-0
LastLogin       = 1132100857
LastLogout      = 1132101951
StartPosition   = [32732,31634,7]
CurrentPosition = [32567,32110,7]
PlayerkillerEnd = 0

Skill = (0,15,0,1,0,0,0,0,0,0,1,43143,0,47000,100)
Skill = (1,2,0,0,0,0,0,0,0,0,0,186,3000,260,20)
Skill = (2,147,290,0,0,0,0,0,0,0,15,0,0,0,0)
Skill = (3,70,70,0,0,0,0,0,0,0,5,0,0,0,0)
Skill = (4,84,84,0,0,0,0,0,0,0,1,0,0,0,0)
Skill = (5,645,645,0,0,0,0,0,0,0,25,0,0,0,0)
Skill = (6,36,0,10,0,0,0,0,0,0,0,11927,1100,12109,100)
Skill = (7,10,0,10,0,0,0,0,0,0,0,1,1400,30,30)
Skill = (8,40,0,10,0,0,0,0,0,0,0,8843,1100,9097,50)
Skill = (9,10,0,10,0,0,0,0,0,0,0,2,1100,50,50)
Skill = (10,10,0,10,0,0,0,0,0,0,0,0,1100,50,50)
Skill = (11,10,0,10,0,0,0,0,0,0,0,3,1100,50,50)
Skill = (12,0,2147483647,0,0,0,0,0,0,0,0,0,1000,2147483647,2147483647)
Skill = (13,10,0,10,0,0,0,0,0,0,0,0,1100,20,20)
Skill = (14,0,1200,0,0,0,0,0,0,0,0,0,0,0,0)
Skill = (15,0,2147483647,0,0,0,0,0,83,83,0,0,1000,2147483647,2147483647)
Skill = (16,0,2147483647,0,0,0,0,0,0,0,0,0,1000,2147483647,2147483647)
Skill = (17,0,2147483647,0,0,0,0,0,3,3,0,0,50,2147483647,2147483647)
Skill = (18,0,2147483647,0,0,0,0,0,8,8,0,0,1000,2147483647,2147483647)
Skill = (19,0,2147483647,0,0,0,0,0,10,10,0,0,1000,2147483647,2147483647)
Skill = (20,0,2147483647,0,0,0,0,0,0,0,0,0,1000,2147483647,2147483647)
Skill = (21,0,2147483647,0,0,0,0,0,0,0,0,0,1000,2147483647,2147483647)
Skill = (22,100,100,0,0,0,0,0,120,120,0,0,0,0,0)
Skill = (23,0,2147483647,0,0,0,0,0,0,0,0,0,1000,2147483647,2147483647)
Skill = (24,0,2147483647,0,0,0,0,0,0,0,0,0,1000,2147483647,2147483647)

Spells      = {1,10,20,29}
QuestValues = {(20,1),(21,1),(22,1),(23,1),(32,1),(33,1),(34,1),(54,1)}
Murders     = {}
