ID              = 11277602
Name            = "Anna Gwen"
Race            = 1
Profession      = 2
OriginalOutfit  = 137-98-92-15-0
CurrentOutfit   = 137-98-92-15-0
LastLogin       = 1132070402
LastLogout      = 1132070721
StartPosition   = [32957,32076,7]
CurrentPosition = [33012,32122,7]
PlayerkillerEnd = 0

Skill = (0,8,0,1,0,0,0,0,0,0,1,4426,0,6400,100)
Skill = (1,0,0,0,0,0,0,0,0,0,0,0,1400,20,20)
Skill = (2,168,185,0,0,0,0,0,0,0,10,0,0,0,0)
Skill = (3,35,35,0,0,0,0,0,0,0,15,0,0,0,0)
Skill = (4,77,77,0,0,0,0,0,0,0,1,0,0,0,0)
Skill = (5,470,470,0,0,0,0,0,0,0,20,0,0,0,0)
Skill = (6,10,0,10,0,0,0,0,0,0,0,75,1100,100,100)
Skill = (7,10,0,10,0,0,0,0,0,0,0,3,1100,30,30)
Skill = (8,10,0,10,0,0,0,0,0,0,0,5,1200,50,50)
Skill = (9,16,0,10,0,0,0,0,0,0,0,498,1200,645,50)
Skill = (10,12,0,10,0,0,0,0,0,0,0,112,1200,181,50)
Skill = (11,10,0,10,0,0,0,0,0,0,0,40,1200,50,50)
Skill = (12,0,2147483647,0,0,0,0,0,0,0,0,0,1000,2147483647,2147483647)
Skill = (13,10,0,10,0,0,0,0,0,0,0,0,1100,20,20)
Skill = (14,0,1200,0,0,0,33,0,0,0,0,0,0,0,0)
Skill = (15,0,2147483647,0,0,0,0,0,0,0,0,0,1000,2147483647,2147483647)
Skill = (16,0,2147483647,0,0,0,0,0,0,0,0,0,1000,2147483647,2147483647)
Skill = (17,0,2147483647,0,0,0,0,0,3,3,0,0,50,2147483647,2147483647)
Skill = (18,0,2147483647,0,0,0,0,0,0,0,0,0,1000,2147483647,2147483647)
Skill = (19,0,2147483647,0,0,0,0,0,0,0,0,0,1000,2147483647,2147483647)
Skill = (20,0,2147483647,0,0,0,0,0,0,0,0,0,1000,2147483647,2147483647)
Skill = (21,0,2147483647,0,0,0,0,0,0,0,0,0,1000,2147483647,2147483647)
Skill = (22,100,100,0,0,0,2,0,39,120,0,0,0,0,0)
Skill = (23,0,2147483647,0,0,0,0,0,0,0,0,0,1000,2147483647,2147483647)
Skill = (24,0,2147483647,0,0,0,0,0,0,0,0,0,1000,2147483647,2147483647)

Spells      = {}
QuestValues = {(35,1),(59,1),(223,1)}
Murders     = {}
