ID              = 7965802
Name            = "Lord Demon'Snox"
Race            = 1
Profession      = 2
OriginalOutfit  = 134-19-114-114-114
CurrentOutfit   = 134-19-114-114-114
LastLogin       = 1126656922
LastLogout      = 1126657019
StartPosition   = [32360,31782,7]
CurrentPosition = [32522,31663,9]
PlayerkillerEnd = 0

Skill = (0,22,0,1,0,0,0,0,0,0,1,136170,0,156200,100)
Skill = (1,9,0,0,0,0,0,0,0,0,0,1277,1400,1396,20)
Skill = (2,325,325,0,0,0,0,0,0,0,10,0,0,0,0)
Skill = (3,245,245,0,0,0,0,0,0,0,15,0,0,0,0)
Skill = (4,91,91,0,0,0,0,0,0,0,1,0,0,0,0)
Skill = (5,750,750,0,0,0,0,0,0,0,20,0,0,0,0)
Skill = (6,52,0,10,0,0,0,0,0,0,0,54629,1100,59240,100)
Skill = (7,62,0,10,0,0,0,0,0,0,0,43556,1100,46574,30)
Skill = (8,11,0,10,0,0,0,0,0,0,0,65,1200,109,50)
Skill = (9,21,0,10,0,0,0,0,0,0,0,1962,1200,1979,50)
Skill = (10,10,0,10,0,0,0,0,0,0,0,0,1200,50,50)
Skill = (11,22,0,10,0,0,0,0,0,0,0,2414,1200,2424,50)
Skill = (12,0,2147483647,0,0,0,0,0,0,0,0,0,1000,2147483647,2147483647)
Skill = (13,37,0,10,0,0,0,0,0,0,0,2609,1100,2684,20)
Skill = (14,0,1200,0,0,0,333,0,0,0,0,0,0,0,0)
Skill = (15,0,2147483647,0,0,0,0,0,0,0,0,0,1000,2147483647,2147483647)
Skill = (16,0,2147483647,0,0,0,0,0,0,0,0,0,1000,2147483647,2147483647)
Skill = (17,0,2147483647,0,0,0,0,0,3,3,0,0,50,2147483647,2147483647)
Skill = (18,0,2147483647,0,0,0,0,0,0,0,0,0,1000,2147483647,2147483647)
Skill = (19,0,2147483647,0,0,0,0,0,0,0,0,0,1000,2147483647,2147483647)
Skill = (20,0,2147483647,0,0,0,0,0,0,0,0,0,1000,2147483647,2147483647)
Skill = (21,0,2147483647,0,0,0,0,0,0,0,0,0,1000,2147483647,2147483647)
Skill = (22,100,100,0,0,0,0,0,120,120,0,0,0,0,0)
Skill = (23,0,2147483647,0,0,0,0,0,0,0,0,0,1000,2147483647,2147483647)
Skill = (24,0,2147483647,0,0,0,0,0,0,0,0,0,1000,2147483647,2147483647)

Spells      = {1,3,8,10,20,29,42,44,51}
QuestValues = {(20,1),(21,1),(22,1),(23,1),(27,1),(33,1),(34,1),(54,1),(59,1),(60,1),(61,1),(84,1),(85,1),(86,1),(87,1),(98,1),(100,1),(190,1),(191,1)}
Murders     = {1126317923,1126414542,1126414624}
