ID              = 8587702
Name            = "Stof Zuiger"
Race            = 1
Profession      = 2
OriginalOutfit  = 128-114-0-88-77
CurrentOutfit   = 128-114-0-88-77
LastLogin       = 1124205000
LastLogout      = 1124205181
StartPosition   = [32369,32241,7]
CurrentPosition = [32370,32231,7]
PlayerkillerEnd = 1124801596

Skill = (0,23,0,1,0,0,0,0,0,0,1,172638,0,179400,100)
Skill = (1,10,0,0,0,0,0,0,0,0,0,1604,1400,1974,20)
Skill = (2,252,335,0,0,0,0,0,0,0,10,0,0,0,0)
Skill = (3,0,260,0,0,0,0,0,0,0,15,0,0,0,0)
Skill = (4,92,92,0,0,0,0,0,0,0,1,0,0,0,0)
Skill = (5,770,770,0,0,0,0,0,0,0,20,0,0,0,0)
Skill = (6,42,0,10,0,0,0,0,0,0,0,21931,1100,22225,100)
Skill = (7,61,0,10,0,0,0,0,0,0,0,40531,1100,42312,30)
Skill = (8,10,0,10,0,0,0,0,0,0,0,0,1200,50,50)
Skill = (9,12,0,10,0,0,0,0,0,0,0,114,1200,181,50)
Skill = (10,10,0,10,0,0,0,0,0,0,0,0,1200,50,50)
Skill = (11,13,0,10,0,0,0,0,0,0,0,230,1200,268,50)
Skill = (12,0,2147483647,0,0,0,0,0,0,0,0,0,1000,2147483647,2147483647)
Skill = (13,44,0,10,0,0,0,0,0,0,0,5346,1100,5420,20)
Skill = (14,0,1200,0,0,0,0,0,0,0,0,0,0,0,0)
Skill = (15,0,2147483647,0,0,0,0,0,0,0,0,0,1000,2147483647,2147483647)
Skill = (16,0,2147483647,0,0,0,0,0,0,0,0,0,1000,2147483647,2147483647)
Skill = (17,0,2147483647,0,0,0,0,0,0,0,0,0,50,2147483647,2147483647)
Skill = (18,0,2147483647,0,0,0,0,0,8,8,0,0,1000,2147483647,2147483647)
Skill = (19,0,2147483647,0,0,0,0,0,0,0,0,0,1000,2147483647,2147483647)
Skill = (20,0,2147483647,0,0,0,0,0,0,0,0,0,1000,2147483647,2147483647)
Skill = (21,0,2147483647,0,0,0,0,0,0,0,0,0,1000,2147483647,2147483647)
Skill = (22,100,100,0,0,0,0,0,0,0,0,0,0,0,0)
Skill = (23,0,2147483647,0,0,0,0,0,0,0,0,0,1000,2147483647,2147483647)
Skill = (24,0,2147483647,0,0,0,0,0,0,0,0,0,1000,2147483647,2147483647)

Spells      = {1,3,8,10,49,51}
QuestValues = {(20,1),(21,1),(22,1),(23,1),(27,1),(96,1),(97,1),(98,1),(106,1),(107,1),(128,1),(190,1),(191,1)}
Murders     = {1121886177,1121957549,1122114904,1122142456,1122209545,1122209596}
