ID              = 9065102
Name            = "Sirgaf Kosone"
Race            = 1
Profession      = 3
OriginalOutfit  = 129-114-94-114-94
CurrentOutfit   = 129-114-94-114-94
LastLogin       = 1131289922
LastLogout      = 1131292782
StartPosition   = [32649,31925,11]
CurrentPosition = [32650,31911,8]
PlayerkillerEnd = 0

Skill = (0,21,0,1,0,0,0,0,0,0,1,119903,0,135100,100)
Skill = (1,25,0,0,0,0,0,0,0,0,0,2112,1100,2183,20)
Skill = (2,250,250,0,0,0,0,0,0,0,5,0,0,0,0)
Skill = (3,39,375,0,0,0,0,0,0,0,30,0,0,0,0)
Skill = (4,90,90,0,0,0,0,0,0,0,1,0,0,0,0)
Skill = (5,600,600,0,0,0,0,0,0,0,10,0,0,0,0)
Skill = (6,22,0,10,0,0,0,0,0,0,0,34913,1500,38723,100)
Skill = (7,13,0,10,0,0,0,0,0,0,0,252,2000,450,30)
Skill = (8,18,0,10,0,0,0,0,0,0,0,17504,2000,25550,50)
Skill = (9,17,0,10,0,0,0,0,0,0,0,10742,2000,12750,50)
Skill = (10,10,0,10,0,0,0,0,0,0,0,36,2000,50,50)
Skill = (11,11,0,10,0,0,0,0,0,0,0,68,1500,125,50)
Skill = (12,0,2147483647,0,0,0,0,0,0,0,0,0,1000,2147483647,2147483647)
Skill = (13,42,0,10,0,0,0,0,0,0,0,4181,1100,4445,20)
Skill = (14,0,1200,0,0,0,0,0,0,0,0,0,0,0,0)
Skill = (15,0,2147483647,0,0,0,0,0,0,0,0,0,1000,2147483647,2147483647)
Skill = (16,0,2147483647,0,0,0,0,0,0,0,0,0,1000,2147483647,2147483647)
Skill = (17,0,2147483647,0,0,0,0,0,0,0,0,0,50,2147483647,2147483647)
Skill = (18,0,2147483647,0,0,0,0,0,8,8,0,0,1000,2147483647,2147483647)
Skill = (19,0,2147483647,0,0,0,0,0,10,10,0,0,1000,2147483647,2147483647)
Skill = (20,0,2147483647,0,0,0,0,0,0,0,0,0,1000,2147483647,2147483647)
Skill = (21,0,2147483647,0,0,0,0,0,0,0,0,0,1000,2147483647,2147483647)
Skill = (22,57,100,0,0,0,0,0,120,120,0,0,0,0,0)
Skill = (23,0,2147483647,0,0,0,0,0,0,0,0,0,1000,2147483647,2147483647)
Skill = (24,0,2147483647,0,0,0,0,0,0,0,0,0,1000,2147483647,2147483647)

Spells      = {1,2,3,8,10,16,18,20,21,27,29,45}
QuestValues = {(32,1),(33,1),(35,1),(53,1),(59,1),(60,1),(61,1),(67,1),(70,1),(113,1),(114,1),(125,1),(126,1),(190,1),(191,1),(223,1)}
Murders     = {}
