ID              = 9309202
Name            = "Tigrezaa"
Race            = 1
Profession      = 2
OriginalOutfit  = 137-79-88-106-106
CurrentOutfit   = 137-79-88-106-106
LastLogin       = 1132003315
LastLogout      = 1132003334
StartPosition   = [32360,31782,7]
CurrentPosition = [32334,31779,7]
PlayerkillerEnd = 0

Skill = (0,11,0,1,0,0,0,0,0,0,1,13606,0,17600,100)
Skill = (1,4,0,0,0,0,0,0,0,0,0,204,1400,218,20)
Skill = (2,215,215,0,0,0,0,0,0,0,10,0,0,0,0)
Skill = (3,80,80,0,0,0,0,0,0,0,15,0,0,0,0)
Skill = (4,80,80,0,0,0,0,0,0,0,1,0,0,0,0)
Skill = (5,530,530,0,0,0,0,0,0,0,20,0,0,0,0)
Skill = (6,34,0,10,0,0,0,0,0,0,0,9434,1100,9834,100)
Skill = (7,43,0,10,0,0,0,0,0,0,0,6748,1100,7364,30)
Skill = (8,13,0,10,0,0,0,0,0,0,0,209,1200,268,50)
Skill = (9,10,0,10,0,0,0,0,0,0,0,32,1200,50,50)
Skill = (10,10,0,10,0,0,0,0,0,0,0,0,1200,50,50)
Skill = (11,18,0,10,0,0,0,0,0,0,0,883,1200,1039,50)
Skill = (12,0,2147483647,0,0,0,0,0,0,0,0,0,1000,2147483647,2147483647)
Skill = (13,20,0,10,0,0,0,0,0,0,0,343,1100,370,20)
Skill = (14,0,1200,0,0,0,0,0,0,0,0,0,0,0,0)
Skill = (15,0,2147483647,0,0,0,0,0,0,0,0,0,1000,2147483647,2147483647)
Skill = (16,0,2147483647,0,0,0,0,0,0,0,0,0,1000,2147483647,2147483647)
Skill = (17,0,2147483647,0,0,0,0,0,0,0,0,0,50,2147483647,2147483647)
Skill = (18,0,2147483647,0,0,0,0,0,0,0,0,0,1000,2147483647,2147483647)
Skill = (19,0,2147483647,0,0,0,0,0,0,0,0,0,1000,2147483647,2147483647)
Skill = (20,0,2147483647,0,0,0,0,0,0,0,0,0,1000,2147483647,2147483647)
Skill = (21,0,2147483647,0,0,0,0,0,0,0,0,0,1000,2147483647,2147483647)
Skill = (22,100,100,0,0,0,0,0,0,0,0,0,0,0,0)
Skill = (23,0,2147483647,0,0,0,0,0,0,0,0,0,1000,2147483647,2147483647)
Skill = (24,0,2147483647,0,0,0,0,0,0,0,0,0,1000,2147483647,2147483647)

Spells      = {1,2,10,20,29,42,51}
QuestValues = {(20,1),(21,1),(22,1),(23,1),(32,1),(33,1),(34,1)}
Murders     = {}
