ID              = 9377402
Name            = "Luth Juna"
Race            = 1
Profession      = 1
OriginalOutfit  = 138-132-113-94-113
CurrentOutfit   = 138-132-113-94-113
LastLogin       = 1129296099
LastLogout      = 1129296461
StartPosition   = [32369,32241,7]
CurrentPosition = [32341,32230,7]
PlayerkillerEnd = 0

Skill = (0,10,0,1,0,0,0,0,0,0,1,12330,0,13000,100)
Skill = (1,1,0,0,0,0,0,0,0,0,0,31,3000,80,20)
Skill = (2,195,195,0,0,0,0,0,0,0,15,0,0,0,0)
Skill = (3,27,45,0,0,0,0,0,0,0,5,0,0,0,0)
Skill = (4,79,79,0,0,0,0,0,0,0,1,0,0,0,0)
Skill = (5,490,490,0,0,0,0,0,0,0,25,0,0,0,0)
Skill = (6,17,0,10,0,0,0,0,0,0,0,1115,1100,1143,100)
Skill = (7,10,0,10,0,0,0,0,0,0,0,0,1400,30,30)
Skill = (8,10,0,10,0,0,0,0,0,0,0,28,1100,50,50)
Skill = (9,16,0,10,0,0,0,0,0,0,0,465,1100,474,50)
Skill = (10,18,0,10,0,0,0,0,0,0,0,606,1100,678,50)
Skill = (11,10,0,10,0,0,0,0,0,0,0,21,1100,50,50)
Skill = (12,0,2147483647,0,0,0,0,0,0,0,0,0,1000,2147483647,2147483647)
Skill = (13,21,0,10,0,0,0,0,0,0,0,393,1100,427,20)
Skill = (14,0,1200,0,0,0,0,0,0,0,0,0,0,0,0)
Skill = (15,0,2147483647,0,0,0,0,0,83,83,0,0,1000,2147483647,2147483647)
Skill = (16,0,2147483647,0,0,0,0,0,0,0,0,0,1000,2147483647,2147483647)
Skill = (17,0,2147483647,0,0,0,0,0,3,3,0,0,50,2147483647,2147483647)
Skill = (18,0,2147483647,0,0,0,0,0,0,0,0,0,1000,2147483647,2147483647)
Skill = (19,0,2147483647,0,0,0,0,0,0,0,0,0,1000,2147483647,2147483647)
Skill = (20,0,2147483647,0,0,0,0,0,0,0,0,0,1000,2147483647,2147483647)
Skill = (21,0,2147483647,0,0,0,0,0,0,0,0,0,1000,2147483647,2147483647)
Skill = (22,100,100,0,0,0,0,0,120,120,0,0,0,0,0)
Skill = (23,0,2147483647,0,0,0,0,0,0,0,0,0,1000,2147483647,2147483647)
Skill = (24,0,2147483647,0,0,0,0,0,0,0,0,0,1000,2147483647,2147483647)

Spells      = {10}
QuestValues = {(18,1),(21,1),(22,1),(23,1),(223,1)}
Murders     = {}
