ID              = 9923902
Name            = "Angells Cry"
Race            = 1
Profession      = 3
OriginalOutfit  = 137-85-85-85-85
CurrentOutfit   = 137-85-85-85-85
LastLogin       = 1132098100
LastLogout      = 1132098135
StartPosition   = [32369,32241,7]
CurrentPosition = [32352,32226,7]
PlayerkillerEnd = 0

Skill = (0,13,0,1,0,0,0,0,0,0,1,27609,0,29900,100)
Skill = (1,15,0,0,0,0,0,0,0,0,0,683,1100,718,20)
Skill = (2,210,210,0,0,0,0,0,0,0,5,0,0,0,0)
Skill = (3,65,185,0,0,0,0,0,0,0,30,0,0,0,0)
Skill = (4,82,82,0,0,0,0,0,0,0,1,0,0,0,0)
Skill = (5,520,520,0,0,0,0,0,0,0,10,0,0,0,0)
Skill = (6,16,0,10,0,0,0,0,0,0,0,2712,1500,3217,100)
Skill = (7,10,0,10,0,0,0,0,0,0,0,11,2000,30,30)
Skill = (8,17,0,10,0,0,0,0,0,0,0,7871,2000,12750,50)
Skill = (9,10,0,10,0,0,0,0,0,0,0,9,2000,50,50)
Skill = (10,10,0,10,0,0,0,0,0,0,0,34,2000,50,50)
Skill = (11,11,0,10,0,0,0,0,0,0,0,103,1500,125,50)
Skill = (12,0,2147483647,0,0,0,0,0,0,0,0,0,1000,2147483647,2147483647)
Skill = (13,10,0,10,0,0,0,0,0,0,0,9,1100,20,20)
Skill = (14,0,1200,0,0,0,1072,0,0,0,0,0,0,0,0)
Skill = (15,0,2147483647,0,0,0,0,0,0,0,0,0,1000,2147483647,2147483647)
Skill = (16,0,2147483647,0,0,0,0,0,0,0,0,0,1000,2147483647,2147483647)
Skill = (17,0,2147483647,0,0,0,0,0,0,0,0,0,50,2147483647,2147483647)
Skill = (18,0,2147483647,0,0,0,0,0,0,0,0,0,1000,2147483647,2147483647)
Skill = (19,0,2147483647,0,0,0,0,0,0,0,0,0,1000,2147483647,2147483647)
Skill = (20,0,2147483647,0,0,0,0,0,0,0,0,0,1000,2147483647,2147483647)
Skill = (21,0,2147483647,0,0,0,0,0,0,0,0,0,1000,2147483647,2147483647)
Skill = (22,97,100,0,0,0,0,0,0,0,0,0,0,0,0)
Skill = (23,0,2147483647,0,0,0,0,0,0,0,0,0,1000,2147483647,2147483647)
Skill = (24,0,2147483647,0,0,0,0,0,0,0,0,0,1000,2147483647,2147483647)

Spells      = {1,2,3,7,8,10,16,25,29}
QuestValues = {(21,1),(22,1),(23,1),(35,1),(55,1),(140,1),(141,1),(224,1)}
Murders     = {}
