ID              = 10340343
Name            = "Drak lan'skat"
Race            = 1
Profession      = 1
OriginalOutfit  = 129-79-114-114-114
CurrentOutfit   = 129-79-114-114-114
LastLogin       = 1129153975
LastLogout      = 1129153979
StartPosition   = [32369,32241,7]
CurrentPosition = [32612,31984,7]
PlayerkillerEnd = 0

Skill = (0,9,0,1,0,0,0,0,0,0,1,9118,0,9300,100)
Skill = (1,1,0,0,0,0,0,0,0,0,0,53,3000,80,20)
Skill = (2,200,200,0,0,0,0,0,0,0,15,0,0,0,0)
Skill = (3,40,40,0,0,0,0,0,0,0,5,0,0,0,0)
Skill = (4,78,78,0,0,0,0,0,0,0,1,0,0,0,0)
Skill = (5,495,495,0,0,0,0,0,0,0,25,0,0,0,0)
Skill = (6,30,0,10,0,0,0,0,0,0,0,5943,1100,6400,100)
Skill = (7,10,0,10,0,0,0,0,0,0,0,0,1400,30,30)
Skill = (8,10,0,10,0,0,0,0,0,0,0,0,1100,50,50)
Skill = (9,31,0,10,0,0,0,0,0,0,0,3446,1100,3570,50)
Skill = (10,10,0,10,0,0,0,0,0,0,0,0,1100,50,50)
Skill = (11,10,0,10,0,0,0,0,0,0,0,9,1100,50,50)
Skill = (12,0,2147483647,0,0,0,0,0,0,0,0,0,1000,2147483647,2147483647)
Skill = (13,11,0,10,0,0,0,0,0,0,0,22,1100,42,20)
Skill = (14,0,1200,0,0,0,0,0,0,0,0,0,0,0,0)
Skill = (15,0,2147483647,0,0,0,2,0,18,83,0,0,1000,2147483647,2147483647)
Skill = (16,0,2147483647,0,0,0,0,0,0,0,0,0,1000,2147483647,2147483647)
Skill = (17,0,2147483647,0,0,0,0,0,3,3,0,0,50,2147483647,2147483647)
Skill = (18,0,2147483647,0,0,0,0,0,0,0,0,0,1000,2147483647,2147483647)
Skill = (19,0,2147483647,0,0,0,0,0,0,0,0,0,1000,2147483647,2147483647)
Skill = (20,0,2147483647,0,0,0,0,0,0,0,0,0,1000,2147483647,2147483647)
Skill = (21,0,2147483647,0,0,0,0,0,0,0,0,0,1000,2147483647,2147483647)
Skill = (22,100,100,0,0,0,1,0,86,120,0,0,0,0,0)
Skill = (23,0,2147483647,0,0,0,0,0,0,0,0,0,1000,2147483647,2147483647)
Skill = (24,0,2147483647,0,0,0,0,0,0,0,0,0,1000,2147483647,2147483647)

Spells      = {1,10,20}
QuestValues = {(20,1),(21,1),(22,1),(23,1),(27,1),(32,1),(33,1),(34,1),(59,1),(115,1),(224,1)}
Murders     = {}
