ID              = 8060043
Name            = "Aptanoth"
Race            = 1
Profession      = 3
OriginalOutfit  = 129-39-87-114-95
CurrentOutfit   = 129-39-87-114-95
LastLogin       = 1129325027
LastLogout      = 1129325046
StartPosition   = [32369,32241,7]
CurrentPosition = [32342,32216,7]
PlayerkillerEnd = 0

Skill = (0,11,0,1,0,0,0,0,0,0,1,13656,0,17600,100)
Skill = (1,22,0,0,0,0,0,0,0,0,0,1496,1100,1590,20)
Skill = (2,200,200,0,0,0,0,0,0,0,5,0,0,0,0)
Skill = (3,73,125,0,0,0,0,0,0,0,30,0,0,0,0)
Skill = (4,80,80,0,0,0,0,0,0,0,1,0,0,0,0)
Skill = (5,500,500,0,0,0,0,0,0,0,10,0,0,0,0)
Skill = (6,15,0,10,0,0,0,0,0,0,0,1993,1500,2078,100)
Skill = (7,10,0,10,0,0,0,0,0,0,0,5,2000,30,30)
Skill = (8,11,0,10,0,0,0,0,0,0,0,63,2000,150,50)
Skill = (9,15,0,10,0,0,0,0,0,0,0,1794,2000,3150,50)
Skill = (10,14,0,10,0,0,0,0,0,0,0,916,2000,1550,50)
Skill = (11,14,0,10,0,0,0,0,0,0,0,503,1500,659,50)
Skill = (12,0,2147483647,0,0,0,0,0,0,0,0,0,1000,2147483647,2147483647)
Skill = (13,49,0,10,0,0,0,0,0,0,0,8280,1100,8851,20)
Skill = (14,0,1200,0,0,0,906,0,0,0,0,0,0,0,0)
Skill = (15,0,2147483647,0,0,0,0,0,0,0,0,0,1000,2147483647,2147483647)
Skill = (16,0,2147483647,0,0,0,0,0,0,0,0,0,1000,2147483647,2147483647)
Skill = (17,0,2147483647,0,0,0,0,0,0,0,0,0,50,2147483647,2147483647)
Skill = (18,0,2147483647,0,0,0,0,0,0,0,0,0,1000,2147483647,2147483647)
Skill = (19,0,2147483647,0,0,0,0,0,0,0,0,0,1000,2147483647,2147483647)
Skill = (20,0,2147483647,0,0,0,0,0,0,0,0,0,1000,2147483647,2147483647)
Skill = (21,0,2147483647,0,0,0,0,0,0,0,0,0,1000,2147483647,2147483647)
Skill = (22,64,100,0,0,0,0,0,0,0,0,0,0,0,0)
Skill = (23,0,2147483647,0,0,0,0,0,0,0,0,0,1000,2147483647,2147483647)
Skill = (24,0,2147483647,0,0,0,0,0,0,0,0,0,1000,2147483647,2147483647)

Spells      = {3,8,10,16,20,29,44}
QuestValues = {(20,1),(21,1),(22,1),(23,1),(27,1),(100,1),(109,1)}
Murders     = {1127678604,1128114897,1128540125,1128542329}
