ID              = 8168543
Name            = "Dreak Fanel"
Race            = 1
Profession      = 4
OriginalOutfit  = 128-38-114-114-114
CurrentOutfit   = 128-38-114-114-114
LastLogin       = 1131825309
LastLogout      = 1131826174
StartPosition   = [32957,32076,7]
CurrentPosition = [32648,31911,8]
PlayerkillerEnd = 0

Skill = (0,11,0,1,0,0,0,0,0,0,1,16401,0,17600,100)
Skill = (1,31,0,0,0,0,0,0,0,0,0,4013,1100,4022,20)
Skill = (2,153,200,0,0,0,0,0,0,0,5,0,0,0,0)
Skill = (3,93,125,0,0,0,0,0,0,0,30,0,0,0,0)
Skill = (4,80,80,0,0,0,0,0,0,0,1,0,0,0,0)
Skill = (5,500,500,0,0,0,0,0,0,0,10,0,0,0,0)
Skill = (6,18,0,10,0,0,0,0,0,0,0,5709,1500,7488,100)
Skill = (7,10,0,10,0,0,0,0,0,0,0,1,1800,30,30)
Skill = (8,16,0,10,0,0,0,0,0,0,0,2163,1800,3763,50)
Skill = (9,17,0,10,0,0,0,0,0,0,0,4743,1800,6824,50)
Skill = (10,10,0,10,0,0,0,0,0,0,0,0,1800,50,50)
Skill = (11,17,0,10,0,0,0,0,0,0,0,1968,1500,2462,50)
Skill = (12,0,2147483647,0,0,0,0,0,0,0,0,0,1000,2147483647,2147483647)
Skill = (13,29,0,10,0,0,0,0,0,0,0,1136,1100,1145,20)
Skill = (14,0,1200,0,0,0,0,0,0,0,0,0,0,0,0)
Skill = (15,0,2147483647,0,0,0,0,0,0,0,0,0,1000,2147483647,2147483647)
Skill = (16,0,2147483647,0,0,0,0,0,0,0,0,0,1000,2147483647,2147483647)
Skill = (17,0,2147483647,0,0,0,0,0,0,0,0,0,50,2147483647,2147483647)
Skill = (18,0,2147483647,0,0,0,0,0,0,0,0,0,1000,2147483647,2147483647)
Skill = (19,0,2147483647,0,0,0,0,0,0,0,0,0,1000,2147483647,2147483647)
Skill = (20,0,2147483647,0,0,0,0,0,0,0,0,0,1000,2147483647,2147483647)
Skill = (21,0,2147483647,0,0,0,0,0,0,0,0,0,1000,2147483647,2147483647)
Skill = (22,100,100,0,0,0,0,0,0,0,0,0,0,0,0)
Skill = (23,0,2147483647,0,0,0,0,0,0,0,0,0,1000,2147483647,2147483647)
Skill = (24,0,2147483647,0,0,0,0,0,0,0,0,0,1000,2147483647,2147483647)

Spells      = {1,2,5,8,10,16,42}
QuestValues = {(20,1),(32,1),(33,1),(34,1)}
Murders     = {}
