ID              = 8215043
Name            = "Sigos Amid"
Race            = 1
Profession      = 1
OriginalOutfit  = 128-114-90-88-0
CurrentOutfit   = 128-114-90-88-0
LastLogin       = 1132023245
LastLogout      = 1132023254
StartPosition   = [32732,31634,7]
CurrentPosition = [32730,31632,7]
PlayerkillerEnd = 1133936184

Skill = (0,22,0,1,0,0,0,0,0,0,1,138968,0,156200,100)
Skill = (1,3,0,0,0,0,0,0,0,0,0,672,3000,800,20)
Skill = (2,395,395,0,0,0,0,0,0,0,15,0,0,0,0)
Skill = (3,105,105,0,0,0,0,0,0,0,5,0,0,0,0)
Skill = (4,91,91,0,0,0,0,0,0,0,1,0,0,0,0)
Skill = (5,820,820,0,0,0,0,0,0,0,25,0,0,0,0)
Skill = (6,48,0,10,0,0,0,0,0,0,0,36866,1100,40144,100)
Skill = (7,10,0,10,0,0,0,0,0,0,0,15,1400,30,30)
Skill = (8,10,0,10,0,0,0,0,0,0,0,17,1100,50,50)
Skill = (9,54,0,10,0,0,0,0,0,0,0,35271,1100,35945,50)
Skill = (10,10,0,10,0,0,0,0,0,0,0,20,1100,50,50)
Skill = (11,10,0,10,0,0,0,0,0,0,0,34,1100,50,50)
Skill = (12,0,2147483647,0,0,0,0,0,0,0,0,0,1000,2147483647,2147483647)
Skill = (13,19,0,10,0,0,0,0,0,0,0,285,1100,318,20)
Skill = (14,0,1200,0,0,0,0,0,0,0,0,0,0,0,0)
Skill = (15,0,2147483647,0,0,0,0,0,0,0,0,0,1000,2147483647,2147483647)
Skill = (16,0,2147483647,0,0,0,0,0,0,0,0,0,1000,2147483647,2147483647)
Skill = (17,0,2147483647,0,0,0,0,0,0,0,0,0,50,2147483647,2147483647)
Skill = (18,0,2147483647,0,0,0,0,0,0,0,0,0,1000,2147483647,2147483647)
Skill = (19,0,2147483647,0,0,0,0,0,0,0,0,0,1000,2147483647,2147483647)
Skill = (20,0,2147483647,0,0,0,0,0,0,0,0,0,1000,2147483647,2147483647)
Skill = (21,0,2147483647,0,0,0,0,0,0,0,0,0,1000,2147483647,2147483647)
Skill = (22,100,100,0,0,0,0,0,0,0,0,0,0,0,0)
Skill = (23,0,2147483647,0,0,0,0,0,0,0,0,0,1000,2147483647,2147483647)
Skill = (24,0,2147483647,0,0,0,0,0,0,0,0,0,1000,2147483647,2147483647)

Spells      = {1,10,20,29}
QuestValues = {(14,1),(15,1),(16,1),(18,1),(20,1),(21,1),(22,1),(23,1),(35,1),(54,1),(59,1),(60,1),(61,1),(93,1),(94,1),(95,1),(96,1),(97,1),(98,1),(125,1),(126,1),(190,1),(191,1),(208,1),(223,1)}
Murders     = {1129496636,1130812523,1131340863,1131343506,1131344184}
