ID              = 8330143
Name            = "Drethilo Elwont"
Race            = 1
Profession      = 14
OriginalOutfit  = 134-59-78-97-116
CurrentOutfit   = 134-59-78-97-116
LastLogin       = 1132091052
LastLogout      = 1132091059
StartPosition   = [32369,32241,7]
CurrentPosition = [32302,32231,7]
PlayerkillerEnd = 1133400688

Skill = (0,18,0,1,0,0,0,0,0,0,1,82170,0,83400,100)
Skill = (1,26,0,0,0,0,0,0,0,0,0,2312,1100,2421,20)
Skill = (2,52,235,0,0,0,0,0,0,0,5,0,0,0,0)
Skill = (3,0,335,0,0,0,0,0,0,0,30,0,0,0,0)
Skill = (4,87,87,0,0,0,0,0,0,0,1,0,0,0,0)
Skill = (5,570,570,0,0,0,0,0,0,0,10,0,0,0,0)
Skill = (6,20,0,10,0,0,0,0,0,0,0,13423,1500,17099,100)
Skill = (7,10,0,10,0,0,0,0,0,0,0,21,1800,30,30)
Skill = (8,12,0,10,0,0,0,0,0,0,0,208,1800,302,50)
Skill = (9,18,0,10,0,0,0,0,0,0,0,9415,1800,12334,50)
Skill = (10,12,0,10,0,0,0,0,0,0,0,140,1800,302,50)
Skill = (11,14,0,10,0,0,0,0,0,0,0,427,1500,659,50)
Skill = (12,0,2147483647,0,0,0,0,0,0,0,0,0,1000,2147483647,2147483647)
Skill = (13,42,0,10,0,0,0,0,0,0,0,4103,1100,4445,20)
Skill = (14,0,1200,0,0,0,0,0,0,0,0,0,0,0,0)
Skill = (15,0,2147483647,0,0,0,0,0,0,0,0,0,1000,2147483647,2147483647)
Skill = (16,0,2147483647,0,0,0,0,0,0,0,0,0,1000,2147483647,2147483647)
Skill = (17,0,2147483647,0,0,0,0,0,3,3,0,0,50,2147483647,2147483647)
Skill = (18,0,2147483647,0,0,0,0,0,0,0,0,0,1000,2147483647,2147483647)
Skill = (19,0,2147483647,0,0,0,0,0,0,0,0,0,1000,2147483647,2147483647)
Skill = (20,0,2147483647,0,0,0,0,0,0,0,0,0,1000,2147483647,2147483647)
Skill = (21,0,2147483647,0,0,0,0,0,0,0,0,0,1000,2147483647,2147483647)
Skill = (22,200,200,0,0,0,0,0,0,0,0,0,0,0,0)
Skill = (23,0,2147483647,0,0,0,0,0,0,0,0,0,1000,2147483647,2147483647)
Skill = (24,0,2147483647,0,0,0,0,0,0,0,0,0,1000,2147483647,2147483647)

Spells      = {1,3,5,8,9,10,16,18,20,25,29,32,39,42,44,45,76}
QuestValues = {(20,1),(21,1),(22,1),(23,1),(32,1),(33,1),(34,1),(55,1),(58,1),(60,1),(69,1),(72,1),(73,1),(74,1),(75,1),(88,1),(89,1),(90,1),(96,1),(97,1),(98,1),(109,1),(115,1),(134,1),(140,1),(141,1),(190,1),(191,1),(226,1),(253,1),(254,1)}
Murders     = {1130522557,1130522613,1130807709,1130807778,1130807824,1130807857,1130808688,1131616159}
