ID              = 8479043
Name            = "Yun Jang"
Race            = 1
Profession      = 1
OriginalOutfit  = 131-114-114-114-114
CurrentOutfit   = 131-114-114-114-114
LastLogin       = 1116630813
LastLogout      = 1116630847
StartPosition   = [32369,32241,7]
CurrentPosition = [32369,32241,7]
PlayerkillerEnd = 0

Skill = (0,7,0,1,0,0,0,0,0,0,1,4092,0,4200,100)
Skill = (1,0,0,0,0,0,0,0,0,0,0,0,3000,20,20)
Skill = (2,170,170,0,0,0,0,0,0,0,15,0,0,0,0)
Skill = (3,30,30,0,0,0,0,0,0,0,5,0,0,0,0)
Skill = (4,76,76,0,0,0,0,0,0,0,1,0,0,0,0)
Skill = (5,445,445,0,0,0,0,0,0,0,25,0,0,0,0)
Skill = (6,16,0,10,0,0,0,0,0,0,0,937,1100,948,100)
Skill = (7,10,0,10,0,0,0,0,0,0,0,4,1400,30,30)
Skill = (8,17,0,10,0,0,0,0,0,0,0,501,1100,571,50)
Skill = (9,11,0,10,0,0,0,0,0,0,0,52,1100,105,50)
Skill = (10,11,0,10,0,0,0,0,0,0,0,90,1100,105,50)
Skill = (11,10,0,10,0,0,0,0,0,0,0,8,1100,50,50)
Skill = (12,0,2147483647,0,0,0,0,0,0,0,0,0,1000,2147483647,2147483647)
Skill = (13,18,0,10,0,0,0,0,0,0,0,245,1100,271,20)
Skill = (14,0,1200,0,0,0,336,0,0,0,0,0,0,0,0)
Skill = (15,0,2147483647,0,0,0,0,0,0,0,0,0,1000,2147483647,2147483647)
Skill = (16,0,2147483647,0,0,0,0,0,0,0,0,0,1000,2147483647,2147483647)
Skill = (17,0,2147483647,0,0,0,0,0,0,0,0,0,50,2147483647,2147483647)
Skill = (18,0,2147483647,0,0,0,0,0,0,0,0,0,1000,2147483647,2147483647)
Skill = (19,0,2147483647,0,0,0,0,0,0,0,0,0,1000,2147483647,2147483647)
Skill = (20,0,2147483647,0,0,0,0,0,0,0,0,0,1000,2147483647,2147483647)
Skill = (21,0,2147483647,0,0,0,0,0,0,0,0,0,1000,2147483647,2147483647)
Skill = (22,200,200,0,0,0,0,0,0,0,0,0,0,0,0)
Skill = (23,0,2147483647,0,0,0,0,0,0,0,0,0,1000,2147483647,2147483647)
Skill = (24,0,2147483647,0,0,0,0,0,0,0,0,0,1000,2147483647,2147483647)

Spells      = {}
QuestValues = {(18,1),(27,1),(59,1),(223,1)}
Murders     = {}
