ID              = 8860843
Name            = "Sir Thari Romeo"
Race            = 1
Profession      = 2
OriginalOutfit  = 128-114-114-114-114
CurrentOutfit   = 128-114-114-114-114
LastLogin       = 1132078424
LastLogout      = 1132078974
StartPosition   = [32649,31925,11]
CurrentPosition = [32645,31915,8]
PlayerkillerEnd = 1132960323

Skill = (0,28,0,1,0,0,0,0,0,0,1,296449,0,330400,100)
Skill = (1,9,0,0,0,0,0,0,0,0,0,1281,1400,1396,20)
Skill = (2,383,385,0,0,0,0,0,0,0,10,0,0,0,0)
Skill = (3,335,335,0,0,0,0,0,0,0,15,0,0,0,0)
Skill = (4,97,97,0,0,0,0,0,0,0,1,0,0,0,0)
Skill = (5,870,870,0,0,0,0,0,0,0,20,0,0,0,0)
Skill = (6,26,0,10,0,0,0,0,0,0,0,3960,1100,4054,100)
Skill = (7,58,0,10,0,0,0,0,0,0,0,30870,1100,31715,30)
Skill = (8,10,0,10,0,0,0,0,0,0,0,0,1200,50,50)
Skill = (9,10,0,10,0,0,0,0,0,0,0,27,1200,50,50)
Skill = (10,10,0,10,0,0,0,0,0,0,0,0,1200,50,50)
Skill = (11,13,0,10,0,0,0,0,0,0,0,219,1200,268,50)
Skill = (12,0,2147483647,0,0,0,0,0,0,0,0,0,1000,2147483647,2147483647)
Skill = (13,30,0,10,0,0,0,0,0,0,0,1252,1100,1280,20)
Skill = (14,0,1200,0,0,0,0,0,0,0,0,0,0,0,0)
Skill = (15,0,2147483647,0,0,0,0,0,0,0,0,0,1000,2147483647,2147483647)
Skill = (16,0,2147483647,0,0,0,0,0,0,0,0,0,1000,2147483647,2147483647)
Skill = (17,0,2147483647,0,0,0,0,0,0,0,0,0,50,2147483647,2147483647)
Skill = (18,0,2147483647,0,0,0,0,0,0,0,0,0,1000,2147483647,2147483647)
Skill = (19,0,2147483647,0,0,0,0,0,0,0,0,0,1000,2147483647,2147483647)
Skill = (20,0,2147483647,0,0,0,0,0,0,0,0,0,1000,2147483647,2147483647)
Skill = (21,0,2147483647,0,0,0,0,0,0,0,0,0,1000,2147483647,2147483647)
Skill = (22,100,100,0,0,0,0,0,0,0,0,0,0,0,0)
Skill = (23,0,2147483647,0,0,0,0,0,0,0,0,0,1000,2147483647,2147483647)
Skill = (24,0,2147483647,0,0,0,0,0,0,0,0,0,1000,2147483647,2147483647)

Spells      = {1,3,8,10,20,29,51}
QuestValues = {(27,1),(69,1),(77,1),(78,1),(93,1),(94,1),(95,1),(96,1),(97,1),(99,1),(121,1),(153,1),(190,1),(191,1),(224,1)}
Murders     = {1129661396,1129661412,1129662115,1129690109,1129693432,1129751412,1129753376,1129755531,1129755697,1130368323}
