ID              = 9739643
Name            = "Ikit Enlas"
Race            = 1
Profession      = 4
OriginalOutfit  = 130-57-19-19-0
CurrentOutfit   = 130-57-19-19-0
LastLogin       = 1132069960
LastLogout      = 1132070088
StartPosition   = [32360,31782,7]
CurrentPosition = [32340,31785,7]
PlayerkillerEnd = 0

Skill = (0,17,0,1,0,0,0,0,0,0,1,58330,0,69700,100)
Skill = (1,21,0,0,0,0,0,0,0,0,0,1402,1100,1428,20)
Skill = (2,230,230,0,0,0,0,0,0,0,5,0,0,0,0)
Skill = (3,82,305,0,0,0,0,0,0,0,30,0,0,0,0)
Skill = (4,86,86,0,0,0,0,0,0,0,1,0,0,0,0)
Skill = (5,560,560,0,0,0,0,0,0,0,10,0,0,0,0)
Skill = (6,22,0,10,0,0,0,0,0,0,0,26648,1500,38723,100)
Skill = (7,10,0,10,0,0,0,0,0,0,0,12,1800,30,30)
Skill = (8,15,0,10,0,0,0,0,0,0,0,1576,1800,2063,50)
Skill = (9,19,0,10,0,0,0,0,0,0,0,18790,1800,22252,50)
Skill = (10,10,0,10,0,0,0,0,0,0,0,0,1800,50,50)
Skill = (11,12,0,10,0,0,0,0,0,0,0,235,1500,237,50)
Skill = (12,0,2147483647,0,0,0,0,0,0,0,0,0,1000,2147483647,2147483647)
Skill = (13,42,0,10,0,0,0,0,0,0,0,4166,1100,4445,20)
Skill = (14,0,1200,0,0,0,0,0,0,0,0,0,0,0,0)
Skill = (15,0,2147483647,0,0,0,0,0,83,83,0,0,1000,2147483647,2147483647)
Skill = (16,0,2147483647,0,0,0,0,0,0,0,0,0,1000,2147483647,2147483647)
Skill = (17,0,2147483647,0,0,0,0,0,3,3,0,0,50,2147483647,2147483647)
Skill = (18,0,2147483647,0,0,0,0,0,8,8,0,0,1000,2147483647,2147483647)
Skill = (19,0,2147483647,0,0,0,0,0,0,0,0,0,1000,2147483647,2147483647)
Skill = (20,0,2147483647,0,0,0,0,0,0,0,0,0,1000,2147483647,2147483647)
Skill = (21,0,2147483647,0,0,0,0,0,0,0,0,0,1000,2147483647,2147483647)
Skill = (22,77,100,0,0,0,0,0,120,120,0,0,0,0,0)
Skill = (23,0,2147483647,0,0,0,0,0,0,0,0,0,1000,2147483647,2147483647)
Skill = (24,0,2147483647,0,0,0,0,0,0,0,0,0,1000,2147483647,2147483647)

Spells      = {1,5,7,8,10,12,15,25,29,42}
QuestValues = {(18,1),(20,1),(21,1),(22,1),(23,1),(32,1),(33,1),(34,1),(59,1),(60,1),(61,1),(125,1),(126,1),(223,1),(224,1)}
Murders     = {}
