ID              = 10248152
Name            = "Yode Lykas"
Race            = 1
Profession      = 2
OriginalOutfit  = 129-0-94-0-94
CurrentOutfit   = 129-0-94-0-94
LastLogin       = 1132073250
LastLogout      = 1132073720
StartPosition   = [32360,31782,7]
CurrentPosition = [32332,31783,6]
PlayerkillerEnd = 0

Skill = (0,10,0,1,0,0,0,0,0,0,1,11720,0,13000,100)
Skill = (1,6,0,0,0,0,0,0,0,0,0,363,1400,477,20)
Skill = (2,162,205,0,0,0,0,0,0,0,10,0,0,0,0)
Skill = (3,38,65,0,0,0,0,0,0,0,15,0,0,0,0)
Skill = (4,79,79,0,0,0,0,0,0,0,1,0,0,0,0)
Skill = (5,510,510,0,0,0,0,0,0,0,20,0,0,0,0)
Skill = (6,27,0,10,0,0,0,0,0,0,0,4528,1100,4559,100)
Skill = (7,32,0,10,0,0,0,0,0,0,0,2199,1100,2386,30)
Skill = (8,22,0,10,0,0,0,0,0,0,0,2171,1200,2424,50)
Skill = (9,12,0,10,0,0,0,0,0,0,0,128,1200,181,50)
Skill = (10,12,0,10,0,0,0,0,0,0,0,146,1200,181,50)
Skill = (11,16,0,10,0,0,0,0,0,0,0,582,1200,645,50)
Skill = (12,0,2147483647,0,0,0,0,0,0,0,0,0,1000,2147483647,2147483647)
Skill = (13,10,0,10,0,0,0,0,0,0,0,0,1100,20,20)
Skill = (14,0,1200,0,0,0,273,0,0,0,0,0,0,0,0)
Skill = (15,0,2147483647,0,0,0,0,0,83,83,0,0,1000,2147483647,2147483647)
Skill = (16,0,2147483647,0,0,0,0,0,0,0,0,0,1000,2147483647,2147483647)
Skill = (17,0,2147483647,0,0,0,0,0,3,3,0,0,50,2147483647,2147483647)
Skill = (18,0,2147483647,0,0,0,0,0,0,0,0,0,1000,2147483647,2147483647)
Skill = (19,0,2147483647,0,0,0,0,0,0,0,0,0,1000,2147483647,2147483647)
Skill = (20,0,2147483647,0,0,0,0,0,0,0,0,0,1000,2147483647,2147483647)
Skill = (21,0,2147483647,0,0,0,0,0,0,0,0,0,1000,2147483647,2147483647)
Skill = (22,56,100,0,0,0,0,0,120,120,0,0,0,0,0)
Skill = (23,0,2147483647,0,0,0,0,0,0,0,0,0,1000,2147483647,2147483647)
Skill = (24,0,2147483647,0,0,0,0,0,0,0,0,0,1000,2147483647,2147483647)

Spells      = {10,15,30,42,51}
QuestValues = {}
Murders     = {1129668580}
