ID              = 10317252
Name            = "Amaranixus Caell"
Race            = 1
Profession      = 2
OriginalOutfit  = 129-114-119-0-94
CurrentOutfit   = 129-114-119-0-94
LastLogin       = 1126039776
LastLogout      = 1126040613
StartPosition   = [32360,31782,7]
CurrentPosition = [32337,31787,7]
PlayerkillerEnd = 0

Skill = (0,7,0,1,0,0,0,0,0,0,1,4022,0,4200,100)
Skill = (1,0,0,0,0,0,0,0,0,0,0,0,1400,20,20)
Skill = (2,2,175,0,0,0,0,0,0,0,10,0,0,0,0)
Skill = (3,20,20,0,0,0,0,0,0,0,15,0,0,0,0)
Skill = (4,76,76,0,0,0,0,0,0,0,1,0,0,0,0)
Skill = (5,450,450,0,0,0,0,0,0,0,20,0,0,0,0)
Skill = (6,16,0,10,0,0,0,0,0,0,0,928,1100,948,100)
Skill = (7,10,0,10,0,0,0,0,0,0,0,0,1100,30,30)
Skill = (8,16,0,10,0,0,0,0,0,0,0,510,1200,645,50)
Skill = (9,11,0,10,0,0,0,0,0,0,0,73,1200,109,50)
Skill = (10,10,0,10,0,0,0,0,0,0,0,7,1200,50,50)
Skill = (11,10,0,10,0,0,0,0,0,0,0,5,1200,50,50)
Skill = (12,0,2147483647,0,0,0,0,0,0,0,0,0,1000,2147483647,2147483647)
Skill = (13,14,0,10,0,0,0,0,0,0,0,99,1100,122,20)
Skill = (14,0,1200,0,0,0,0,0,0,0,0,0,0,0,0)
Skill = (15,0,2147483647,0,0,0,0,0,0,0,0,0,1000,2147483647,2147483647)
Skill = (16,0,2147483647,0,0,0,0,0,0,0,0,0,1000,2147483647,2147483647)
Skill = (17,0,2147483647,0,0,0,0,0,3,3,0,0,50,2147483647,2147483647)
Skill = (18,0,2147483647,0,0,0,0,0,8,8,0,0,1000,2147483647,2147483647)
Skill = (19,0,2147483647,0,0,0,0,0,0,0,0,0,1000,2147483647,2147483647)
Skill = (20,0,2147483647,0,0,0,0,0,0,0,0,0,1000,2147483647,2147483647)
Skill = (21,0,2147483647,0,0,0,0,0,0,0,0,0,1000,2147483647,2147483647)
Skill = (22,100,100,0,0,0,1,0,36,120,0,0,0,0,0)
Skill = (23,0,2147483647,0,0,0,0,0,0,0,0,0,1000,2147483647,2147483647)
Skill = (24,0,2147483647,0,0,0,0,0,0,0,0,0,1000,2147483647,2147483647)

Spells      = {}
QuestValues = {(18,1),(21,1),(22,1),(23,1),(35,1),(59,1),(223,1)}
Murders     = {}
