ID              = 10895452
Name            = "Dark Lotoss"
Race            = 1
Profession      = 2
OriginalOutfit  = 129-114-114-114-114
CurrentOutfit   = 129-114-114-114-114
LastLogin       = 1132147162
LastLogout      = 1132147853
StartPosition   = [32369,32241,7]
CurrentPosition = [32425,32201,12]
PlayerkillerEnd = 0

Skill = (0,10,0,1,0,0,0,0,0,0,1,10582,0,13000,100)
Skill = (1,4,0,0,0,0,0,0,0,0,0,154,1400,218,20)
Skill = (2,0,205,0,0,0,0,0,0,0,10,0,0,0,0)
Skill = (3,65,65,0,0,0,0,0,0,0,15,0,0,0,0)
Skill = (4,79,79,0,0,0,0,0,0,0,1,0,0,0,0)
Skill = (5,510,510,0,0,0,0,0,0,0,20,0,0,0,0)
Skill = (6,24,0,10,0,0,0,0,0,0,0,2835,1100,3177,100)
Skill = (7,30,0,10,0,0,0,0,0,0,0,1904,1100,1920,30)
Skill = (8,21,0,10,0,0,0,0,0,0,0,1735,1200,1979,50)
Skill = (9,10,0,10,0,0,0,0,0,0,0,49,1200,50,50)
Skill = (10,10,0,10,0,0,0,0,0,0,0,0,1200,50,50)
Skill = (11,12,0,10,0,0,0,0,0,0,0,122,1200,181,50)
Skill = (12,0,2147483647,0,0,0,0,0,0,0,0,0,1000,2147483647,2147483647)
Skill = (13,10,0,10,0,0,0,0,0,0,0,0,1100,20,20)
Skill = (14,0,1200,0,0,0,0,0,0,0,0,0,0,0,0)
Skill = (15,0,2147483647,0,0,0,0,0,0,0,0,0,1000,2147483647,2147483647)
Skill = (16,0,2147483647,0,0,0,0,0,0,0,0,0,1000,2147483647,2147483647)
Skill = (17,0,2147483647,0,0,0,0,0,0,0,0,0,50,2147483647,2147483647)
Skill = (18,0,2147483647,0,0,0,0,0,0,0,0,0,1000,2147483647,2147483647)
Skill = (19,0,2147483647,0,0,0,0,0,0,0,0,0,1000,2147483647,2147483647)
Skill = (20,0,2147483647,0,0,0,0,0,0,0,0,0,1000,2147483647,2147483647)
Skill = (21,0,2147483647,0,0,0,0,0,0,0,0,0,1000,2147483647,2147483647)
Skill = (22,100,100,0,0,0,0,0,0,0,0,0,0,0,0)
Skill = (23,0,2147483647,0,0,0,0,0,0,0,0,0,1000,2147483647,2147483647)
Skill = (24,0,2147483647,0,0,0,0,0,0,0,0,0,1000,2147483647,2147483647)

Spells      = {2,10,29,42,51}
QuestValues = {(17,1),(18,1),(21,1),(22,1),(23,1),(27,1),(32,1),(33,1)}
Murders     = {}
