ID              = 9453852
Name            = "Manitusiek"
Race            = 1
Profession      = 1
OriginalOutfit  = 129-0-107-126-126
CurrentOutfit   = 129-0-107-126-126
LastLogin       = 1121773044
LastLogout      = 1121776107
StartPosition   = [32649,31925,11]
CurrentPosition = [32649,31925,11]
PlayerkillerEnd = 0

Skill = (0,10,0,1,0,0,0,0,0,0,1,11772,0,13000,100)
Skill = (1,1,0,0,0,0,0,0,0,0,0,63,3000,80,20)
Skill = (2,-15,215,0,0,0,0,0,0,0,15,0,0,0,0)
Skill = (3,11,45,0,0,0,0,0,0,0,5,0,0,0,0)
Skill = (4,79,79,0,0,0,0,0,0,0,1,0,0,0,0)
Skill = (5,520,520,0,0,0,0,0,0,0,25,0,0,0,0)
Skill = (6,29,0,10,0,0,0,0,0,0,0,5612,1100,5727,100)
Skill = (7,10,0,10,0,0,0,0,0,0,0,0,1400,30,30)
Skill = (8,33,0,10,0,0,0,0,0,0,0,4063,1100,4424,50)
Skill = (9,12,0,10,0,0,0,0,0,0,0,106,1100,165,50)
Skill = (10,10,0,10,0,0,0,0,0,0,0,38,1100,50,50)
Skill = (11,10,0,10,0,0,0,0,0,0,0,2,1100,50,50)
Skill = (12,0,2147483647,0,0,0,0,0,0,0,0,0,1000,2147483647,2147483647)
Skill = (13,18,0,10,0,0,0,0,0,0,0,265,1100,271,20)
Skill = (14,0,1200,0,0,0,1021,0,0,0,0,0,0,0,0)
Skill = (15,0,2147483647,0,0,0,6,0,77,83,0,0,1000,2147483647,2147483647)
Skill = (16,0,2147483647,0,0,0,0,0,0,0,0,0,1000,2147483647,2147483647)
Skill = (17,0,2147483647,0,0,0,0,0,3,3,0,0,50,2147483647,2147483647)
Skill = (18,0,2147483647,0,0,0,0,0,8,8,0,0,1000,2147483647,2147483647)
Skill = (19,0,2147483647,0,0,0,0,0,0,0,0,0,1000,2147483647,2147483647)
Skill = (20,0,2147483647,0,0,0,0,0,0,0,0,0,1000,2147483647,2147483647)
Skill = (21,0,2147483647,0,0,0,0,0,0,0,0,0,1000,2147483647,2147483647)
Skill = (22,200,200,0,0,0,0,0,0,0,0,0,0,0,0)
Skill = (23,0,2147483647,0,0,0,0,0,0,0,0,0,1000,2147483647,2147483647)
Skill = (24,0,2147483647,0,0,0,0,0,0,0,0,0,1000,2147483647,2147483647)

Spells      = {10}
QuestValues = {(18,1),(20,1),(21,1),(22,1),(23,1),(32,1),(33,1),(34,1),(35,1),(223,1)}
Murders     = {}
