ID              = 9537852
Name            = "Ralmah Liluka"
Race            = 1
Profession      = 1
OriginalOutfit  = 137-113-77-77-77
CurrentOutfit   = 137-113-77-77-77
LastLogin       = 1132095847
LastLogout      = 1132097871
StartPosition   = [32957,32076,7]
CurrentPosition = [32919,32081,7]
PlayerkillerEnd = 0

Skill = (0,17,0,1,0,0,0,0,0,0,1,61037,0,69700,100)
Skill = (1,2,0,0,0,0,0,0,0,0,0,109,3000,260,20)
Skill = (2,214,320,0,0,0,0,0,0,0,15,0,0,0,0)
Skill = (3,80,80,0,0,0,0,0,0,0,5,0,0,0,0)
Skill = (4,86,86,0,0,0,0,0,0,0,1,0,0,0,0)
Skill = (5,695,695,0,0,0,0,0,0,0,25,0,0,0,0)
Skill = (6,35,0,10,0,0,0,0,0,0,0,10735,1100,10918,100)
Skill = (7,10,0,10,0,0,0,0,0,0,0,0,1400,30,30)
Skill = (8,16,0,10,0,0,0,0,0,0,0,469,1100,474,50)
Skill = (9,40,0,10,0,0,0,0,0,0,0,8873,1100,9097,50)
Skill = (10,10,0,10,0,0,0,0,0,0,0,27,1100,50,50)
Skill = (11,13,0,10,0,0,0,0,0,0,0,197,1100,232,50)
Skill = (12,0,2147483647,0,0,0,0,0,0,0,0,0,1000,2147483647,2147483647)
Skill = (13,20,0,10,0,0,0,0,0,0,0,335,1100,370,20)
Skill = (14,0,1200,0,0,0,0,0,0,0,0,0,0,0,0)
Skill = (15,0,2147483647,0,0,0,0,0,83,83,0,0,1000,2147483647,2147483647)
Skill = (16,0,2147483647,0,0,0,0,0,0,0,0,0,1000,2147483647,2147483647)
Skill = (17,0,2147483647,0,0,0,0,0,3,3,0,0,50,2147483647,2147483647)
Skill = (18,0,2147483647,0,0,0,0,0,8,8,0,0,1000,2147483647,2147483647)
Skill = (19,0,2147483647,0,0,0,0,0,0,0,0,0,1000,2147483647,2147483647)
Skill = (20,0,2147483647,0,0,0,0,0,120,120,0,0,1000,2147483647,2147483647)
Skill = (21,0,2147483647,0,0,0,0,0,0,0,0,0,1000,2147483647,2147483647)
Skill = (22,100,100,0,0,0,0,0,120,120,0,0,0,0,0)
Skill = (23,0,2147483647,0,0,0,0,0,0,0,0,0,1000,2147483647,2147483647)
Skill = (24,0,2147483647,0,0,0,0,0,0,0,0,0,1000,2147483647,2147483647)

Spells      = {1,10,20}
QuestValues = {(18,1),(35,1),(59,1),(96,1),(97,1),(98,1),(106,1),(107,1)}
Murders     = {}
