ID              = 9996252
Name            = "Davidus Hariyus"
Race            = 1
Profession      = 3
OriginalOutfit  = 142-0-94-83-0
CurrentOutfit   = 142-0-94-83-0
LastLogin       = 1131633102
LastLogout      = 1131633240
StartPosition   = [32649,31925,11]
CurrentPosition = [33214,32450,7]
PlayerkillerEnd = 0

Skill = (0,9,0,1,0,0,0,0,0,0,1,8227,0,9300,100)
Skill = (1,4,0,0,0,0,0,0,0,0,0,118,1100,122,20)
Skill = (2,190,190,0,0,0,0,0,0,0,5,0,0,0,0)
Skill = (3,7,65,0,0,0,0,0,0,0,30,0,0,0,0)
Skill = (4,78,78,0,0,0,0,0,0,0,1,0,0,0,0)
Skill = (5,480,480,0,0,0,0,0,0,0,10,0,0,0,0)
Skill = (6,17,0,10,0,0,0,0,0,0,0,3550,1500,4925,100)
Skill = (7,10,0,10,0,0,0,0,0,0,0,13,2000,30,30)
Skill = (8,11,0,10,0,0,0,0,0,0,0,97,2000,150,50)
Skill = (9,16,0,10,0,0,0,0,0,0,0,3274,2000,6350,50)
Skill = (10,11,0,10,0,0,0,0,0,0,0,116,2000,150,50)
Skill = (11,10,0,10,0,0,0,0,0,0,0,2,1500,50,50)
Skill = (12,0,2147483647,0,0,0,0,0,0,0,0,0,1000,2147483647,2147483647)
Skill = (13,16,0,10,0,0,0,0,0,0,0,181,1100,189,20)
Skill = (14,0,1200,0,0,0,0,0,0,0,0,0,0,0,0)
Skill = (15,0,2147483647,0,0,0,5,0,9,83,0,0,1000,2147483647,2147483647)
Skill = (16,0,2147483647,0,0,0,0,0,0,0,0,0,1000,2147483647,2147483647)
Skill = (17,0,2147483647,0,0,0,0,0,0,0,0,0,50,2147483647,2147483647)
Skill = (18,0,2147483647,0,0,0,0,0,0,0,0,0,1000,2147483647,2147483647)
Skill = (19,0,2147483647,0,0,0,0,0,0,0,0,0,1000,2147483647,2147483647)
Skill = (20,0,2147483647,0,0,0,0,0,0,0,0,0,1000,2147483647,2147483647)
Skill = (21,0,2147483647,0,0,0,0,0,0,0,0,0,1000,2147483647,2147483647)
Skill = (22,100,100,0,0,0,0,0,120,120,0,0,0,0,0)
Skill = (23,0,2147483647,0,0,0,0,0,0,0,0,0,1000,2147483647,2147483647)
Skill = (24,0,2147483647,0,0,0,0,0,0,0,0,0,1000,2147483647,2147483647)

Spells      = {1,8,10,11,25}
QuestValues = {(20,1),(21,1),(22,1),(23,1),(59,1)}
Murders     = {}
