ID              = 10354480
Name            = "Ragon Ever"
Race            = 1
Profession      = 1
OriginalOutfit  = 129-0-87-114-87
CurrentOutfit   = 129-0-87-114-87
LastLogin       = 1131585831
LastLogout      = 1131586184
StartPosition   = [32360,31782,7]
CurrentPosition = [32338,31778,6]
PlayerkillerEnd = 0

Skill = (0,14,0,1,0,0,0,0,0,0,1,34518,0,37800,100)
Skill = (1,2,0,0,0,0,0,0,0,0,0,124,3000,260,20)
Skill = (2,265,265,0,0,0,0,0,0,0,15,0,0,0,0)
Skill = (3,54,65,0,0,0,0,0,0,0,5,0,0,0,0)
Skill = (4,83,83,0,0,0,0,0,0,0,1,0,0,0,0)
Skill = (5,605,605,0,0,0,0,0,0,0,25,0,0,0,0)
Skill = (6,38,0,10,0,0,0,0,0,0,0,14159,1100,14863,100)
Skill = (7,10,0,10,0,0,0,0,0,0,0,2,1400,30,30)
Skill = (8,29,0,10,0,0,0,0,0,0,0,2648,1100,2863,50)
Skill = (9,34,0,10,0,0,0,0,0,0,0,4821,1100,4917,50)
Skill = (10,21,0,10,0,0,0,0,0,0,0,1027,1100,1069,50)
Skill = (11,10,0,10,0,0,0,0,0,0,0,21,1100,50,50)
Skill = (12,0,2147483647,0,0,0,0,0,0,0,0,0,1000,2147483647,2147483647)
Skill = (13,27,0,10,0,0,0,0,0,0,0,831,1100,911,20)
Skill = (14,0,1200,0,0,0,0,0,0,0,0,0,0,0,0)
Skill = (15,0,2147483647,0,0,0,1,0,39,83,0,0,1000,2147483647,2147483647)
Skill = (16,0,2147483647,0,0,0,0,0,0,0,0,0,1000,2147483647,2147483647)
Skill = (17,0,2147483647,0,0,0,0,0,3,3,0,0,50,2147483647,2147483647)
Skill = (18,0,2147483647,0,0,0,0,0,8,8,0,0,1000,2147483647,2147483647)
Skill = (19,0,2147483647,0,0,0,0,0,0,0,0,0,1000,2147483647,2147483647)
Skill = (20,0,2147483647,0,0,0,0,0,0,0,0,0,1000,2147483647,2147483647)
Skill = (21,0,2147483647,0,0,0,0,0,0,0,0,0,1000,2147483647,2147483647)
Skill = (22,100,100,0,0,0,0,0,120,120,0,0,0,0,0)
Skill = (23,0,2147483647,0,0,0,0,0,0,0,0,0,1000,2147483647,2147483647)
Skill = (24,0,2147483647,0,0,0,0,0,0,0,0,0,1000,2147483647,2147483647)

Spells      = {1,10}
QuestValues = {(22,1),(23,1),(32,1),(33,1),(35,1),(106,1),(107,1)}
Murders     = {}
