ID              = 7963380
Name            = "Duke Fistewrr"
Race            = 1
Profession      = 2
OriginalOutfit  = 134-88-114-114-88
CurrentOutfit   = 134-88-114-114-88
LastLogin       = 1127318878
LastLogout      = 1127318882
StartPosition   = [32369,32241,7]
CurrentPosition = [32369,32241,7]
PlayerkillerEnd = 0

Skill = (0,8,0,1,0,0,0,0,0,0,1,5805,0,6400,100)
Skill = (1,2,0,0,0,0,0,0,0,0,0,64,1400,87,20)
Skill = (2,185,185,0,0,0,0,0,0,0,10,0,0,0,0)
Skill = (3,35,35,0,0,0,0,0,0,0,15,0,0,0,0)
Skill = (4,77,77,0,0,0,0,0,0,0,1,0,0,0,0)
Skill = (5,470,470,0,0,0,0,0,0,0,20,0,0,0,0)
Skill = (6,26,0,10,0,0,0,0,0,0,0,3871,1100,4054,100)
Skill = (7,31,0,10,0,0,0,0,0,0,0,2077,1100,2142,30)
Skill = (8,15,0,10,0,0,0,0,0,0,0,462,1200,496,50)
Skill = (9,11,0,10,0,0,0,0,0,0,0,73,1200,109,50)
Skill = (10,10,0,10,0,0,0,0,0,0,0,0,1200,50,50)
Skill = (11,10,0,10,0,0,0,0,0,0,0,47,1200,50,50)
Skill = (12,0,2147483647,0,0,0,0,0,0,0,0,0,1000,2147483647,2147483647)
Skill = (13,31,0,10,0,0,0,0,0,0,0,1409,1100,1428,20)
Skill = (14,0,1200,0,0,0,0,0,0,0,0,0,0,0,0)
Skill = (15,0,2147483647,0,0,0,0,0,0,0,0,0,1000,2147483647,2147483647)
Skill = (16,0,2147483647,0,0,0,0,0,0,0,0,0,1000,2147483647,2147483647)
Skill = (17,0,2147483647,0,0,0,0,0,0,0,0,0,50,2147483647,2147483647)
Skill = (18,0,2147483647,0,0,0,0,0,0,0,0,0,1000,2147483647,2147483647)
Skill = (19,0,2147483647,0,0,0,0,0,0,0,0,0,1000,2147483647,2147483647)
Skill = (20,0,2147483647,0,0,0,0,0,0,0,0,0,1000,2147483647,2147483647)
Skill = (21,0,2147483647,0,0,0,0,0,0,0,0,0,1000,2147483647,2147483647)
Skill = (22,100,100,0,0,0,0,0,0,0,0,0,0,0,0)
Skill = (23,0,2147483647,0,0,0,0,0,0,0,0,0,1000,2147483647,2147483647)
Skill = (24,0,2147483647,0,0,0,0,0,0,0,0,0,1000,2147483647,2147483647)

Spells      = {1,10}
QuestValues = {(19,1),(20,1),(21,1),(22,1),(23,1),(25,1),(26,1),(32,1),(33,1),(34,1),(58,1),(59,1)}
Murders     = {}
