ID              = 8062580
Name            = "Yath Daverus"
Race            = 1
Profession      = 1
OriginalOutfit  = 131-38-114-94-114
CurrentOutfit   = 131-38-114-94-114
LastLogin       = 1127627213
LastLogout      = 1127628781
StartPosition   = [32369,32241,7]
CurrentPosition = [32348,32226,7]
PlayerkillerEnd = 0

Skill = (0,12,0,1,0,0,0,0,0,0,1,20979,0,23200,100)
Skill = (1,0,0,0,0,0,0,0,0,0,0,0,3000,20,20)
Skill = (2,245,245,0,0,0,0,0,0,0,15,0,0,0,0)
Skill = (3,55,55,0,0,0,0,0,0,0,5,0,0,0,0)
Skill = (4,81,81,0,0,0,0,0,0,0,1,0,0,0,0)
Skill = (5,570,570,0,0,0,0,0,0,0,25,0,0,0,0)
Skill = (6,36,0,10,0,0,0,0,0,0,0,11586,1100,12109,100)
Skill = (7,12,0,10,0,0,0,0,0,0,0,109,1400,130,30)
Skill = (8,18,0,10,0,0,0,0,0,0,0,655,1100,678,50)
Skill = (9,35,0,10,0,0,0,0,0,0,0,5197,1100,5459,50)
Skill = (10,17,0,10,0,0,0,0,0,0,0,522,1100,571,50)
Skill = (11,18,0,10,0,0,0,0,0,0,0,624,1100,678,50)
Skill = (12,0,2147483647,0,0,0,0,0,0,0,0,0,1000,2147483647,2147483647)
Skill = (13,31,0,10,0,0,0,0,0,0,0,1317,1100,1428,20)
Skill = (14,0,1200,0,0,0,43,0,0,0,0,0,0,0,0)
Skill = (15,0,2147483647,0,0,0,0,0,0,0,0,0,1000,2147483647,2147483647)
Skill = (16,0,2147483647,0,0,0,0,0,0,0,0,0,1000,2147483647,2147483647)
Skill = (17,0,2147483647,0,0,0,0,0,0,0,0,0,50,2147483647,2147483647)
Skill = (18,0,2147483647,0,0,0,0,0,0,0,0,0,1000,2147483647,2147483647)
Skill = (19,0,2147483647,0,0,0,0,0,0,0,0,0,1000,2147483647,2147483647)
Skill = (20,0,2147483647,0,0,0,0,0,0,0,0,0,1000,2147483647,2147483647)
Skill = (21,0,2147483647,0,0,0,0,0,0,0,0,0,1000,2147483647,2147483647)
Skill = (22,100,100,0,0,0,1,0,51,120,0,0,0,0,0)
Skill = (23,0,2147483647,0,0,0,0,0,0,0,0,0,1000,2147483647,2147483647)
Skill = (24,0,2147483647,0,0,0,0,0,0,0,0,0,1000,2147483647,2147483647)

Spells      = {}
QuestValues = {(18,1),(20,1),(22,1),(23,1),(32,1),(33,1),(59,1)}
Murders     = {}
