ID              = 8495980
Name            = "Koko Loco"
Race            = 1
Profession      = 12
OriginalOutfit  = 133-97-40-117-59
CurrentOutfit   = 133-97-40-117-59
LastLogin       = 1132069897
LastLogout      = 1132069899
StartPosition   = [32369,32241,7]
CurrentPosition = [33171,31814,7]
PlayerkillerEnd = 0

Skill = (0,46,0,1,0,0,0,0,0,0,1,1467866,0,1522600,100)
Skill = (1,14,0,0,0,0,0,0,0,0,0,6722,1400,7728,20)
Skill = (2,565,565,0,0,0,0,0,0,0,10,0,0,0,0)
Skill = (3,337,605,0,0,0,0,0,0,0,15,0,0,0,0)
Skill = (4,115,115,0,20,0,0,0,10,10,1,0,0,0,0)
Skill = (5,1230,1230,0,0,0,0,0,0,0,20,0,0,0,0)
Skill = (6,55,0,10,0,0,0,0,0,0,0,74822,1100,79179,100)
Skill = (7,77,0,10,0,0,0,0,0,0,0,187595,1100,195505,30)
Skill = (8,16,0,10,0,0,0,0,0,0,0,544,1200,645,50)
Skill = (9,10,0,10,0,0,0,0,0,0,0,4,1200,50,50)
Skill = (10,10,0,10,0,0,0,0,0,0,0,0,1200,50,50)
Skill = (11,20,0,10,0,0,0,0,0,0,0,1461,1200,1607,50)
Skill = (12,0,2147483647,0,0,0,0,0,0,0,0,0,1000,2147483647,2147483647)
Skill = (13,49,0,10,0,0,0,0,0,0,0,8104,1100,8851,20)
Skill = (14,0,1200,0,0,0,186,0,0,0,0,0,0,0,0)
Skill = (15,0,2147483647,0,0,0,0,0,0,0,0,0,1000,2147483647,2147483647)
Skill = (16,0,2147483647,0,0,0,0,0,0,0,0,0,1000,2147483647,2147483647)
Skill = (17,0,2147483647,0,0,0,0,0,0,0,0,0,50,2147483647,2147483647)
Skill = (18,0,2147483647,0,0,0,0,0,8,8,0,0,1000,2147483647,2147483647)
Skill = (19,0,2147483647,0,0,0,0,0,10,10,0,0,1000,2147483647,2147483647)
Skill = (20,0,2147483647,0,0,0,0,0,3,3,0,0,1000,2147483647,2147483647)
Skill = (21,0,2147483647,0,0,0,0,0,0,0,0,0,1000,2147483647,2147483647)
Skill = (22,200,200,0,0,0,0,0,15,15,0,0,0,0,0)
Skill = (23,0,2147483647,0,0,0,0,0,0,0,0,0,1000,2147483647,2147483647)
Skill = (24,0,2147483647,0,0,0,0,0,0,0,0,0,1000,2147483647,2147483647)

Spells      = {1,3,6,8,15,20,29,30,42,44,49,51,76,79,81}
QuestValues = {(14,1),(15,1),(16,1),(20,1),(21,1),(22,1),(23,1),(35,1),(37,1),(40,1),(59,1),(72,1),(73,1),(74,1),(75,1),(84,1),(85,1),(88,1),(89,1),(90,1),(91,1),(93,1),(94,1),(95,1),(96,1),(97,1),(98,1),(100,1),(106,1),(107,1),(109,1),(115,1),(116,1),(117,1),(118,1),(121,1),(124,1),(133,1),(151,1),(152,1),(153,1),(190,1),(191,1),(222,1),(227,5),(228,2),(229,3),(230,21),(231,2),(232,1),(233,10),(234,7),(235,1),(236,1),(237,1),(238,1),(239,1),(240,1),(241,1),(242,1),(243,1),(244,2),(245,2),(246,1),(247,1),(248,1),(249,5),(250,5),(251,3),(253,1),(257,1),(269,1),(278,2),(279,1),(280,2)}
Murders     = {}
