ID              = 9814680
Name            = "Demoliction"
Race            = 1
Profession      = 1
OriginalOutfit  = 129-0-114-19-115
CurrentOutfit   = 129-0-114-19-115
LastLogin       = 1129637511
LastLogout      = 1129637690
StartPosition   = [32360,31782,7]
CurrentPosition = [32326,31704,7]
PlayerkillerEnd = 0

Skill = (0,8,0,1,0,0,0,0,0,0,1,4897,0,6400,100)
Skill = (1,0,0,0,0,0,0,0,0,0,0,11,3000,20,20)
Skill = (2,47,185,0,0,0,0,0,0,0,15,0,0,0,0)
Skill = (3,5,35,0,0,0,0,0,0,0,5,0,0,0,0)
Skill = (4,77,77,0,0,0,0,0,0,0,1,0,0,0,0)
Skill = (5,470,470,0,0,0,0,0,0,0,25,0,0,0,0)
Skill = (6,17,0,10,0,0,0,0,0,0,0,1007,1100,1143,100)
Skill = (7,10,0,10,0,0,0,0,0,0,0,0,1400,30,30)
Skill = (8,20,0,10,0,0,0,0,0,0,0,830,1100,926,50)
Skill = (9,11,0,10,0,0,0,0,0,0,0,54,1100,105,50)
Skill = (10,12,0,10,0,0,0,0,0,0,0,130,1100,165,50)
Skill = (11,10,0,10,0,0,0,0,0,0,0,0,1100,50,50)
Skill = (12,0,2147483647,0,0,0,0,0,0,0,0,0,1000,2147483647,2147483647)
Skill = (13,10,0,10,0,0,0,0,0,0,0,7,1100,20,20)
Skill = (14,0,1200,0,0,0,1136,0,0,0,0,0,0,0,0)
Skill = (15,0,2147483647,0,0,0,6,0,21,83,0,0,1000,2147483647,2147483647)
Skill = (16,0,2147483647,0,0,0,0,0,0,0,0,0,1000,2147483647,2147483647)
Skill = (17,0,2147483647,0,0,0,0,0,0,0,0,0,50,2147483647,2147483647)
Skill = (18,0,2147483647,0,0,0,0,0,0,0,0,0,1000,2147483647,2147483647)
Skill = (19,0,2147483647,0,0,0,0,0,0,0,0,0,1000,2147483647,2147483647)
Skill = (20,0,2147483647,0,0,0,0,0,0,0,0,0,1000,2147483647,2147483647)
Skill = (21,0,2147483647,0,0,0,0,0,0,0,0,0,1000,2147483647,2147483647)
Skill = (22,100,100,0,0,0,1,0,115,120,0,0,0,0,0)
Skill = (23,0,2147483647,0,0,0,0,0,0,0,0,0,1000,2147483647,2147483647)
Skill = (24,0,2147483647,0,0,0,0,0,0,0,0,0,1000,2147483647,2147483647)

Spells      = {10,20}
QuestValues = {(18,1),(20,1),(33,1),(34,1),(35,1),(59,1),(224,1)}
Murders     = {}
