ID              = 10691055
Name            = "Cyriuz"
Race            = 1
Profession      = 11
OriginalOutfit  = 142-0-16-92-0
CurrentOutfit   = 142-0-16-92-0
LastLogin       = 1132101778
LastLogout      = 1132102889
StartPosition   = [33217,31814,8]
CurrentPosition = [33225,31862,6]
PlayerkillerEnd = 0

Skill = (0,40,0,1,0,0,0,0,0,0,1,918182,0,992000,100)
Skill = (1,5,0,0,0,0,0,0,0,0,0,2716,3000,7280,20)
Skill = (2,665,665,0,0,0,0,0,0,0,15,0,0,0,0)
Skill = (3,20,195,0,0,0,0,0,0,0,5,0,0,0,0)
Skill = (4,109,109,0,20,0,0,0,10,10,1,0,0,0,0)
Skill = (5,1270,1270,0,0,0,0,0,0,0,25,0,0,0,0)
Skill = (6,60,0,10,0,0,0,0,0,0,0,122158,1100,128129,100)
Skill = (7,10,0,10,0,0,0,0,0,0,0,0,1400,30,30)
Skill = (8,14,0,10,0,0,0,0,0,0,0,257,1100,305,50)
Skill = (9,10,0,10,0,0,0,0,0,0,0,0,1100,50,50)
Skill = (10,63,0,10,0,0,0,0,0,0,0,81976,1100,85435,50)
Skill = (11,10,0,10,0,0,0,0,0,0,0,3,1100,50,50)
Skill = (12,0,2147483647,0,0,0,0,0,0,0,0,0,1000,2147483647,2147483647)
Skill = (13,10,0,10,0,0,0,0,0,0,0,0,1100,20,20)
Skill = (14,0,1200,0,0,0,1071,0,0,0,0,0,0,0,0)
Skill = (15,0,2147483647,0,0,0,0,0,83,83,0,0,1000,2147483647,2147483647)
Skill = (16,0,2147483647,0,0,0,0,0,0,0,0,0,1000,2147483647,2147483647)
Skill = (17,0,2147483647,0,0,0,0,0,3,3,0,0,50,2147483647,2147483647)
Skill = (18,0,2147483647,0,0,0,0,0,8,8,0,0,1000,2147483647,2147483647)
Skill = (19,0,2147483647,0,0,0,0,0,0,0,0,0,1000,2147483647,2147483647)
Skill = (20,0,2147483647,0,0,0,0,0,0,0,0,0,1000,2147483647,2147483647)
Skill = (21,0,2147483647,0,0,0,0,0,0,0,0,0,1000,2147483647,2147483647)
Skill = (22,200,200,0,0,0,0,0,15,15,0,0,0,0,0)
Skill = (23,0,2147483647,0,0,0,0,0,0,0,0,0,1000,2147483647,2147483647)
Skill = (24,0,2147483647,0,0,0,0,0,0,0,0,0,1000,2147483647,2147483647)

Spells      = {1,6,10,20,29,80,81,93}
QuestValues = {(61,1),(83,1),(86,1),(87,1),(88,1),(89,1),(90,1),(91,1),(92,1),(96,1),(97,1),(109,1),(151,1),(152,1),(190,1),(191,1)}
Murders     = {}
