ID              = 11297855
Name            = "Bozo Screaming"
Race            = 1
Profession      = 0
OriginalOutfit  = 130-114-114-0-76
CurrentOutfit   = 130-114-114-0-76
LastLogin       = 1129501558
LastLogout      = 1129503006
StartPosition   = [32097,32219,7]
CurrentPosition = [32156,32152,7]
PlayerkillerEnd = 0

Skill = (0,5,0,1,0,0,0,0,0,0,1,1347,0,1500,100)
Skill = (1,0,0,0,0,0,0,0,0,0,0,0,3000,20,20)
Skill = (2,170,170,0,0,0,0,0,0,0,5,0,0,0,0)
Skill = (3,20,20,0,0,0,0,0,0,0,5,0,0,0,0)
Skill = (4,74,74,0,0,0,0,0,0,0,1,0,0,0,0)
Skill = (5,440,440,0,0,0,0,0,0,0,10,0,0,0,0)
Skill = (6,13,0,10,0,0,0,0,0,0,0,687,1500,812,100)
Skill = (7,10,0,10,0,0,0,0,0,0,0,6,2000,30,30)
Skill = (8,13,0,10,0,0,0,0,0,0,0,642,2000,750,50)
Skill = (9,10,0,10,0,0,0,0,0,0,0,0,2000,50,50)
Skill = (10,10,0,10,0,0,0,0,0,0,0,0,2000,50,50)
Skill = (11,10,0,10,0,0,0,0,0,0,0,6,1500,50,50)
Skill = (12,0,2147483647,0,0,0,0,0,0,0,0,0,1000,2147483647,2147483647)
Skill = (13,10,0,10,0,0,0,0,0,0,0,2,1100,20,20)
Skill = (14,0,1200,0,0,0,399,0,0,0,0,0,0,0,0)
Skill = (15,0,2147483647,0,0,0,0,0,0,0,0,0,1000,2147483647,2147483647)
Skill = (16,0,2147483647,0,0,0,0,0,0,0,0,0,1000,2147483647,2147483647)
Skill = (17,0,2147483647,0,0,0,0,0,3,3,0,0,50,2147483647,2147483647)
Skill = (18,0,2147483647,0,0,0,0,0,0,0,0,0,1000,2147483647,2147483647)
Skill = (19,0,2147483647,0,0,0,0,0,0,0,0,0,1000,2147483647,2147483647)
Skill = (20,0,2147483647,0,0,0,0,0,0,0,0,0,1000,2147483647,2147483647)
Skill = (21,0,2147483647,0,0,0,0,0,0,0,0,0,1000,2147483647,2147483647)
Skill = (22,100,100,0,0,0,2,0,48,120,0,0,0,0,0)
Skill = (23,0,2147483647,0,0,0,0,0,0,0,0,0,1000,2147483647,2147483647)
Skill = (24,0,2147483647,0,0,0,0,0,0,0,0,0,1000,2147483647,2147483647)

Spells      = {}
QuestValues = {}
Murders     = {}
