ID              = 8203355
Name            = "Slayer Biadik"
Race            = 1
Profession      = 2
OriginalOutfit  = 129-132-114-0-94
CurrentOutfit   = 129-132-114-0-94
LastLogin       = 1131868637
LastLogout      = 1131868641
StartPosition   = [32957,32076,7]
CurrentPosition = [32933,32074,7]
PlayerkillerEnd = 0

Skill = (0,21,0,1,0,0,0,0,0,0,1,128869,0,135100,100)
Skill = (1,10,0,0,0,0,0,0,0,0,0,1453,1400,1974,20)
Skill = (2,315,315,0,0,0,0,0,0,0,10,0,0,0,0)
Skill = (3,75,230,0,0,0,0,0,0,0,15,0,0,0,0)
Skill = (4,90,90,0,0,0,0,0,0,0,1,0,0,0,0)
Skill = (5,730,730,0,0,0,0,0,0,0,20,0,0,0,0)
Skill = (6,45,0,10,0,0,0,0,0,0,0,27135,1100,29912,100)
Skill = (7,62,0,10,0,0,0,0,0,0,0,46475,1100,46574,30)
Skill = (8,19,0,10,0,0,0,0,0,0,0,1255,1200,1297,50)
Skill = (9,12,0,10,0,0,0,0,0,0,0,162,1200,181,50)
Skill = (10,10,0,10,0,0,0,0,0,0,0,0,1200,50,50)
Skill = (11,13,0,10,0,0,0,0,0,0,0,227,1200,268,50)
Skill = (12,0,2147483647,0,0,0,0,0,0,0,0,0,1000,2147483647,2147483647)
Skill = (13,40,0,10,0,0,0,0,0,0,0,3517,1100,3638,20)
Skill = (14,0,1200,0,0,0,854,0,0,0,0,0,0,0,0)
Skill = (15,0,2147483647,0,0,0,0,0,83,83,0,0,1000,2147483647,2147483647)
Skill = (16,0,2147483647,0,0,0,0,0,0,0,0,0,1000,2147483647,2147483647)
Skill = (17,0,2147483647,0,0,0,0,0,3,3,0,0,50,2147483647,2147483647)
Skill = (18,0,2147483647,0,0,0,0,0,8,8,0,0,1000,2147483647,2147483647)
Skill = (19,0,2147483647,0,0,0,0,0,10,10,0,0,1000,2147483647,2147483647)
Skill = (20,0,2147483647,0,0,0,0,0,0,0,0,0,1000,2147483647,2147483647)
Skill = (21,0,2147483647,0,0,0,0,0,0,0,0,0,1000,2147483647,2147483647)
Skill = (22,92,100,0,0,0,0,0,120,120,0,0,0,0,0)
Skill = (23,0,2147483647,0,0,0,0,0,0,0,0,0,1000,2147483647,2147483647)
Skill = (24,0,2147483647,0,0,0,0,0,0,0,0,0,1000,2147483647,2147483647)

Spells      = {1,2,3,8,10,29,30,51}
QuestValues = {(18,1),(21,1),(22,1),(23,1),(35,1),(54,1),(93,1),(94,1),(95,1),(96,1),(97,1),(98,1),(99,1),(113,1),(114,1),(190,1),(191,1),(208,1),(223,1)}
Murders     = {1130523202}
