ID              = 8849255
Name            = "Ed Garbox"
Race            = 1
Profession      = 4
OriginalOutfit  = 131-0-114-114-76
CurrentOutfit   = 131-0-114-114-76
LastLogin       = 1119240741
LastLogout      = 1119240997
StartPosition   = [32369,32241,7]
CurrentPosition = [32369,32241,7]
PlayerkillerEnd = 0

Skill = (0,12,0,1,0,0,0,0,0,0,1,20819,0,23200,100)
Skill = (1,15,0,0,0,0,0,0,0,0,0,655,1100,718,20)
Skill = (2,205,205,0,0,0,0,0,0,0,5,0,0,0,0)
Skill = (3,25,155,0,0,0,0,0,0,0,30,0,0,0,0)
Skill = (4,81,81,0,0,0,0,0,0,0,1,0,0,0,0)
Skill = (5,510,510,0,0,0,0,0,0,0,10,0,0,0,0)
Skill = (6,19,0,10,0,0,0,0,0,0,0,8613,1500,11333,100)
Skill = (7,10,0,10,0,0,0,0,0,0,0,0,1800,30,30)
Skill = (8,10,0,10,0,0,0,0,0,0,0,0,1800,50,50)
Skill = (9,17,0,10,0,0,0,0,0,0,0,6543,1800,6824,50)
Skill = (10,10,0,10,0,0,0,0,0,0,0,0,1800,50,50)
Skill = (11,12,0,10,0,0,0,0,0,0,0,179,1500,237,50)
Skill = (12,0,2147483647,0,0,0,0,0,0,0,0,0,1000,2147483647,2147483647)
Skill = (13,23,0,10,0,0,0,0,0,0,0,515,1100,559,20)
Skill = (14,0,1200,0,0,0,984,0,0,0,0,0,0,0,0)
Skill = (15,0,2147483647,0,0,0,0,0,0,0,0,0,1000,2147483647,2147483647)
Skill = (16,0,2147483647,0,0,0,0,0,0,0,0,0,1000,2147483647,2147483647)
Skill = (17,0,2147483647,0,0,0,0,0,3,3,0,0,50,2147483647,2147483647)
Skill = (18,0,2147483647,0,0,0,0,0,0,0,0,0,1000,2147483647,2147483647)
Skill = (19,0,2147483647,0,0,0,0,0,0,0,0,0,1000,2147483647,2147483647)
Skill = (20,0,2147483647,0,0,0,0,0,0,0,0,0,1000,2147483647,2147483647)
Skill = (21,0,2147483647,0,0,0,0,0,0,0,0,0,1000,2147483647,2147483647)
Skill = (22,200,200,0,0,0,0,0,0,0,0,0,0,0,0)
Skill = (23,0,2147483647,0,0,0,0,0,0,0,0,0,1000,2147483647,2147483647)
Skill = (24,0,2147483647,0,0,0,0,0,0,0,0,0,1000,2147483647,2147483647)

Spells      = {2,5,8,10,29,42}
QuestValues = {(20,1),(21,1),(22,1),(23,1),(223,1)}
Murders     = {}
