ID              = 9452455
Name            = "Gavincally"
Race            = 1
Profession      = 1
OriginalOutfit  = 128-124-0-114-116
CurrentOutfit   = 128-124-0-114-116
LastLogin       = 1132072892
LastLogout      = 1132073959
StartPosition   = [32369,32241,7]
CurrentPosition = [32303,32113,6]
PlayerkillerEnd = 0

Skill = (0,30,0,1,0,0,0,0,0,0,1,391459,0,409000,100)
Skill = (1,4,0,0,0,0,0,0,0,0,0,1253,3000,2420,20)
Skill = (2,321,515,0,0,0,0,0,0,0,15,0,0,0,0)
Skill = (3,36,145,0,0,0,0,0,0,0,5,0,0,0,0)
Skill = (4,99,99,0,0,0,0,0,0,0,1,0,0,0,0)
Skill = (5,1020,1020,0,0,0,0,0,0,0,25,0,0,0,0)
Skill = (6,54,0,10,0,0,0,0,0,0,0,68662,1100,71890,100)
Skill = (7,10,0,10,0,0,0,0,0,0,0,17,1400,30,30)
Skill = (8,57,0,10,0,0,0,0,0,0,0,44072,1100,48008,50)
Skill = (9,10,0,10,0,0,0,0,0,0,0,34,1100,50,50)
Skill = (10,10,0,10,0,0,0,0,0,0,0,0,1100,50,50)
Skill = (11,14,0,10,0,0,0,0,0,0,0,264,1100,305,50)
Skill = (12,0,2147483647,0,0,0,0,0,0,0,0,0,1000,2147483647,2147483647)
Skill = (13,22,0,10,0,0,0,0,0,0,0,454,1100,490,20)
Skill = (14,0,1200,0,0,0,937,0,0,0,0,0,0,0,0)
Skill = (15,0,2147483647,0,0,0,1,0,84,125,0,0,1000,2147483647,2147483647)
Skill = (16,0,2147483647,0,0,0,0,0,0,0,0,0,1000,2147483647,2147483647)
Skill = (17,0,2147483647,0,0,0,0,0,0,0,0,0,50,2147483647,2147483647)
Skill = (18,0,2147483647,0,0,0,0,0,0,0,0,0,1000,2147483647,2147483647)
Skill = (19,0,2147483647,0,0,0,0,0,0,0,0,0,1000,2147483647,2147483647)
Skill = (20,0,2147483647,0,0,0,0,0,0,0,0,0,1000,2147483647,2147483647)
Skill = (21,0,2147483647,0,0,0,0,0,0,0,0,0,1000,2147483647,2147483647)
Skill = (22,100,100,0,0,0,0,0,120,120,0,0,0,0,0)
Skill = (23,0,2147483647,0,0,0,0,0,0,0,0,0,1000,2147483647,2147483647)
Skill = (24,0,2147483647,0,0,0,0,0,0,0,0,0,1000,2147483647,2147483647)

Spells      = {1,10,11,20,29}
QuestValues = {(18,1),(37,1),(59,1),(61,1),(100,1),(106,1),(107,1),(125,1),(126,1),(223,1)}
Murders     = {}
