ID              = 9516555
Name            = "Ruilth Kykan"
Race            = 1
Profession      = 1
OriginalOutfit  = 129-114-114-114-114
CurrentOutfit   = 129-114-114-114-114
LastLogin       = 1131378536
LastLogout      = 1131379111
StartPosition   = [32649,31925,11]
CurrentPosition = [32652,31905,8]
PlayerkillerEnd = 0

Skill = (0,14,0,1,0,0,0,0,0,0,1,37147,0,37800,100)
Skill = (1,2,0,0,0,0,0,0,0,0,0,100,3000,260,20)
Skill = (2,275,275,0,0,0,0,0,0,0,15,0,0,0,0)
Skill = (3,65,65,0,0,0,0,0,0,0,5,0,0,0,0)
Skill = (4,83,83,0,0,0,0,0,0,0,1,0,0,0,0)
Skill = (5,620,620,0,0,0,0,0,0,0,25,0,0,0,0)
Skill = (6,27,0,10,0,0,0,0,0,0,0,4473,1100,4559,100)
Skill = (7,10,0,10,0,0,0,0,0,0,0,22,1400,30,30)
Skill = (8,37,0,10,0,0,0,0,0,0,0,6326,1100,6710,50)
Skill = (9,11,0,10,0,0,0,0,0,0,0,69,1100,105,50)
Skill = (10,10,0,10,0,0,0,0,0,0,0,49,1100,50,50)
Skill = (11,11,0,10,0,0,0,0,0,0,0,83,1100,105,50)
Skill = (12,0,2147483647,0,0,0,0,0,0,0,0,0,1000,2147483647,2147483647)
Skill = (13,10,0,10,0,0,0,0,0,0,0,0,1100,20,20)
Skill = (14,0,1200,0,0,0,0,0,0,0,0,0,0,0,0)
Skill = (15,0,2147483647,0,0,0,0,0,0,0,0,0,1000,2147483647,2147483647)
Skill = (16,0,2147483647,0,0,0,0,0,0,0,0,0,1000,2147483647,2147483647)
Skill = (17,0,2147483647,0,0,0,0,0,0,0,0,0,50,2147483647,2147483647)
Skill = (18,0,2147483647,0,0,0,0,0,0,0,0,0,1000,2147483647,2147483647)
Skill = (19,0,2147483647,0,0,0,0,0,0,0,0,0,1000,2147483647,2147483647)
Skill = (20,0,2147483647,0,0,0,0,0,0,0,0,0,1000,2147483647,2147483647)
Skill = (21,0,2147483647,0,0,0,0,0,0,0,0,0,1000,2147483647,2147483647)
Skill = (22,100,100,0,0,0,0,0,120,120,0,0,0,0,0)
Skill = (23,0,2147483647,0,0,0,0,0,0,0,0,0,1000,2147483647,2147483647)
Skill = (24,0,2147483647,0,0,0,0,0,0,0,0,0,1000,2147483647,2147483647)

Spells      = {10}
QuestValues = {(16,1),(18,1),(20,1),(21,1),(22,1),(23,1),(24,1),(35,1),(59,1),(125,1),(126,1),(223,1)}
Murders     = {1130684970}
