ID              = 10396893
Name            = "Pion Ethus"
Race            = 1
Profession      = 2
OriginalOutfit  = 129-114-114-114-114
CurrentOutfit   = 129-114-114-114-114
LastLogin       = 1132079089
LastLogout      = 1132081926
StartPosition   = [32369,32241,7]
CurrentPosition = [32232,32389,7]
PlayerkillerEnd = 0

Skill = (0,19,0,1,0,0,0,0,0,0,1,83952,0,98800,100)
Skill = (1,9,0,0,0,0,0,0,0,0,0,1148,1400,1396,20)
Skill = (2,210,295,0,0,0,0,0,0,0,10,0,0,0,0)
Skill = (3,5,200,0,0,0,0,0,0,0,15,0,0,0,0)
Skill = (4,88,88,0,0,0,0,0,0,0,1,0,0,0,0)
Skill = (5,690,690,0,0,0,0,0,0,0,20,0,0,0,0)
Skill = (6,36,0,10,0,0,0,0,0,0,0,10924,1100,12109,100)
Skill = (7,45,0,10,0,0,0,0,0,0,0,8718,1100,8973,30)
Skill = (8,18,0,10,0,0,0,0,0,0,0,1032,1200,1039,50)
Skill = (9,29,0,10,0,0,0,0,0,0,0,7795,1200,9334,50)
Skill = (10,12,0,10,0,0,0,0,0,0,0,169,1200,181,50)
Skill = (11,16,0,10,0,0,0,0,0,0,0,567,1200,645,50)
Skill = (12,0,2147483647,0,0,0,0,0,0,0,0,0,1000,2147483647,2147483647)
Skill = (13,24,0,10,0,0,0,0,0,0,0,615,1100,635,20)
Skill = (14,0,1200,0,0,0,0,0,0,0,0,0,0,0,0)
Skill = (15,0,2147483647,0,0,0,0,0,83,83,0,0,1000,2147483647,2147483647)
Skill = (16,0,2147483647,0,0,0,0,0,0,0,0,0,1000,2147483647,2147483647)
Skill = (17,0,2147483647,0,0,0,0,0,3,3,0,0,50,2147483647,2147483647)
Skill = (18,0,2147483647,0,0,0,0,0,1,1,0,0,1000,2147483647,2147483647)
Skill = (19,0,2147483647,0,0,0,0,0,0,0,0,0,1000,2147483647,2147483647)
Skill = (20,0,2147483647,0,0,0,0,0,0,0,0,0,1000,2147483647,2147483647)
Skill = (21,0,2147483647,0,0,0,0,0,0,0,0,0,1000,2147483647,2147483647)
Skill = (22,100,100,0,0,0,0,0,120,120,0,0,0,0,0)
Skill = (23,0,2147483647,0,0,0,0,0,0,0,0,0,1000,2147483647,2147483647)
Skill = (24,0,2147483647,0,0,0,0,0,0,0,0,0,1000,2147483647,2147483647)

Spells      = {2,3,7,8,10,15,20,29,42,51}
QuestValues = {(17,1),(18,1),(32,1),(33,1),(34,1),(35,1),(37,1),(60,1),(61,1),(100,1),(106,1),(107,1),(125,1),(126,1),(140,1),(141,1),(223,1)}
Murders     = {}
