ID              = 8905093
Name            = "Ignitz'orochi"
Race            = 1
Profession      = 1
OriginalOutfit  = 133-79-125-114-114
CurrentOutfit   = 133-79-125-114-114
LastLogin       = 1130805847
LastLogout      = 1130805856
StartPosition   = [32369,32241,7]
CurrentPosition = [32345,32226,8]
PlayerkillerEnd = 0

Skill = (0,8,0,1,0,0,0,0,0,0,1,5343,0,6400,100)
Skill = (1,1,0,0,0,0,0,0,0,0,0,25,3000,80,20)
Skill = (2,185,185,0,0,0,0,0,0,0,15,0,0,0,0)
Skill = (3,28,35,0,0,0,0,0,0,0,5,0,0,0,0)
Skill = (4,77,77,0,0,0,0,0,0,0,1,0,0,0,0)
Skill = (5,470,470,0,0,0,0,0,0,0,25,0,0,0,0)
Skill = (6,25,0,10,0,0,0,0,0,0,0,3326,1100,3594,100)
Skill = (7,10,0,10,0,0,0,0,0,0,0,0,1400,30,30)
Skill = (8,10,0,10,0,0,0,0,0,0,0,0,1100,50,50)
Skill = (9,25,0,10,0,0,0,0,0,0,0,1776,1100,1797,50)
Skill = (10,10,0,10,0,0,0,0,0,0,0,0,1100,50,50)
Skill = (11,10,0,10,0,0,0,0,0,0,0,0,1100,50,50)
Skill = (12,0,2147483647,0,0,0,0,0,0,0,0,0,1000,2147483647,2147483647)
Skill = (13,20,0,10,0,0,0,0,0,0,0,339,1100,370,20)
Skill = (14,0,1200,0,0,0,0,0,0,0,0,0,0,0,0)
Skill = (15,0,2147483647,0,0,0,0,0,83,83,0,0,1000,2147483647,2147483647)
Skill = (16,0,2147483647,0,0,0,0,0,0,0,0,0,1000,2147483647,2147483647)
Skill = (17,0,2147483647,0,0,0,0,0,0,0,0,0,50,2147483647,2147483647)
Skill = (18,0,2147483647,0,0,0,0,0,8,8,0,0,1000,2147483647,2147483647)
Skill = (19,0,2147483647,0,0,0,0,0,0,0,0,0,1000,2147483647,2147483647)
Skill = (20,0,2147483647,0,0,0,0,0,0,0,0,0,1000,2147483647,2147483647)
Skill = (21,0,2147483647,0,0,0,0,0,0,0,0,0,1000,2147483647,2147483647)
Skill = (22,100,100,0,0,0,0,0,0,0,0,0,0,0,0)
Skill = (23,0,2147483647,0,0,0,0,0,0,0,0,0,1000,2147483647,2147483647)
Skill = (24,0,2147483647,0,0,0,0,0,0,0,0,0,1000,2147483647,2147483647)

Spells      = {1,10,20}
QuestValues = {(106,1),(107,1),(224,1)}
Murders     = {}
