ID              = 9525193
Name            = "Don ano"
Race            = 1
Profession      = 1
OriginalOutfit  = 128-57-95-114-87
CurrentOutfit   = 128-57-95-114-87
LastLogin       = 1130783076
LastLogout      = 1130783919
StartPosition   = [32369,32241,7]
CurrentPosition = [32649,31706,7]
PlayerkillerEnd = 0

Skill = (0,23,0,1,0,0,0,0,0,0,1,157766,0,179400,100)
Skill = (1,4,0,0,0,0,0,0,0,0,0,841,3000,2420,20)
Skill = (2,410,410,0,0,0,0,0,0,0,15,0,0,0,0)
Skill = (3,3,110,0,0,0,0,0,0,0,5,0,0,0,0)
Skill = (4,92,92,0,0,0,0,0,0,0,1,0,0,0,0)
Skill = (5,845,845,0,0,0,0,0,0,0,25,0,0,0,0)
Skill = (6,50,0,10,0,0,0,0,0,0,0,44683,1100,48785,100)
Skill = (7,10,0,10,0,0,0,0,0,0,0,15,1400,30,30)
Skill = (8,10,0,10,0,0,0,0,0,0,0,17,1100,50,50)
Skill = (9,13,0,10,0,0,0,0,0,0,0,224,1100,232,50)
Skill = (10,52,0,10,0,0,0,0,0,0,0,27481,1100,29620,50)
Skill = (11,10,0,10,0,0,0,0,0,0,0,25,1100,50,50)
Skill = (12,0,2147483647,0,0,0,0,0,0,0,0,0,1000,2147483647,2147483647)
Skill = (13,31,0,10,0,0,0,0,0,0,0,1289,1100,1428,20)
Skill = (14,0,1200,0,0,0,277,0,0,0,0,0,0,0,0)
Skill = (15,0,2147483647,0,0,0,0,0,83,83,0,0,1000,2147483647,2147483647)
Skill = (16,0,2147483647,0,0,0,0,0,0,0,0,0,1000,2147483647,2147483647)
Skill = (17,0,2147483647,0,0,0,0,0,3,3,0,0,50,2147483647,2147483647)
Skill = (18,0,2147483647,0,0,0,0,0,8,8,0,0,1000,2147483647,2147483647)
Skill = (19,0,2147483647,0,0,0,0,0,0,0,0,0,1000,2147483647,2147483647)
Skill = (20,0,2147483647,0,0,0,0,0,0,0,0,0,1000,2147483647,2147483647)
Skill = (21,0,2147483647,0,0,0,0,0,0,0,0,0,1000,2147483647,2147483647)
Skill = (22,100,100,0,0,0,0,0,120,120,0,0,0,0,0)
Skill = (23,0,2147483647,0,0,0,0,0,0,0,0,0,1000,2147483647,2147483647)
Skill = (24,0,2147483647,0,0,0,0,0,0,0,0,0,1000,2147483647,2147483647)

Spells      = {1,10,29}
QuestValues = {(20,1),(21,1),(22,1),(23,1),(32,1),(33,1),(34,1),(88,1),(89,1),(90,1),(98,1),(99,1),(190,1),(191,1),(224,1)}
Murders     = {}
