ID              = 11374761
Name            = "Frachar"
Race            = 1
Profession      = 1
OriginalOutfit  = 138-11-94-114-11
CurrentOutfit   = 138-11-94-114-11
LastLogin       = 1131778506
LastLogout      = 1131778818
StartPosition   = [32360,31782,7]
CurrentPosition = [32332,31779,8]
PlayerkillerEnd = 1133216552

Skill = (0,7,0,1,0,0,0,0,0,0,1,2640,0,4200,100)
Skill = (1,1,0,0,0,0,0,0,0,0,0,55,3000,80,20)
Skill = (2,81,170,0,0,0,0,0,0,0,15,0,0,0,0)
Skill = (3,5,30,0,0,0,0,0,0,0,5,0,0,0,0)
Skill = (4,76,76,0,0,0,0,0,0,0,1,0,0,0,0)
Skill = (5,445,445,0,0,0,0,0,0,0,25,0,0,0,0)
Skill = (6,26,0,10,0,0,0,0,0,0,0,3612,1100,4054,100)
Skill = (7,10,0,10,0,0,0,0,0,0,0,0,1400,30,30)
Skill = (8,18,0,10,0,0,0,0,0,0,0,628,1100,678,50)
Skill = (9,13,0,10,0,0,0,0,0,0,0,189,1100,232,50)
Skill = (10,27,0,10,0,0,0,0,0,0,0,2030,1100,2279,50)
Skill = (11,10,0,10,0,0,0,0,0,0,0,9,1100,50,50)
Skill = (12,0,2147483647,0,0,0,0,0,0,0,0,0,1000,2147483647,2147483647)
Skill = (13,25,0,10,0,0,0,0,0,0,0,663,1100,718,20)
Skill = (14,0,1200,0,0,0,0,0,0,0,0,0,0,0,0)
Skill = (15,0,2147483647,0,0,0,0,0,0,0,0,0,1000,2147483647,2147483647)
Skill = (16,0,2147483647,0,0,0,0,0,0,0,0,0,1000,2147483647,2147483647)
Skill = (17,0,2147483647,0,0,0,0,0,0,0,0,0,50,2147483647,2147483647)
Skill = (18,0,2147483647,0,0,0,0,0,0,0,0,0,1000,2147483647,2147483647)
Skill = (19,0,2147483647,0,0,0,0,0,0,0,0,0,1000,2147483647,2147483647)
Skill = (20,0,2147483647,0,0,0,0,0,0,0,0,0,1000,2147483647,2147483647)
Skill = (21,0,2147483647,0,0,0,0,0,0,0,0,0,1000,2147483647,2147483647)
Skill = (22,100,100,0,0,0,0,0,120,120,0,0,0,0,0)
Skill = (23,0,2147483647,0,0,0,0,0,0,0,0,0,1000,2147483647,2147483647)
Skill = (24,0,2147483647,0,0,0,0,0,0,0,0,0,1000,2147483647,2147483647)

Spells      = {1,10,20}
QuestValues = {(17,1),(21,1),(22,1),(23,1)}
Murders     = {1130623209,1130623569,1130624552}
