ID              = 11604561
Name            = "Keros Kenos"
Race            = 1
Profession      = 0
OriginalOutfit  = 131-132-0-0-0
CurrentOutfit   = 131-132-0-0-0
LastLogin       = 1131387807
LastLogout      = 1131390727
StartPosition   = [32097,32219,7]
CurrentPosition = [31975,32177,7]
PlayerkillerEnd = 0

Skill = (0,7,0,1,0,0,0,0,0,0,1,2878,0,4200,100)
Skill = (1,0,0,0,0,0,0,0,0,0,0,0,3000,20,20)
Skill = (2,104,180,0,0,0,0,0,0,0,5,0,0,0,0)
Skill = (3,30,30,0,0,0,0,0,0,0,5,0,0,0,0)
Skill = (4,76,76,0,0,0,0,0,0,0,1,0,0,0,0)
Skill = (5,460,460,0,0,0,0,0,0,0,10,0,0,0,0)
Skill = (6,16,0,10,0,0,0,0,0,0,0,2685,1500,3217,100)
Skill = (7,10,0,10,0,0,0,0,0,0,0,26,2000,30,30)
Skill = (8,13,0,10,0,0,0,0,0,0,0,376,2000,750,50)
Skill = (9,13,0,10,0,0,0,0,0,0,0,564,2000,750,50)
Skill = (10,14,0,10,0,0,0,0,0,0,0,1511,2000,1550,50)
Skill = (11,12,0,10,0,0,0,0,0,0,0,165,1500,237,50)
Skill = (12,0,2147483647,0,0,0,0,0,0,0,0,0,1000,2147483647,2147483647)
Skill = (13,13,0,10,0,0,0,0,0,0,0,79,1100,92,20)
Skill = (14,0,1200,0,0,0,782,0,0,0,0,0,0,0,0)
Skill = (15,0,2147483647,0,0,0,0,0,0,0,0,0,1000,2147483647,2147483647)
Skill = (16,0,2147483647,0,0,0,0,0,0,0,0,0,1000,2147483647,2147483647)
Skill = (17,0,2147483647,0,0,0,0,0,3,3,0,0,50,2147483647,2147483647)
Skill = (18,0,2147483647,0,0,0,0,0,0,0,0,0,1000,2147483647,2147483647)
Skill = (19,0,2147483647,0,0,0,0,0,0,0,0,0,1000,2147483647,2147483647)
Skill = (20,0,2147483647,0,0,0,0,0,0,0,0,0,1000,2147483647,2147483647)
Skill = (21,0,2147483647,0,0,0,0,0,0,0,0,0,1000,2147483647,2147483647)
Skill = (22,100,100,0,0,0,2,0,38,120,0,0,0,0,0)
Skill = (23,0,2147483647,0,0,0,0,0,0,0,0,0,1000,2147483647,2147483647)
Skill = (24,0,2147483647,0,0,0,0,0,0,0,0,0,1000,2147483647,2147483647)

Spells      = {}
QuestValues = {(18,1),(35,1),(58,1),(59,1),(223,1)}
Murders     = {}
