ID              = 7950061
Name            = "Van'Fire"
Race            = 1
Profession      = 13
OriginalOutfit  = 134-39-48-0-114
CurrentOutfit   = 134-39-48-0-114
LastLogin       = 1132110005
LastLogout      = 1132110009
StartPosition   = [32369,32241,7]
CurrentPosition = [32329,31783,6]
PlayerkillerEnd = 0

Skill = (0,45,0,1,0,0,0,0,0,0,1,1356838,0,1423500,100)
Skill = (1,52,0,0,0,0,0,0,0,0,0,29034,1100,31049,20)
Skill = (2,370,370,0,0,0,0,0,0,0,5,0,0,0,0)
Skill = (3,882,1145,0,0,0,0,0,0,0,30,0,0,0,0)
Skill = (4,114,114,0,0,0,0,0,1,1,1,0,0,0,0)
Skill = (5,840,840,0,0,0,0,0,0,0,10,0,0,0,0)
Skill = (6,22,0,10,0,0,0,0,0,0,0,35143,1500,38723,100)
Skill = (7,10,0,10,0,0,0,0,0,0,0,23,2000,30,30)
Skill = (8,12,0,10,0,0,0,0,0,0,0,272,2000,350,50)
Skill = (9,19,0,10,0,0,0,0,0,0,0,34352,2000,51150,50)
Skill = (10,10,0,10,0,0,0,0,0,0,0,0,2000,50,50)
Skill = (11,13,0,10,0,0,0,0,0,0,0,352,1500,406,50)
Skill = (12,0,2147483647,0,0,0,0,0,0,0,0,0,1000,2147483647,2147483647)
Skill = (13,63,0,10,0,0,0,0,0,0,0,32103,1100,34174,20)
Skill = (14,0,1200,0,0,0,745,0,0,0,0,0,0,0,0)
Skill = (15,0,2147483647,0,0,0,0,0,83,83,0,0,1000,2147483647,2147483647)
Skill = (16,0,2147483647,0,0,0,0,0,0,0,0,0,1000,2147483647,2147483647)
Skill = (17,0,2147483647,0,0,0,0,0,3,3,0,0,50,2147483647,2147483647)
Skill = (18,0,2147483647,0,0,0,0,0,8,8,0,0,1000,2147483647,2147483647)
Skill = (19,0,2147483647,0,0,0,0,0,0,0,0,0,1000,2147483647,2147483647)
Skill = (20,0,2147483647,0,0,0,0,0,3,3,0,0,1000,2147483647,2147483647)
Skill = (21,0,2147483647,0,0,0,0,0,0,0,0,0,1000,2147483647,2147483647)
Skill = (22,46,100,0,0,0,0,0,120,120,0,0,0,0,0)
Skill = (23,0,2147483647,0,0,0,0,0,0,0,0,0,1000,2147483647,2147483647)
Skill = (24,0,2147483647,0,0,0,0,0,0,0,0,0,1000,2147483647,2147483647)

Spells      = {1,2,3,6,8,9,10,16,18,20,21,24,29,30,33,39,44,45,76,78,81,86,88}
QuestValues = {(1,2),(2,6),(19,1),(20,1),(21,1),(22,1),(23,1),(25,1),(26,1),(32,1),(33,1),(34,1),(37,1),(41,1),(42,1),(43,1),(44,1),(62,2),(63,1),(64,1),(86,1),(87,1),(88,1),(89,1),(90,1),(91,1),(92,1),(96,1),(97,1),(98,1),(109,1),(111,1),(112,1),(115,1),(121,1),(125,1),(126,1),(133,1),(137,1),(151,1),(152,1),(153,1),(190,1),(191,1),(200,1),(201,1),(202,1),(208,1),(211,4),(213,1),(214,1),(221,1),(225,1),(227,4),(253,1)}
Murders     = {}
