ID              = 8188161
Name            = "Gromph Baenre Shadow"
Race            = 1
Profession      = 13
OriginalOutfit  = 132-72-87-119-61
CurrentOutfit   = 132-72-87-119-61
LastLogin       = 1132095906
LastLogout      = 1132096007
StartPosition   = [32369,32241,7]
CurrentPosition = [32344,32218,7]
PlayerkillerEnd = 0

Skill = (0,31,0,1,0,0,0,0,0,0,1,441981,0,452600,100)
Skill = (1,41,0,0,0,0,0,0,0,0,0,10359,1100,10752,20)
Skill = (2,300,300,0,0,0,0,0,0,0,5,0,0,0,0)
Skill = (3,725,725,0,0,0,0,0,0,0,30,0,0,0,0)
Skill = (4,100,100,0,0,0,0,0,0,0,1,0,0,0,0)
Skill = (5,700,700,0,0,0,0,0,0,0,10,0,0,0,0)
Skill = (6,22,0,10,0,0,0,0,0,0,0,33528,1500,38723,100)
Skill = (7,10,0,10,0,0,0,0,0,0,0,9,2000,30,30)
Skill = (8,10,0,10,0,0,0,0,0,0,0,12,2000,50,50)
Skill = (9,10,0,10,0,0,0,0,0,0,0,12,2000,50,50)
Skill = (10,18,0,10,0,0,0,0,0,0,0,19557,2000,25550,50)
Skill = (11,14,0,10,0,0,0,0,0,0,0,648,1500,659,50)
Skill = (12,0,2147483647,0,0,0,0,0,0,0,0,0,1000,2147483647,2147483647)
Skill = (13,61,0,10,0,0,0,0,0,0,0,26533,1100,28208,20)
Skill = (14,0,1200,0,0,0,0,0,0,0,0,0,0,0,0)
Skill = (15,0,2147483647,0,0,0,0,0,0,0,0,0,1000,2147483647,2147483647)
Skill = (16,0,2147483647,0,0,0,0,0,0,0,0,0,1000,2147483647,2147483647)
Skill = (17,0,2147483647,0,0,0,0,0,0,0,0,0,50,2147483647,2147483647)
Skill = (18,0,2147483647,0,0,0,0,0,0,0,0,0,1000,2147483647,2147483647)
Skill = (19,0,2147483647,0,0,0,0,0,0,0,0,0,1000,2147483647,2147483647)
Skill = (20,0,2147483647,0,0,0,0,0,0,0,0,0,1000,2147483647,2147483647)
Skill = (21,0,2147483647,0,0,0,0,0,0,0,0,0,1000,2147483647,2147483647)
Skill = (22,100,100,0,0,0,0,0,0,0,0,0,0,0,0)
Skill = (23,0,2147483647,0,0,0,0,0,0,0,0,0,1000,2147483647,2147483647)
Skill = (24,0,2147483647,0,0,0,0,0,0,0,0,0,1000,2147483647,2147483647)

Spells      = {2,3,8,9,10,16,20,21,24,25,29,39,44,45,76,81,83,86,87,88}
QuestValues = {(19,1),(20,1),(21,1),(23,1),(32,1),(33,1),(34,1),(35,1),(59,1),(100,1),(106,1),(107,1),(128,1),(141,1),(151,1),(152,1),(190,1),(191,1),(222,1)}
Murders     = {}
