ID              = 8271461
Name            = "Qnewt"
Race            = 1
Profession      = 2
OriginalOutfit  = 128-113-114-114-114
CurrentOutfit   = 128-113-114-114-114
LastLogin       = 1131058806
LastLogout      = 1131058845
StartPosition   = [32957,32076,7]
CurrentPosition = [32926,32081,7]
PlayerkillerEnd = 0

Skill = (0,24,0,1,0,0,0,0,0,0,1,183534,0,204800,100)
Skill = (1,9,0,0,0,0,0,0,0,0,0,1276,1400,1396,20)
Skill = (2,340,345,0,0,0,0,0,0,0,10,0,0,0,0)
Skill = (3,192,275,0,0,0,0,0,0,0,15,0,0,0,0)
Skill = (4,93,93,0,0,0,0,0,0,0,1,0,0,0,0)
Skill = (5,790,790,0,0,0,0,0,0,0,20,0,0,0,0)
Skill = (6,42,0,10,0,0,0,0,0,0,0,21737,1100,22225,100)
Skill = (7,58,0,10,0,0,0,0,0,0,0,29355,1100,31715,30)
Skill = (8,11,0,10,0,0,0,0,0,0,0,60,1200,109,50)
Skill = (9,26,0,10,0,0,0,0,0,0,0,4902,1200,5296,50)
Skill = (10,10,0,10,0,0,0,0,0,0,0,0,1200,50,50)
Skill = (11,20,0,10,0,0,0,0,0,0,0,1566,1200,1607,50)
Skill = (12,0,2147483647,0,0,0,0,0,0,0,0,0,1000,2147483647,2147483647)
Skill = (13,32,0,10,0,0,0,0,0,0,0,1580,1100,1590,20)
Skill = (14,0,1200,0,0,0,0,0,0,0,0,0,0,0,0)
Skill = (15,0,2147483647,0,0,0,0,0,0,0,0,0,1000,2147483647,2147483647)
Skill = (16,0,2147483647,0,0,0,0,0,0,0,0,0,1000,2147483647,2147483647)
Skill = (17,0,2147483647,0,0,0,0,0,0,0,0,0,50,2147483647,2147483647)
Skill = (18,0,2147483647,0,0,0,0,0,0,0,0,0,1000,2147483647,2147483647)
Skill = (19,0,2147483647,0,0,0,0,0,0,0,0,0,1000,2147483647,2147483647)
Skill = (20,0,2147483647,0,0,0,0,0,0,0,0,0,1000,2147483647,2147483647)
Skill = (21,0,2147483647,0,0,0,0,0,0,0,0,0,1000,2147483647,2147483647)
Skill = (22,98,100,0,0,0,0,0,120,120,0,0,0,0,0)
Skill = (23,0,2147483647,0,0,0,0,0,0,0,0,0,1000,2147483647,2147483647)
Skill = (24,0,2147483647,0,0,0,0,0,0,0,0,0,1000,2147483647,2147483647)

Spells      = {2,3,8,10,20,29,42,51}
QuestValues = {(17,1),(20,1),(21,1),(22,1),(23,1),(32,1),(33,1),(34,1),(59,1),(93,1),(94,1),(95,1),(96,1),(97,1),(190,1),(191,1),(223,1)}
Murders     = {}
