ID              = 8514761
Name            = "Brahyam vengeance"
Race            = 1
Profession      = 1
OriginalOutfit  = 129-0-123-57-114
CurrentOutfit   = 129-0-123-57-114
LastLogin       = 1123988849
LastLogout      = 1123989127
StartPosition   = [32957,32076,7]
CurrentPosition = [32924,32072,7]
PlayerkillerEnd = 0

Skill = (0,7,0,1,0,0,0,0,0,0,1,3573,0,4200,100)
Skill = (1,0,0,0,0,0,0,0,0,0,0,0,3000,20,20)
Skill = (2,170,170,0,0,0,0,0,0,0,15,0,0,0,0)
Skill = (3,30,30,0,0,0,0,0,0,0,5,0,0,0,0)
Skill = (4,76,76,0,0,0,0,0,0,0,1,0,0,0,0)
Skill = (5,445,445,0,0,0,0,0,0,0,25,0,0,0,0)
Skill = (6,23,0,10,0,0,0,0,0,0,0,2627,1100,2797,100)
Skill = (7,10,0,10,0,0,0,0,0,0,0,3,1400,30,30)
Skill = (8,11,0,10,0,0,0,0,0,0,0,59,1100,105,50)
Skill = (9,25,0,10,0,0,0,0,0,0,0,1774,1100,1797,50)
Skill = (10,10,0,10,0,0,0,0,0,0,0,9,1100,50,50)
Skill = (11,11,0,10,0,0,0,0,0,0,0,54,1100,105,50)
Skill = (12,0,2147483647,0,0,0,0,0,0,0,0,0,1000,2147483647,2147483647)
Skill = (13,12,0,10,0,0,0,0,0,0,0,45,1100,66,20)
Skill = (14,0,1200,0,0,0,0,0,0,0,0,0,0,0,0)
Skill = (15,0,2147483647,0,0,0,0,0,0,0,0,0,1000,2147483647,2147483647)
Skill = (16,0,2147483647,0,0,0,0,0,0,0,0,0,1000,2147483647,2147483647)
Skill = (17,0,2147483647,0,0,0,0,0,0,0,0,0,50,2147483647,2147483647)
Skill = (18,0,2147483647,0,0,0,0,0,0,0,0,0,1000,2147483647,2147483647)
Skill = (19,0,2147483647,0,0,0,0,0,0,0,0,0,1000,2147483647,2147483647)
Skill = (20,0,2147483647,0,0,0,0,0,0,0,0,0,1000,2147483647,2147483647)
Skill = (21,0,2147483647,0,0,0,0,0,0,0,0,0,1000,2147483647,2147483647)
Skill = (22,100,100,0,0,0,0,0,0,0,0,0,0,0,0)
Skill = (23,0,2147483647,0,0,0,0,0,0,0,0,0,1000,2147483647,2147483647)
Skill = (24,0,2147483647,0,0,0,0,0,0,0,0,0,1000,2147483647,2147483647)

Spells      = {}
QuestValues = {(19,1),(21,1),(22,1),(23,1),(35,1),(223,1)}
Murders     = {}
