ID              = 9059861
Name            = "Rock'Knight"
Race            = 1
Profession      = 11
OriginalOutfit  = 134-40-15-114-38
CurrentOutfit   = 134-40-15-114-38
LastLogin       = 1130460079
LastLogout      = 1130460883
StartPosition   = [33217,31814,8]
CurrentPosition = [33169,32858,7]
PlayerkillerEnd = 0

Skill = (0,39,0,1,0,0,0,0,0,0,1,869858,0,917800,100)
Skill = (1,4,0,0,0,0,0,0,0,0,0,1999,3000,2420,20)
Skill = (2,650,650,0,0,0,0,0,0,0,15,0,0,0,0)
Skill = (3,139,190,0,0,0,0,0,0,0,5,0,0,0,0)
Skill = (4,108,108,0,20,0,0,0,10,10,1,0,0,0,0)
Skill = (5,1245,1245,0,0,0,0,0,0,0,25,0,0,0,0)
Skill = (6,60,0,10,0,0,0,0,0,0,0,120431,1100,128129,100)
Skill = (7,10,0,10,0,0,0,0,0,0,0,0,1400,30,30)
Skill = (8,10,0,10,0,0,0,0,0,0,0,0,1100,50,50)
Skill = (9,63,0,10,0,0,0,0,0,0,0,84253,1100,85435,50)
Skill = (10,10,0,10,0,0,0,0,0,0,0,0,1100,50,50)
Skill = (11,10,0,10,0,0,0,0,0,0,0,19,1100,50,50)
Skill = (12,0,2147483647,0,0,0,0,0,0,0,0,0,1000,2147483647,2147483647)
Skill = (13,49,0,10,0,0,0,0,0,0,0,8833,1100,8851,20)
Skill = (14,0,1200,0,0,0,799,0,0,0,0,0,0,0,0)
Skill = (15,0,2147483647,0,0,0,0,0,83,83,0,0,1000,2147483647,2147483647)
Skill = (16,0,2147483647,0,0,0,0,0,0,0,0,0,1000,2147483647,2147483647)
Skill = (17,0,2147483647,0,0,0,0,0,0,0,0,0,50,2147483647,2147483647)
Skill = (18,0,2147483647,0,0,0,0,0,0,0,0,0,1000,2147483647,2147483647)
Skill = (19,0,2147483647,0,0,0,0,0,10,10,0,0,1000,2147483647,2147483647)
Skill = (20,0,2147483647,0,0,0,0,0,120,120,0,0,1000,2147483647,2147483647)
Skill = (21,0,2147483647,0,0,0,0,0,0,0,0,0,1000,2147483647,2147483647)
Skill = (22,200,200,0,0,0,0,0,15,15,0,0,0,0,0)
Skill = (23,0,2147483647,0,0,0,0,0,0,0,0,0,1000,2147483647,2147483647)
Skill = (24,0,2147483647,0,0,0,0,0,0,0,0,0,1000,2147483647,2147483647)

Spells      = {1,6,10,29,76,81}
QuestValues = {(1,4),(2,6),(20,1),(21,1),(22,1),(23,1),(27,1),(32,1),(33,1),(34,1),(36,1),(41,1),(42,1),(43,1),(44,1),(55,1),(56,1),(84,1),(85,1),(86,1),(87,1),(88,1),(89,1),(90,1),(96,1),(97,1),(98,1),(100,1),(108,1),(109,1),(111,1),(112,1),(125,1),(126,1),(140,1),(141,1),(151,1),(152,1),(190,1),(191,1),(211,4),(253,1)}
Murders     = {}
