ID              = 9363461
Name            = "Zath Zelo"
Race            = 1
Profession      = 14
OriginalOutfit  = 129-88-114-114-114
CurrentOutfit   = 129-88-114-114-114
LastLogin       = 1131838529
LastLogout      = 1131838573
StartPosition   = [32732,31634,7]
CurrentPosition = [32683,31685,7]
PlayerkillerEnd = 1132428571

Skill = (0,33,0,1,0,0,0,0,0,0,1,520640,0,548900,100)
Skill = (1,43,0,0,0,0,0,0,0,0,0,12062,1100,13052,20)
Skill = (2,310,310,0,0,0,0,0,0,0,5,0,0,0,0)
Skill = (3,742,785,0,0,0,0,0,0,0,30,0,0,0,0)
Skill = (4,102,102,0,0,0,0,0,0,0,1,0,0,0,0)
Skill = (5,720,720,0,0,0,0,0,0,0,10,0,0,0,0)
Skill = (6,19,0,10,0,0,0,0,0,0,0,8846,1500,11333,100)
Skill = (7,10,0,10,0,0,0,0,0,0,0,9,1800,30,30)
Skill = (8,10,0,10,0,0,0,0,0,0,0,0,1800,50,50)
Skill = (9,21,0,10,0,0,0,0,0,0,0,41273,1800,72239,50)
Skill = (10,12,0,10,0,0,0,0,0,0,0,234,1800,302,50)
Skill = (11,13,0,10,0,0,0,0,0,0,0,257,1500,406,50)
Skill = (12,0,2147483647,0,0,0,0,0,0,0,0,0,1000,2147483647,2147483647)
Skill = (13,50,0,10,0,0,0,0,0,0,0,8877,1100,9757,20)
Skill = (14,0,1200,0,0,0,0,0,0,0,0,0,0,0,0)
Skill = (15,0,2147483647,0,0,0,0,0,0,0,0,0,1000,2147483647,2147483647)
Skill = (16,0,2147483647,0,0,0,0,0,0,0,0,0,1000,2147483647,2147483647)
Skill = (17,0,2147483647,0,0,0,0,0,0,0,0,0,50,2147483647,2147483647)
Skill = (18,0,2147483647,0,0,0,0,0,0,0,0,0,1000,2147483647,2147483647)
Skill = (19,0,2147483647,0,0,0,0,0,0,0,0,0,1000,2147483647,2147483647)
Skill = (20,0,2147483647,0,0,0,0,0,0,0,0,0,1000,2147483647,2147483647)
Skill = (21,0,2147483647,0,0,0,0,0,0,0,0,0,1000,2147483647,2147483647)
Skill = (22,1,100,0,0,0,0,0,0,0,0,0,0,0,0)
Skill = (23,0,2147483647,0,0,0,0,0,0,0,0,0,1000,2147483647,2147483647)
Skill = (24,0,2147483647,0,0,0,0,0,0,0,0,0,1000,2147483647,2147483647)

Spells      = {1,3,5,8,9,16,17,20,29,30,31,39,42,45,56,76,81,82,84,87,91}
QuestValues = {(1,2),(2,6),(36,1),(41,1),(42,1),(43,1),(44,1),(56,1),(67,1),(68,1),(69,1),(70,1),(71,1),(77,1),(78,1),(96,1),(97,1),(98,1),(109,1),(111,1),(112,1),(125,1),(126,1),(137,1),(151,1),(152,1),(153,1),(190,1),(191,1),(211,4),(222,1),(225,1),(226,1),(227,5),(228,2),(229,3),(230,21),(231,2),(232,1),(233,10),(234,7),(235,1),(236,1),(237,1),(238,1),(239,1),(240,1),(241,1),(242,1),(243,1),(244,2),(245,2),(246,1),(247,1),(248,1),(249,5),(250,5),(251,1),(254,1)}
Murders     = {1129517225,1129776779,1129776842,1129836571}
