ID              = 10636467
Name            = "Angel de fire"
Race            = 1
Profession      = 1
OriginalOutfit  = 138-79-94-0-106
CurrentOutfit   = 138-79-94-0-106
LastLogin       = 1131410822
LastLogout      = 1131415648
StartPosition   = [32369,32241,7]
CurrentPosition = [32359,32171,7]
PlayerkillerEnd = 0

Skill = (0,13,0,1,0,0,0,0,0,0,1,27688,0,29900,100)
Skill = (1,2,0,0,0,0,0,0,0,0,0,178,3000,260,20)
Skill = (2,77,260,0,0,0,0,0,0,0,15,0,0,0,0)
Skill = (3,20,60,0,0,0,0,0,0,0,5,0,0,0,0)
Skill = (4,82,82,0,0,0,0,0,0,0,1,0,0,0,0)
Skill = (5,595,595,0,0,0,0,0,0,0,25,0,0,0,0)
Skill = (6,31,0,10,0,0,0,0,0,0,0,6437,1100,7140,100)
Skill = (7,10,0,10,0,0,0,0,0,0,0,8,1400,30,30)
Skill = (8,36,0,10,0,0,0,0,0,0,0,5934,1100,6054,50)
Skill = (9,12,0,10,0,0,0,0,0,0,0,116,1100,165,50)
Skill = (10,10,0,10,0,0,0,0,0,0,0,18,1100,50,50)
Skill = (11,10,0,10,0,0,0,0,0,0,0,48,1100,50,50)
Skill = (12,0,2147483647,0,0,0,0,0,0,0,0,0,1000,2147483647,2147483647)
Skill = (13,22,0,10,0,0,0,0,0,0,0,470,1100,490,20)
Skill = (14,0,1200,0,0,0,1170,0,0,0,0,0,0,0,0)
Skill = (15,0,2147483647,0,0,0,0,0,83,83,0,0,1000,2147483647,2147483647)
Skill = (16,0,2147483647,0,0,0,0,0,0,0,0,0,1000,2147483647,2147483647)
Skill = (17,0,2147483647,0,0,0,0,0,0,0,0,0,50,2147483647,2147483647)
Skill = (18,0,2147483647,0,0,0,0,0,0,0,0,0,1000,2147483647,2147483647)
Skill = (19,0,2147483647,0,0,0,0,0,0,0,0,0,1000,2147483647,2147483647)
Skill = (20,0,2147483647,0,0,0,0,0,0,0,0,0,1000,2147483647,2147483647)
Skill = (21,0,2147483647,0,0,0,0,0,0,0,0,0,1000,2147483647,2147483647)
Skill = (22,100,100,0,0,0,1,0,49,120,0,0,0,0,0)
Skill = (23,0,2147483647,0,0,0,0,0,0,0,0,0,1000,2147483647,2147483647)
Skill = (24,0,2147483647,0,0,0,0,0,0,0,0,0,1000,2147483647,2147483647)

Spells      = {1,10,20,29}
QuestValues = {(18,1),(20,1),(21,1),(22,1),(23,1),(32,1),(33,1),(34,1),(35,1),(59,1),(100,1),(106,1),(107,1),(223,1)}
Murders     = {1131238508}
