ID              = 10865867
Name            = "Strong Junior"
Race            = 1
Profession      = 1
OriginalOutfit  = 134-2-102-26-102
CurrentOutfit   = 134-2-102-26-102
LastLogin       = 1132108517
LastLogout      = 1132112329
StartPosition   = [33194,32853,8]
CurrentPosition = [32645,31909,8]
PlayerkillerEnd = 0

Skill = (0,24,0,1,0,0,0,0,0,0,1,201331,0,204800,100)
Skill = (1,3,0,0,0,0,0,0,0,0,0,684,3000,800,20)
Skill = (2,425,425,0,0,0,0,0,0,0,15,0,0,0,0)
Skill = (3,31,115,0,0,0,0,0,0,0,5,0,0,0,0)
Skill = (4,93,93,0,0,0,0,0,0,0,1,0,0,0,0)
Skill = (5,870,870,0,0,0,0,0,0,0,25,0,0,0,0)
Skill = (6,38,0,10,0,0,0,0,0,0,0,13874,1100,14863,100)
Skill = (7,10,0,10,0,0,0,0,0,0,0,0,1400,30,30)
Skill = (8,48,0,10,0,0,0,0,0,0,0,19134,1100,20072,50)
Skill = (9,17,0,10,0,0,0,0,0,0,0,540,1100,571,50)
Skill = (10,14,0,10,0,0,0,0,0,0,0,241,1100,305,50)
Skill = (11,10,0,10,0,0,0,0,0,0,0,37,1100,50,50)
Skill = (12,0,2147483647,0,0,0,0,0,0,0,0,0,1000,2147483647,2147483647)
Skill = (13,18,0,10,0,0,0,0,0,0,0,262,1100,271,20)
Skill = (14,0,1200,0,0,0,826,0,0,0,0,0,0,0,0)
Skill = (15,0,2147483647,0,0,0,0,0,0,0,0,0,1000,2147483647,2147483647)
Skill = (16,0,2147483647,0,0,0,0,0,0,0,0,0,1000,2147483647,2147483647)
Skill = (17,0,2147483647,0,0,0,0,0,0,0,0,0,50,2147483647,2147483647)
Skill = (18,0,2147483647,0,0,0,0,0,0,0,0,0,1000,2147483647,2147483647)
Skill = (19,0,2147483647,0,0,0,0,0,0,0,0,0,1000,2147483647,2147483647)
Skill = (20,0,2147483647,0,0,0,0,0,0,0,0,0,1000,2147483647,2147483647)
Skill = (21,0,2147483647,0,0,0,0,0,0,0,0,0,1000,2147483647,2147483647)
Skill = (22,100,100,0,0,0,0,0,120,120,0,0,0,0,0)
Skill = (23,0,2147483647,0,0,0,0,0,0,0,0,0,1000,2147483647,2147483647)
Skill = (24,0,2147483647,0,0,0,0,0,0,0,0,0,1000,2147483647,2147483647)

Spells      = {1,10,11,29}
QuestValues = {(17,1),(18,1),(20,1),(35,1),(37,1),(54,1),(55,1),(59,1),(69,1),(99,1),(100,1),(106,1),(107,1),(128,1),(140,1),(141,1),(223,1),(226,1)}
Murders     = {}
