ID              = 11214967
Name            = "Maroki"
Race            = 1
Profession      = 2
OriginalOutfit  = 129-114-114-114-114
CurrentOutfit   = 129-114-114-114-114
LastLogin       = 1131995792
LastLogout      = 1132002939
StartPosition   = [32360,31782,7]
CurrentPosition = [32329,31779,6]
PlayerkillerEnd = 0

Skill = (0,18,0,1,0,0,0,0,0,0,1,71537,0,83400,100)
Skill = (1,7,0,0,0,0,0,0,0,0,0,650,1400,687,20)
Skill = (2,206,285,0,0,0,0,0,0,0,10,0,0,0,0)
Skill = (3,56,185,0,0,0,0,0,0,0,15,0,0,0,0)
Skill = (4,87,87,0,0,0,0,0,0,0,1,0,0,0,0)
Skill = (5,670,670,0,0,0,0,0,0,0,20,0,0,0,0)
Skill = (6,38,0,10,0,0,0,0,0,0,0,13673,1100,14863,100)
Skill = (7,51,0,10,0,0,0,0,0,0,0,15116,1100,16129,30)
Skill = (8,10,0,10,0,0,0,0,0,0,0,0,1200,50,50)
Skill = (9,13,0,10,0,0,0,0,0,0,0,203,1200,268,50)
Skill = (10,10,0,10,0,0,0,0,0,0,0,1,1200,50,50)
Skill = (11,23,0,10,0,0,0,0,0,0,0,2928,1200,2959,50)
Skill = (12,0,2147483647,0,0,0,0,0,0,0,0,0,1000,2147483647,2147483647)
Skill = (13,12,0,10,0,0,0,0,0,0,0,42,1100,66,20)
Skill = (14,0,1200,0,0,0,1003,0,0,0,0,0,0,0,0)
Skill = (15,0,2147483647,0,0,0,0,0,0,0,0,0,1000,2147483647,2147483647)
Skill = (16,0,2147483647,0,0,0,0,0,0,0,0,0,1000,2147483647,2147483647)
Skill = (17,0,2147483647,0,0,0,0,0,0,0,0,0,50,2147483647,2147483647)
Skill = (18,0,2147483647,0,0,0,0,0,8,8,0,0,1000,2147483647,2147483647)
Skill = (19,0,2147483647,0,0,0,0,0,0,0,0,0,1000,2147483647,2147483647)
Skill = (20,0,2147483647,0,0,0,0,0,0,0,0,0,1000,2147483647,2147483647)
Skill = (21,0,2147483647,0,0,0,0,0,0,0,0,0,1000,2147483647,2147483647)
Skill = (22,100,100,0,0,0,0,0,120,120,0,0,0,0,0)
Skill = (23,0,2147483647,0,0,0,0,0,0,0,0,0,1000,2147483647,2147483647)
Skill = (24,0,2147483647,0,0,0,0,0,0,0,0,0,1000,2147483647,2147483647)

Spells      = {1,2,7,8,10,11,15,20,29,30,42,44,48,51}
QuestValues = {(20,1),(21,1),(22,1),(23,1),(32,1),(33,1),(34,1),(60,1),(61,1)}
Murders     = {}
