ID              = 9619567
Name            = "Eternal Evizerate"
Race            = 1
Profession      = 2
OriginalOutfit  = 128-0-94-114-0
CurrentOutfit   = 128-0-94-114-0
LastLogin       = 1132081337
LastLogout      = 1132081424
StartPosition   = [32732,31634,7]
CurrentPosition = [32679,31687,7]
PlayerkillerEnd = 0

Skill = (0,15,0,1,0,0,0,0,0,0,1,40788,0,47000,100)
Skill = (1,7,0,0,0,0,0,0,0,0,0,579,1400,687,20)
Skill = (2,255,255,0,0,0,0,0,0,0,10,0,0,0,0)
Skill = (3,65,140,0,0,0,0,0,0,0,15,0,0,0,0)
Skill = (4,84,84,0,0,0,0,0,0,0,1,0,0,0,0)
Skill = (5,610,610,0,0,0,0,0,0,0,20,0,0,0,0)
Skill = (6,27,0,10,0,0,0,0,0,0,0,4323,1100,4559,100)
Skill = (7,46,0,10,0,0,0,0,0,0,0,9340,1100,9901,30)
Skill = (8,12,0,10,0,0,0,0,0,0,0,170,1200,181,50)
Skill = (9,10,0,10,0,0,0,0,0,0,0,34,1200,50,50)
Skill = (10,10,0,10,0,0,0,0,0,0,0,0,1200,50,50)
Skill = (11,13,0,10,0,0,0,0,0,0,0,219,1200,268,50)
Skill = (12,0,2147483647,0,0,0,0,0,0,0,0,0,1000,2147483647,2147483647)
Skill = (13,23,0,10,0,0,0,0,0,0,0,521,1100,559,20)
Skill = (14,0,1200,0,0,0,0,0,0,0,0,0,0,0,0)
Skill = (15,0,2147483647,0,0,0,0,0,83,83,0,0,1000,2147483647,2147483647)
Skill = (16,0,2147483647,0,0,0,0,0,0,0,0,0,1000,2147483647,2147483647)
Skill = (17,0,2147483647,0,0,0,0,0,3,3,0,0,50,2147483647,2147483647)
Skill = (18,0,2147483647,0,0,0,0,0,0,0,0,0,1000,2147483647,2147483647)
Skill = (19,0,2147483647,0,0,0,0,0,0,0,0,0,1000,2147483647,2147483647)
Skill = (20,0,2147483647,0,0,0,0,0,0,0,0,0,1000,2147483647,2147483647)
Skill = (21,0,2147483647,0,0,0,0,0,0,0,0,0,1000,2147483647,2147483647)
Skill = (22,100,100,0,0,0,0,0,120,120,0,0,0,0,0)
Skill = (23,0,2147483647,0,0,0,0,0,0,0,0,0,1000,2147483647,2147483647)
Skill = (24,0,2147483647,0,0,0,0,0,0,0,0,0,1000,2147483647,2147483647)

Spells      = {1,3,8,10,11,20,42,51}
QuestValues = {(20,1),(21,1),(22,1),(23,1),(32,1),(33,1),(34,1),(59,1),(61,1),(125,1),(126,1)}
Murders     = {}
