ID              = 10125807
Name            = "Anix Grade"
Race            = 1
Profession      = 1
OriginalOutfit  = 139-79-88-94-114
CurrentOutfit   = 139-79-88-94-114
LastLogin       = 1125225415
LastLogout      = 1125227059
StartPosition   = [32369,32241,7]
CurrentPosition = [32357,32113,9]
PlayerkillerEnd = 0

Skill = (0,10,0,1,0,0,0,0,0,0,1,10004,0,13000,100)
Skill = (1,2,0,0,0,0,0,0,0,0,0,87,3000,260,20)
Skill = (2,0,215,0,0,0,0,0,0,0,15,0,0,0,0)
Skill = (3,30,45,0,0,0,0,0,0,0,5,0,0,0,0)
Skill = (4,79,79,0,0,0,0,0,0,0,1,0,0,0,0)
Skill = (5,520,520,0,0,0,0,0,0,0,25,0,0,0,0)
Skill = (6,30,0,10,0,0,0,0,0,0,0,5895,1100,6400,100)
Skill = (7,14,0,10,0,0,0,0,0,0,0,274,1400,328,30)
Skill = (8,30,0,10,0,0,0,0,0,0,0,3151,1100,3200,50)
Skill = (9,13,0,10,0,0,0,0,0,0,0,182,1100,232,50)
Skill = (10,10,0,10,0,0,0,0,0,0,0,0,1100,50,50)
Skill = (11,12,0,10,0,0,0,0,0,0,0,115,1100,165,50)
Skill = (12,0,2147483647,0,0,0,0,0,0,0,0,0,1000,2147483647,2147483647)
Skill = (13,18,0,10,0,0,0,0,0,0,0,250,1100,271,20)
Skill = (14,0,1200,0,0,0,470,0,0,0,0,0,0,0,0)
Skill = (15,0,2147483647,0,0,0,4,0,63,83,0,0,1000,2147483647,2147483647)
Skill = (16,0,2147483647,0,0,0,0,0,0,0,0,0,1000,2147483647,2147483647)
Skill = (17,0,2147483647,0,0,0,0,0,3,3,0,0,50,2147483647,2147483647)
Skill = (18,0,2147483647,0,0,0,0,0,0,0,0,0,1000,2147483647,2147483647)
Skill = (19,0,2147483647,0,0,0,0,0,0,0,0,0,1000,2147483647,2147483647)
Skill = (20,0,2147483647,0,0,0,0,0,0,0,0,0,1000,2147483647,2147483647)
Skill = (21,0,2147483647,0,0,0,0,0,0,0,0,0,1000,2147483647,2147483647)
Skill = (22,100,100,0,0,0,0,0,120,120,0,0,0,0,0)
Skill = (23,0,2147483647,0,0,0,0,0,0,0,0,0,1000,2147483647,2147483647)
Skill = (24,0,2147483647,0,0,0,0,0,0,0,0,0,1000,2147483647,2147483647)

Spells      = {10}
QuestValues = {(20,1),(59,1),(100,1),(223,1),(224,1)}
Murders     = {}
