ID              = 10610107
Name            = "Dogodny'ryj"
Race            = 1
Profession      = 0
OriginalOutfit  = 128-81-63-58-65
CurrentOutfit   = 128-81-63-58-65
LastLogin       = 1125762955
LastLogout      = 1125774480
StartPosition   = [32097,32219,7]
CurrentPosition = [32093,32133,8]
PlayerkillerEnd = 0

Skill = (0,4,0,1,0,0,0,0,0,0,1,682,0,800,100)
Skill = (1,0,0,0,0,0,0,0,0,0,0,0,3000,20,20)
Skill = (2,25,165,0,0,0,0,0,0,0,5,0,0,0,0)
Skill = (3,15,15,0,0,0,0,0,0,0,5,0,0,0,0)
Skill = (4,73,73,0,0,0,0,0,0,0,1,0,0,0,0)
Skill = (5,430,430,0,0,0,0,0,0,0,10,0,0,0,0)
Skill = (6,13,0,10,0,0,0,0,0,0,0,575,1500,812,100)
Skill = (7,10,0,10,0,0,0,0,0,0,0,0,2000,30,30)
Skill = (8,13,0,10,0,0,0,0,0,0,0,663,2000,750,50)
Skill = (9,10,0,10,0,0,0,0,0,0,0,0,2000,50,50)
Skill = (10,10,0,10,0,0,0,0,0,0,0,0,2000,50,50)
Skill = (11,10,0,10,0,0,0,0,0,0,0,0,1500,50,50)
Skill = (12,0,2147483647,0,0,0,0,0,0,0,0,0,1000,2147483647,2147483647)
Skill = (13,16,0,10,0,0,0,0,0,0,0,183,1100,189,20)
Skill = (14,0,1200,0,0,0,0,0,0,0,0,0,0,0,0)
Skill = (15,0,2147483647,0,0,0,0,0,0,0,0,0,1000,2147483647,2147483647)
Skill = (16,0,2147483647,0,0,0,0,0,0,0,0,0,1000,2147483647,2147483647)
Skill = (17,0,2147483647,0,0,0,0,0,3,3,0,0,50,2147483647,2147483647)
Skill = (18,0,2147483647,0,0,0,0,0,0,0,0,0,1000,2147483647,2147483647)
Skill = (19,0,2147483647,0,0,0,0,0,0,0,0,0,1000,2147483647,2147483647)
Skill = (20,0,2147483647,0,0,0,0,0,0,0,0,0,1000,2147483647,2147483647)
Skill = (21,0,2147483647,0,0,0,0,0,0,0,0,0,1000,2147483647,2147483647)
Skill = (22,100,100,0,0,0,2,0,25,120,0,0,0,0,0)
Skill = (23,0,2147483647,0,0,0,0,0,0,0,0,0,1000,2147483647,2147483647)
Skill = (24,0,2147483647,0,0,0,0,0,0,0,0,0,1000,2147483647,2147483647)

Spells      = {}
QuestValues = {(20,1),(32,1),(33,1),(34,1),(59,1)}
Murders     = {}
