ID              = 10625407
Name            = "Mela Tyron"
Race            = 1
Profession      = 1
OriginalOutfit  = 128-79-94-79-94
CurrentOutfit   = 128-79-94-79-94
LastLogin       = 1132103341
LastLogout      = 1132105722
StartPosition   = [32957,32076,7]
CurrentPosition = [32622,31757,7]
PlayerkillerEnd = 0

Skill = (0,23,0,1,0,0,0,0,0,0,1,179322,0,179400,100)
Skill = (1,3,0,0,0,0,0,0,0,0,0,555,3000,800,20)
Skill = (2,410,410,0,0,0,0,0,0,0,15,0,0,0,0)
Skill = (3,82,110,0,0,0,0,0,0,0,5,0,0,0,0)
Skill = (4,92,92,0,0,0,0,0,0,0,1,0,0,0,0)
Skill = (5,845,845,0,0,0,0,0,0,0,25,0,0,0,0)
Skill = (6,41,0,10,0,0,0,0,0,0,0,19808,1100,20113,100)
Skill = (7,10,0,10,0,0,0,0,0,0,0,11,1400,30,30)
Skill = (8,10,0,10,0,0,0,0,0,0,0,0,1100,50,50)
Skill = (9,46,0,10,0,0,0,0,0,0,0,16484,1100,16501,50)
Skill = (10,20,0,10,0,0,0,0,0,0,0,810,1100,926,50)
Skill = (11,10,0,10,0,0,0,0,0,0,0,43,1100,50,50)
Skill = (12,0,2147483647,0,0,0,0,0,0,0,0,0,1000,2147483647,2147483647)
Skill = (13,10,0,10,0,0,0,0,0,0,0,0,1100,20,20)
Skill = (14,0,1200,0,0,0,851,0,0,0,0,0,0,0,0)
Skill = (15,0,2147483647,0,0,0,0,0,0,0,0,0,1000,2147483647,2147483647)
Skill = (16,0,2147483647,0,0,0,0,0,0,0,0,0,1000,2147483647,2147483647)
Skill = (17,0,2147483647,0,0,0,0,0,3,3,0,0,50,2147483647,2147483647)
Skill = (18,0,2147483647,0,0,0,0,0,0,0,0,0,1000,2147483647,2147483647)
Skill = (19,0,2147483647,0,0,0,0,0,0,0,0,0,1000,2147483647,2147483647)
Skill = (20,0,2147483647,0,0,0,0,0,0,0,0,0,1000,2147483647,2147483647)
Skill = (21,0,2147483647,0,0,0,0,0,0,0,0,0,1000,2147483647,2147483647)
Skill = (22,100,100,0,0,0,1,0,19,120,0,0,0,0,0)
Skill = (23,0,2147483647,0,0,0,0,0,0,0,0,0,1000,2147483647,2147483647)
Skill = (24,0,2147483647,0,0,0,0,0,0,0,0,0,1000,2147483647,2147483647)

Spells      = {1,10,20}
QuestValues = {(18,1),(20,1),(21,1),(22,1),(23,1),(35,1),(125,1),(126,1)}
Murders     = {}
