ID              = 8051907
Name            = "Sir Lu Pirado"
Race            = 1
Profession      = 4
OriginalOutfit  = 128-0-101-79-88
CurrentOutfit   = 128-0-101-79-88
LastLogin       = 1129950433
LastLogout      = 1129950442
StartPosition   = [32360,31782,7]
CurrentPosition = [32526,31966,7]
PlayerkillerEnd = 0

Skill = (0,12,0,1,0,0,0,0,0,0,1,19821,0,23200,100)
Skill = (1,31,0,0,0,0,0,0,0,0,0,3816,1100,4022,20)
Skill = (2,205,205,0,0,0,0,0,0,0,5,0,0,0,0)
Skill = (3,151,155,0,0,0,0,0,0,0,30,0,0,0,0)
Skill = (4,81,81,0,0,0,0,0,0,0,1,0,0,0,0)
Skill = (5,510,510,0,0,0,0,0,0,0,10,0,0,0,0)
Skill = (6,19,0,10,0,0,0,0,0,0,0,9922,1500,11333,100)
Skill = (7,10,0,10,0,0,0,0,0,0,0,3,1800,30,30)
Skill = (8,10,0,10,0,0,0,0,0,0,0,12,1800,50,50)
Skill = (9,17,0,10,0,0,0,0,0,0,0,5210,1800,6824,50)
Skill = (10,12,0,10,0,0,0,0,0,0,0,249,1800,302,50)
Skill = (11,13,0,10,0,0,0,0,0,0,0,295,1500,406,50)
Skill = (12,0,2147483647,0,0,0,0,0,0,0,0,0,1000,2147483647,2147483647)
Skill = (13,52,0,10,0,0,0,0,0,0,0,11548,1100,11848,20)
Skill = (14,0,1200,0,0,0,953,0,0,0,0,0,0,0,0)
Skill = (15,0,2147483647,0,0,0,0,0,83,83,0,0,1000,2147483647,2147483647)
Skill = (16,0,2147483647,0,0,0,0,0,0,0,0,0,1000,2147483647,2147483647)
Skill = (17,0,2147483647,0,0,0,0,0,3,3,0,0,50,2147483647,2147483647)
Skill = (18,0,2147483647,0,0,0,0,0,8,8,0,0,1000,2147483647,2147483647)
Skill = (19,0,2147483647,0,0,0,0,0,0,0,0,0,1000,2147483647,2147483647)
Skill = (20,0,2147483647,0,0,0,0,0,120,120,0,0,1000,2147483647,2147483647)
Skill = (21,0,2147483647,0,0,0,0,0,0,0,0,0,1000,2147483647,2147483647)
Skill = (22,21,100,0,0,0,1,0,38,120,0,0,0,0,0)
Skill = (23,0,2147483647,0,0,0,0,0,0,0,0,0,1000,2147483647,2147483647)
Skill = (24,0,2147483647,0,0,0,0,0,0,0,0,0,1000,2147483647,2147483647)

Spells      = {1,5,8,10,20}
QuestValues = {(20,1),(21,1),(22,1),(23,1),(24,1),(32,1),(33,1),(34,1),(35,1),(60,1),(61,1),(67,1),(68,1),(70,1),(88,1),(89,1),(90,1),(109,1),(253,1),(254,1)}
Murders     = {}
