ID              = 8455707
Name            = "Nami navigator"
Race            = 1
Profession      = 2
OriginalOutfit  = 142-114-94-94-94
CurrentOutfit   = 142-114-94-94-94
LastLogin       = 1131465526
LastLogout      = 1131465528
StartPosition   = [32360,31782,7]
CurrentPosition = [32334,31781,8]
PlayerkillerEnd = 0

Skill = (0,10,0,1,0,0,0,0,0,0,1,10031,0,13000,100)
Skill = (1,1,0,0,0,0,0,0,0,0,0,33,1400,47,20)
Skill = (2,155,205,0,0,0,0,0,0,0,10,0,0,0,0)
Skill = (3,23,65,0,0,0,0,0,0,0,15,0,0,0,0)
Skill = (4,79,79,0,0,0,0,0,0,0,1,0,0,0,0)
Skill = (5,510,510,0,0,0,0,0,0,0,20,0,0,0,0)
Skill = (6,26,0,10,0,0,0,0,0,0,0,3910,1100,4054,100)
Skill = (7,31,0,10,0,0,0,0,0,0,0,1948,1100,2142,30)
Skill = (8,20,0,10,0,0,0,0,0,0,0,1328,1200,1607,50)
Skill = (9,10,0,10,0,0,0,0,0,0,0,0,1200,50,50)
Skill = (10,10,0,10,0,0,0,0,0,0,0,0,1200,50,50)
Skill = (11,11,0,10,0,0,0,0,0,0,0,68,1200,109,50)
Skill = (12,0,2147483647,0,0,0,0,0,0,0,0,0,1000,2147483647,2147483647)
Skill = (13,10,0,10,0,0,0,0,0,0,0,0,1100,20,20)
Skill = (14,0,1200,0,0,0,0,0,0,0,0,0,0,0,0)
Skill = (15,0,2147483647,0,0,0,0,0,83,83,0,0,1000,2147483647,2147483647)
Skill = (16,0,2147483647,0,0,0,0,0,0,0,0,0,1000,2147483647,2147483647)
Skill = (17,0,2147483647,0,0,0,0,0,3,3,0,0,50,2147483647,2147483647)
Skill = (18,0,2147483647,0,0,0,0,0,8,8,0,0,1000,2147483647,2147483647)
Skill = (19,0,2147483647,0,0,0,0,0,0,0,0,0,1000,2147483647,2147483647)
Skill = (20,0,2147483647,0,0,0,0,0,0,0,0,0,1000,2147483647,2147483647)
Skill = (21,0,2147483647,0,0,0,0,0,0,0,0,0,1000,2147483647,2147483647)
Skill = (22,100,100,0,0,0,0,0,120,120,0,0,0,0,0)
Skill = (23,0,2147483647,0,0,0,0,0,0,0,0,0,1000,2147483647,2147483647)
Skill = (24,0,2147483647,0,0,0,0,0,0,0,0,0,1000,2147483647,2147483647)

Spells      = {1,10}
QuestValues = {(20,1),(21,1),(22,1),(23,1),(27,1)}
Murders     = {}
