ID              = 8602507
Name            = "Kongpow Turbinado"
Race            = 1
Profession      = 2
OriginalOutfit  = 129-0-94-0-94
CurrentOutfit   = 129-0-94-0-94
LastLogin       = 1128980100
LastLogout      = 1128980286
StartPosition   = [32360,31782,7]
CurrentPosition = [32838,31921,7]
PlayerkillerEnd = 0

Skill = (0,11,0,1,0,0,0,0,0,0,1,14690,0,17600,100)
Skill = (1,4,0,0,0,0,0,0,0,0,0,195,1400,218,20)
Skill = (2,0,215,0,0,0,0,0,0,0,10,0,0,0,0)
Skill = (3,5,80,0,0,0,0,0,0,0,15,0,0,0,0)
Skill = (4,80,80,0,0,0,0,0,0,0,1,0,0,0,0)
Skill = (5,530,530,0,0,0,0,0,0,0,20,0,0,0,0)
Skill = (6,28,0,10,0,0,0,0,0,0,0,4671,1100,5115,100)
Skill = (7,38,0,10,0,0,0,0,0,0,0,4216,1100,4458,30)
Skill = (8,10,0,10,0,0,0,0,0,0,0,0,1200,50,50)
Skill = (9,13,0,10,0,0,0,0,0,0,0,203,1200,268,50)
Skill = (10,10,0,10,0,0,0,0,0,0,0,0,1200,50,50)
Skill = (11,11,0,10,0,0,0,0,0,0,0,51,1200,109,50)
Skill = (12,0,2147483647,0,0,0,0,0,0,0,0,0,1000,2147483647,2147483647)
Skill = (13,23,0,10,0,0,0,0,0,0,0,504,1100,559,20)
Skill = (14,0,1200,0,0,0,0,0,0,0,0,0,0,0,0)
Skill = (15,0,2147483647,0,0,0,0,0,0,0,0,0,1000,2147483647,2147483647)
Skill = (16,0,2147483647,0,0,0,0,0,0,0,0,0,1000,2147483647,2147483647)
Skill = (17,0,2147483647,0,0,0,0,0,0,0,0,0,50,2147483647,2147483647)
Skill = (18,0,2147483647,0,0,0,0,0,8,8,0,0,1000,2147483647,2147483647)
Skill = (19,0,2147483647,0,0,0,0,0,0,0,0,0,1000,2147483647,2147483647)
Skill = (20,0,2147483647,0,0,0,0,0,0,0,0,0,1000,2147483647,2147483647)
Skill = (21,0,2147483647,0,0,0,0,0,0,0,0,0,1000,2147483647,2147483647)
Skill = (22,100,100,0,0,0,0,0,0,0,0,0,0,0,0)
Skill = (23,0,2147483647,0,0,0,0,0,0,0,0,0,1000,2147483647,2147483647)
Skill = (24,0,2147483647,0,0,0,0,0,0,0,0,0,1000,2147483647,2147483647)

Spells      = {1,8,10,29,51}
QuestValues = {(18,1),(20,1),(21,1),(22,1),(23,1),(32,1),(33,1),(34,1),(59,1),(60,1),(61,1)}
Murders     = {}
