ID              = 8789807
Name            = "Zader Mira"
Race            = 1
Profession      = 3
OriginalOutfit  = 130-94-114-0-114
CurrentOutfit   = 130-94-114-0-114
LastLogin       = 1131311398
LastLogout      = 1131312335
StartPosition   = [32957,32076,7]
CurrentPosition = [32335,31781,5]
PlayerkillerEnd = 0

Skill = (0,11,0,1,0,0,0,0,0,0,1,16873,0,17600,100)
Skill = (1,11,0,0,0,0,0,0,0,0,0,392,1100,427,20)
Skill = (2,192,200,0,0,0,0,0,0,0,5,0,0,0,0)
Skill = (3,46,125,0,0,0,0,0,0,0,30,0,0,0,0)
Skill = (4,80,80,0,0,0,0,0,0,0,1,0,0,0,0)
Skill = (5,500,500,0,0,0,0,0,0,0,10,0,0,0,0)
Skill = (6,18,0,10,0,0,0,0,0,0,0,7477,1500,7488,100)
Skill = (7,10,0,10,0,0,0,0,0,0,0,0,2000,30,30)
Skill = (8,11,0,10,0,0,0,0,0,0,0,126,2000,150,50)
Skill = (9,16,0,10,0,0,0,0,0,0,0,5296,2000,6350,50)
Skill = (10,10,0,10,0,0,0,0,0,0,0,0,2000,50,50)
Skill = (11,11,0,10,0,0,0,0,0,0,0,96,1500,125,50)
Skill = (12,0,2147483647,0,0,0,0,0,0,0,0,0,1000,2147483647,2147483647)
Skill = (13,24,0,10,0,0,0,0,0,0,0,559,1100,635,20)
Skill = (14,0,1200,0,0,0,0,0,0,0,0,0,0,0,0)
Skill = (15,0,2147483647,0,0,0,0,0,83,83,0,0,1000,2147483647,2147483647)
Skill = (16,0,2147483647,0,0,0,0,0,0,0,0,0,1000,2147483647,2147483647)
Skill = (17,0,2147483647,0,0,0,0,0,0,0,0,0,50,2147483647,2147483647)
Skill = (18,0,2147483647,0,0,0,0,0,0,0,0,0,1000,2147483647,2147483647)
Skill = (19,0,2147483647,0,0,0,0,0,0,0,0,0,1000,2147483647,2147483647)
Skill = (20,0,2147483647,0,0,0,0,0,0,0,0,0,1000,2147483647,2147483647)
Skill = (21,0,2147483647,0,0,0,0,0,0,0,0,0,1000,2147483647,2147483647)
Skill = (22,100,100,0,0,0,0,0,120,120,0,0,0,0,0)
Skill = (23,0,2147483647,0,0,0,0,0,0,0,0,0,1000,2147483647,2147483647)
Skill = (24,0,2147483647,0,0,0,0,0,0,0,0,0,1000,2147483647,2147483647)

Spells      = {2,8,10,20}
QuestValues = {(21,1),(22,1),(23,1),(32,1),(33,1),(34,1),(35,1),(59,1),(106,1),(107,1)}
Murders     = {}
