ID              = 9973507
Name            = "Hades Aiorius"
Race            = 1
Profession      = 2
OriginalOutfit  = 129-116-114-114-78
CurrentOutfit   = 129-116-114-114-78
LastLogin       = 1129996854
LastLogout      = 1129996857
StartPosition   = [32360,31782,7]
CurrentPosition = [32679,31689,6]
PlayerkillerEnd = 0

Skill = (0,11,0,1,0,0,0,0,0,0,1,13628,0,17600,100)
Skill = (1,4,0,0,0,0,0,0,0,0,0,183,1400,218,20)
Skill = (2,215,215,0,0,0,0,0,0,0,10,0,0,0,0)
Skill = (3,33,80,0,0,0,0,0,0,0,15,0,0,0,0)
Skill = (4,80,80,0,0,0,0,0,0,0,1,0,0,0,0)
Skill = (5,530,530,0,0,0,0,0,0,0,20,0,0,0,0)
Skill = (6,35,0,10,0,0,0,0,0,0,0,10446,1100,10918,100)
Skill = (7,42,0,10,0,0,0,0,0,0,0,6507,1100,6667,30)
Skill = (8,10,0,10,0,0,0,0,0,0,0,0,1200,50,50)
Skill = (9,16,0,10,0,0,0,0,0,0,0,518,1200,645,50)
Skill = (10,10,0,10,0,0,0,0,0,0,0,0,1200,50,50)
Skill = (11,24,0,10,0,0,0,0,0,0,0,3371,1200,3601,50)
Skill = (12,0,2147483647,0,0,0,0,0,0,0,0,0,1000,2147483647,2147483647)
Skill = (13,29,0,10,0,0,0,0,0,0,0,1088,1100,1145,20)
Skill = (14,0,1200,0,0,0,0,0,0,0,0,0,0,0,0)
Skill = (15,0,2147483647,0,0,0,0,0,83,83,0,0,1000,2147483647,2147483647)
Skill = (16,0,2147483647,0,0,0,0,0,0,0,0,0,1000,2147483647,2147483647)
Skill = (17,0,2147483647,0,0,0,0,0,0,0,0,0,50,2147483647,2147483647)
Skill = (18,0,2147483647,0,0,0,0,0,8,8,0,0,1000,2147483647,2147483647)
Skill = (19,0,2147483647,0,0,0,0,0,0,0,0,0,1000,2147483647,2147483647)
Skill = (20,0,2147483647,0,0,0,0,0,0,0,0,0,1000,2147483647,2147483647)
Skill = (21,0,2147483647,0,0,0,0,0,0,0,0,0,1000,2147483647,2147483647)
Skill = (22,100,100,0,0,0,0,0,120,120,0,0,0,0,0)
Skill = (23,0,2147483647,0,0,0,0,0,0,0,0,0,1000,2147483647,2147483647)
Skill = (24,0,2147483647,0,0,0,0,0,0,0,0,0,1000,2147483647,2147483647)

Spells      = {10,51}
QuestValues = {(20,1),(21,1),(22,1),(23,1),(35,1),(58,1),(59,1),(109,1),(224,1)}
Murders     = {}
