ID              = 10228932
Name            = "Dilih Glanoram"
Race            = 1
Profession      = 1
OriginalOutfit  = 131-57-57-57-57
CurrentOutfit   = 131-57-57-57-57
LastLogin       = 1129025667
LastLogout      = 1129025815
StartPosition   = [32369,32241,7]
CurrentPosition = [32477,32248,7]
PlayerkillerEnd = 0

Skill = (0,8,0,1,0,0,0,0,0,0,1,6337,0,6400,100)
Skill = (1,0,0,0,0,0,0,0,0,0,0,0,3000,20,20)
Skill = (2,185,185,0,0,0,0,0,0,0,15,0,0,0,0)
Skill = (3,35,35,0,0,0,0,0,0,0,5,0,0,0,0)
Skill = (4,77,77,0,0,0,0,0,0,0,1,0,0,0,0)
Skill = (5,470,470,0,0,0,0,0,0,0,25,0,0,0,0)
Skill = (6,24,0,10,0,0,0,0,0,0,0,2996,1100,3177,100)
Skill = (7,10,0,10,0,0,0,0,0,0,0,13,1400,30,30)
Skill = (8,27,0,10,0,0,0,0,0,0,0,2196,1100,2279,50)
Skill = (9,14,0,10,0,0,0,0,0,0,0,251,1100,305,50)
Skill = (10,10,0,10,0,0,0,0,0,0,0,0,1100,50,50)
Skill = (11,11,0,10,0,0,0,0,0,0,0,67,1100,105,50)
Skill = (12,0,2147483647,0,0,0,0,0,0,0,0,0,1000,2147483647,2147483647)
Skill = (13,10,0,10,0,0,0,0,0,0,0,0,1100,20,20)
Skill = (14,0,1200,0,0,0,303,0,0,0,0,0,0,0,0)
Skill = (15,0,2147483647,0,0,0,0,0,0,0,0,0,1000,2147483647,2147483647)
Skill = (16,0,2147483647,0,0,0,0,0,0,0,0,0,1000,2147483647,2147483647)
Skill = (17,0,2147483647,0,0,0,0,0,0,0,0,0,50,2147483647,2147483647)
Skill = (18,0,2147483647,0,0,0,0,0,0,0,0,0,1000,2147483647,2147483647)
Skill = (19,0,2147483647,0,0,0,0,0,0,0,0,0,1000,2147483647,2147483647)
Skill = (20,0,2147483647,0,0,0,0,0,0,0,0,0,1000,2147483647,2147483647)
Skill = (21,0,2147483647,0,0,0,0,0,0,0,0,0,1000,2147483647,2147483647)
Skill = (22,100,100,0,0,0,2,0,26,120,0,0,0,0,0)
Skill = (23,0,2147483647,0,0,0,0,0,0,0,0,0,1000,2147483647,2147483647)
Skill = (24,0,2147483647,0,0,0,0,0,0,0,0,0,1000,2147483647,2147483647)

Spells      = {}
QuestValues = {(18,1),(21,1),(22,1),(23,1)}
Murders     = {}
