ID              = 10300432
Name            = "Orgine'rotch"
Race            = 1
Profession      = 1
OriginalOutfit  = 134-91-114-114-0
CurrentOutfit   = 134-91-114-114-0
LastLogin       = 1132100896
LastLogout      = 1132101079
StartPosition   = [33213,32454,1]
CurrentPosition = [32921,32075,7]
PlayerkillerEnd = 1134613595

Skill = (0,33,0,1,0,0,0,0,0,0,1,546592,0,548900,100)
Skill = (1,4,0,0,0,0,0,0,0,0,0,1594,3000,2420,20)
Skill = (2,396,560,0,0,0,0,0,0,0,15,0,0,0,0)
Skill = (3,115,160,0,0,0,0,0,0,0,5,0,0,0,0)
Skill = (4,102,102,0,0,0,0,0,10,10,1,0,0,0,0)
Skill = (5,1095,1095,0,0,0,0,0,0,0,25,0,0,0,0)
Skill = (6,53,0,10,0,0,0,0,0,0,0,59337,1100,65264,100)
Skill = (7,10,0,10,0,0,0,0,0,0,0,0,1400,30,30)
Skill = (8,10,0,10,0,0,0,0,0,0,0,0,1100,50,50)
Skill = (9,59,0,10,0,0,0,0,0,0,0,53582,1100,58195,50)
Skill = (10,10,0,10,0,0,0,0,0,0,0,0,1100,50,50)
Skill = (11,12,0,10,0,0,0,0,0,0,0,145,1100,165,50)
Skill = (12,0,2147483647,0,0,0,0,0,0,0,0,0,1000,2147483647,2147483647)
Skill = (13,27,0,10,0,0,0,0,0,0,0,864,1100,911,20)
Skill = (14,0,1200,0,0,0,0,0,0,0,0,0,0,0,0)
Skill = (15,0,2147483647,0,0,0,0,0,0,0,0,0,1000,2147483647,2147483647)
Skill = (16,0,2147483647,0,0,0,0,0,0,0,0,0,1000,2147483647,2147483647)
Skill = (17,0,2147483647,0,0,0,0,0,0,0,0,0,50,2147483647,2147483647)
Skill = (18,0,2147483647,0,0,0,0,0,8,8,0,0,1000,2147483647,2147483647)
Skill = (19,0,2147483647,0,0,0,0,0,0,0,0,0,1000,2147483647,2147483647)
Skill = (20,0,2147483647,0,0,0,0,0,0,0,0,0,1000,2147483647,2147483647)
Skill = (21,0,2147483647,0,0,0,0,0,0,0,0,0,1000,2147483647,2147483647)
Skill = (22,100,100,0,0,0,0,0,120,120,0,0,0,0,0)
Skill = (23,0,2147483647,0,0,0,0,0,0,0,0,0,1000,2147483647,2147483647)
Skill = (24,0,2147483647,0,0,0,0,0,0,0,0,0,1000,2147483647,2147483647)

Spells      = {1,6,10,29,81}
QuestValues = {(20,1),(21,1),(22,1),(23,1),(27,1),(32,1),(33,1),(34,1),(59,1),(67,1),(68,1),(69,1),(70,1),(71,1),(96,1),(97,1),(98,1),(109,1),(111,1),(112,1),(137,1),(145,1),(146,1),(147,1),(151,1),(152,1),(153,1),(190,1),(191,1),(208,1),(223,1),(224,1)}
Murders     = {1130593716,1130811369,1130812130,1130886534,1130897321,1131162661,1131163670,1131330574,1132020819,1132021595}
