ID              = 10339432
Name            = "Sir zhaka"
Race            = 1
Profession      = 1
OriginalOutfit  = 128-114-114-114-0
CurrentOutfit   = 128-114-114-114-0
LastLogin       = 1132002736
LastLogout      = 1132002776
StartPosition   = [32360,31782,7]
CurrentPosition = [32679,31687,7]
PlayerkillerEnd = 0

Skill = (0,15,0,1,0,0,0,0,0,0,1,38321,0,47000,100)
Skill = (1,3,0,0,0,0,0,0,0,0,0,280,3000,800,20)
Skill = (2,290,290,0,0,0,0,0,0,0,15,0,0,0,0)
Skill = (3,10,70,0,0,0,0,0,0,0,5,0,0,0,0)
Skill = (4,84,84,0,0,0,0,0,0,0,1,0,0,0,0)
Skill = (5,645,645,0,0,0,0,0,0,0,25,0,0,0,0)
Skill = (6,38,0,10,0,0,0,0,0,0,0,13825,1100,14863,100)
Skill = (7,10,0,10,0,0,0,0,0,0,0,0,1400,30,30)
Skill = (8,43,0,10,0,0,0,0,0,0,0,11479,1100,12273,50)
Skill = (9,10,0,10,0,0,0,0,0,0,0,23,1100,50,50)
Skill = (10,10,0,10,0,0,0,0,0,0,0,18,1100,50,50)
Skill = (11,10,0,10,0,0,0,0,0,0,0,6,1100,50,50)
Skill = (12,0,2147483647,0,0,0,0,0,0,0,0,0,1000,2147483647,2147483647)
Skill = (13,16,0,10,0,0,0,0,0,0,0,165,1100,189,20)
Skill = (14,0,1200,0,0,0,273,0,0,0,0,0,0,0,0)
Skill = (15,0,2147483647,0,0,0,0,0,0,0,0,0,1000,2147483647,2147483647)
Skill = (16,0,2147483647,0,0,0,0,0,0,0,0,0,1000,2147483647,2147483647)
Skill = (17,0,2147483647,0,0,0,0,0,0,0,0,0,50,2147483647,2147483647)
Skill = (18,0,2147483647,0,0,0,0,0,8,8,0,0,1000,2147483647,2147483647)
Skill = (19,0,2147483647,0,0,0,0,0,0,0,0,0,1000,2147483647,2147483647)
Skill = (20,0,2147483647,0,0,0,0,0,0,0,0,0,1000,2147483647,2147483647)
Skill = (21,0,2147483647,0,0,0,0,0,0,0,0,0,1000,2147483647,2147483647)
Skill = (22,100,100,0,0,0,0,0,120,120,0,0,0,0,0)
Skill = (23,0,2147483647,0,0,0,0,0,0,0,0,0,1000,2147483647,2147483647)
Skill = (24,0,2147483647,0,0,0,0,0,0,0,0,0,1000,2147483647,2147483647)

Spells      = {1,10,20,29}
QuestValues = {(20,1),(21,1),(22,1),(23,1),(32,1),(33,1),(34,1),(54,1),(59,1),(60,1),(93,1),(94,1),(95,1),(125,1),(126,1)}
Murders     = {}
