ID              = 11135432
Name            = "Master Sanmar"
Race            = 1
Profession      = 2
OriginalOutfit  = 129-114-0-0-0
CurrentOutfit   = 129-114-0-0-0
LastLogin       = 1132097798
LastLogout      = 1132102182
StartPosition   = [32360,31782,7]
CurrentPosition = [32502,31782,7]
PlayerkillerEnd = 0

Skill = (0,19,0,1,0,0,0,0,0,0,1,92744,0,98800,100)
Skill = (1,9,0,0,0,0,0,0,0,0,0,1210,1400,1396,20)
Skill = (2,289,295,0,0,0,0,0,0,0,10,0,0,0,0)
Skill = (3,69,200,0,0,0,0,0,0,0,15,0,0,0,0)
Skill = (4,88,88,0,0,0,0,0,0,0,1,0,0,0,0)
Skill = (5,690,690,0,0,0,0,0,0,0,20,0,0,0,0)
Skill = (6,44,0,10,0,0,0,0,0,0,0,25308,1100,27102,100)
Skill = (7,31,0,10,0,0,0,0,0,0,0,2058,1100,2142,30)
Skill = (8,35,0,10,0,0,0,0,0,0,0,24818,1200,28368,50)
Skill = (9,10,0,10,0,0,0,0,0,0,0,19,1200,50,50)
Skill = (10,14,0,10,0,0,0,0,0,0,0,309,1200,372,50)
Skill = (11,12,0,10,0,0,0,0,0,0,0,120,1200,181,50)
Skill = (12,0,2147483647,0,0,0,0,0,0,0,0,0,1000,2147483647,2147483647)
Skill = (13,10,0,10,0,0,0,0,0,0,0,0,1100,20,20)
Skill = (14,0,1200,0,0,0,59,0,0,0,0,0,0,0,0)
Skill = (15,0,2147483647,0,0,0,2,0,14,83,0,0,1000,2147483647,2147483647)
Skill = (16,0,2147483647,0,0,0,0,0,0,0,0,0,1000,2147483647,2147483647)
Skill = (17,0,2147483647,0,0,0,0,0,3,3,0,0,50,2147483647,2147483647)
Skill = (18,0,2147483647,0,0,0,0,0,0,0,0,0,1000,2147483647,2147483647)
Skill = (19,0,2147483647,0,0,0,0,0,10,10,0,0,1000,2147483647,2147483647)
Skill = (20,0,2147483647,0,0,0,0,0,0,0,0,0,1000,2147483647,2147483647)
Skill = (21,0,2147483647,0,0,0,0,0,0,0,0,0,1000,2147483647,2147483647)
Skill = (22,100,100,0,0,0,1,0,37,120,0,0,0,0,0)
Skill = (23,0,2147483647,0,0,0,0,0,0,0,0,0,1000,2147483647,2147483647)
Skill = (24,0,2147483647,0,0,0,0,0,0,0,0,0,1000,2147483647,2147483647)

Spells      = {1,2,7,8,10,29,51}
QuestValues = {(35,1),(59,1),(125,1),(126,1),(223,1)}
Murders     = {}
