ID              = 7953132
Name            = "Aeorol"
Race            = 1
Profession      = 1
OriginalOutfit  = 130-114-94-94-94
CurrentOutfit   = 130-114-94-94-94
LastLogin       = 1130737162
LastLogout      = 1130737164
StartPosition   = [32369,32241,7]
CurrentPosition = [32352,32226,7]
PlayerkillerEnd = 0

Skill = (0,10,0,1,0,0,0,0,0,0,1,12325,0,13000,100)
Skill = (1,2,0,0,0,0,0,0,0,0,0,158,3000,260,20)
Skill = (2,215,215,0,0,0,0,0,0,0,15,0,0,0,0)
Skill = (3,45,45,0,0,0,0,0,0,0,5,0,0,0,0)
Skill = (4,79,79,0,0,0,0,0,0,0,1,0,0,0,0)
Skill = (5,520,520,0,0,0,0,0,0,0,25,0,0,0,0)
Skill = (6,30,0,10,0,0,0,0,0,0,0,6235,1100,6400,100)
Skill = (7,10,0,10,0,0,0,0,0,0,0,0,1400,30,30)
Skill = (8,33,0,10,0,0,0,0,0,0,0,4039,1100,4424,50)
Skill = (9,10,0,10,0,0,0,0,0,0,0,0,1100,50,50)
Skill = (10,10,0,10,0,0,0,0,0,0,0,0,1100,50,50)
Skill = (11,10,0,10,0,0,0,0,0,0,0,26,1100,50,50)
Skill = (12,0,2147483647,0,0,0,0,0,0,0,0,0,1000,2147483647,2147483647)
Skill = (13,34,0,10,0,0,0,0,0,0,0,1772,1100,1966,20)
Skill = (14,0,1200,0,0,0,0,0,0,0,0,0,0,0,0)
Skill = (15,0,2147483647,0,0,0,0,0,0,0,0,0,1000,2147483647,2147483647)
Skill = (16,0,2147483647,0,0,0,0,0,0,0,0,0,1000,2147483647,2147483647)
Skill = (17,0,2147483647,0,0,0,0,0,0,0,0,0,50,2147483647,2147483647)
Skill = (18,0,2147483647,0,0,0,0,0,0,0,0,0,1000,2147483647,2147483647)
Skill = (19,0,2147483647,0,0,0,0,0,0,0,0,0,1000,2147483647,2147483647)
Skill = (20,0,2147483647,0,0,0,0,0,0,0,0,0,1000,2147483647,2147483647)
Skill = (21,0,2147483647,0,0,0,0,0,0,0,0,0,1000,2147483647,2147483647)
Skill = (22,100,100,0,0,0,0,0,0,0,0,0,0,0,0)
Skill = (23,0,2147483647,0,0,0,0,0,0,0,0,0,1000,2147483647,2147483647)
Skill = (24,0,2147483647,0,0,0,0,0,0,0,0,0,1000,2147483647,2147483647)

Spells      = {20}
QuestValues = {(20,1),(21,1),(22,1),(23,1),(32,1),(33,1),(34,1),(59,1),(224,1)}
Murders     = {}
