ID              = 8012532
Name            = "Tiks Hell Wizard"
Race            = 1
Profession      = 1
OriginalOutfit  = 133-114-114-69-114
CurrentOutfit   = 133-114-114-69-114
LastLogin       = 1122218348
LastLogout      = 1122218592
StartPosition   = [32360,31782,7]
CurrentPosition = [32360,31782,7]
PlayerkillerEnd = 0

Skill = (0,8,0,1,0,0,0,0,0,0,1,5651,0,6400,100)
Skill = (1,1,0,0,0,0,0,0,0,0,0,27,3000,80,20)
Skill = (2,185,185,0,0,0,0,0,0,0,15,0,0,0,0)
Skill = (3,8,35,0,0,0,0,0,0,0,5,0,0,0,0)
Skill = (4,77,77,0,0,0,0,0,0,0,1,0,0,0,0)
Skill = (5,470,470,0,0,0,0,0,0,0,25,0,0,0,0)
Skill = (6,26,0,10,0,0,0,0,0,0,0,3762,1100,4054,100)
Skill = (7,13,0,10,0,0,0,0,0,0,0,195,1400,213,30)
Skill = (8,27,0,10,0,0,0,0,0,0,0,2064,1100,2279,50)
Skill = (9,10,0,10,0,0,0,0,0,0,0,21,1100,50,50)
Skill = (10,10,0,10,0,0,0,0,0,0,0,0,1100,50,50)
Skill = (11,11,0,10,0,0,0,0,0,0,0,63,1100,105,50)
Skill = (12,0,2147483647,0,0,0,0,0,0,0,0,0,1000,2147483647,2147483647)
Skill = (13,10,0,10,0,0,0,0,0,0,0,0,1100,20,20)
Skill = (14,0,1200,0,0,0,0,0,0,0,0,0,0,0,0)
Skill = (15,0,2147483647,0,0,0,5,0,58,83,0,0,1000,2147483647,2147483647)
Skill = (16,0,2147483647,0,0,0,0,0,0,0,0,0,1000,2147483647,2147483647)
Skill = (17,0,2147483647,0,0,0,0,0,0,0,0,0,50,2147483647,2147483647)
Skill = (18,0,2147483647,0,0,0,0,0,0,0,0,0,1000,2147483647,2147483647)
Skill = (19,0,2147483647,0,0,0,0,0,0,0,0,0,1000,2147483647,2147483647)
Skill = (20,0,2147483647,0,0,0,0,0,0,0,0,0,1000,2147483647,2147483647)
Skill = (21,0,2147483647,0,0,0,0,0,0,0,0,0,1000,2147483647,2147483647)
Skill = (22,200,200,0,0,0,0,0,0,0,0,0,0,0,0)
Skill = (23,0,2147483647,0,0,0,0,0,0,0,0,0,1000,2147483647,2147483647)
Skill = (24,0,2147483647,0,0,0,0,0,0,0,0,0,1000,2147483647,2147483647)

Spells      = {10}
QuestValues = {(20,1),(21,1),(22,1),(23,1),(26,1),(27,1),(60,1),(61,1),(86,1),(87,1),(224,1)}
Murders     = {}
