ID              = 8044232
Name            = "Arthas De'Frozen"
Race            = 1
Profession      = 12
OriginalOutfit  = 134-79-87-86-94
CurrentOutfit   = 134-79-87-86-94
LastLogin       = 1129507411
LastLogout      = 1129507436
StartPosition   = [32369,32241,7]
CurrentPosition = [32655,31670,9]
PlayerkillerEnd = 0

Skill = (0,25,0,1,0,0,0,0,0,0,1,209447,0,232500,100)
Skill = (1,12,0,0,0,0,0,0,0,0,0,2937,1400,3918,20)
Skill = (2,268,355,0,0,0,0,0,0,0,10,0,0,0,0)
Skill = (3,270,290,0,0,0,0,0,0,0,15,0,0,0,0)
Skill = (4,94,94,0,0,0,0,0,10,10,1,0,0,0,0)
Skill = (5,810,810,0,0,0,0,0,0,0,20,0,0,0,0)
Skill = (6,50,0,10,0,0,0,0,0,0,0,46695,1100,48785,100)
Skill = (7,63,0,10,0,0,0,0,0,0,0,48000,1100,51261,30)
Skill = (8,14,0,10,0,0,0,0,0,0,0,350,1200,372,50)
Skill = (9,11,0,10,0,0,0,0,0,0,0,53,1200,109,50)
Skill = (10,10,0,10,0,0,0,0,0,0,0,0,1200,50,50)
Skill = (11,22,0,10,0,0,0,0,0,0,0,1995,1200,2424,50)
Skill = (12,0,2147483647,0,0,0,0,0,0,0,0,0,1000,2147483647,2147483647)
Skill = (13,48,0,10,0,0,0,0,0,0,0,7954,1100,8028,20)
Skill = (14,0,1200,0,0,0,0,0,0,0,0,0,0,0,0)
Skill = (15,0,2147483647,0,0,0,0,0,83,83,0,0,1000,2147483647,2147483647)
Skill = (16,0,2147483647,0,0,0,0,0,0,0,0,0,1000,2147483647,2147483647)
Skill = (17,0,2147483647,0,0,0,0,0,3,3,0,0,50,2147483647,2147483647)
Skill = (18,0,2147483647,0,0,0,0,0,8,8,0,0,1000,2147483647,2147483647)
Skill = (19,0,2147483647,0,0,0,0,0,10,10,0,0,1000,2147483647,2147483647)
Skill = (20,0,2147483647,0,0,0,0,0,0,0,0,0,1000,2147483647,2147483647)
Skill = (21,0,2147483647,0,0,0,0,0,0,0,0,0,1000,2147483647,2147483647)
Skill = (22,96,100,0,0,0,0,0,120,120,0,0,0,0,0)
Skill = (23,0,2147483647,0,0,0,0,0,0,0,0,0,1000,2147483647,2147483647)
Skill = (24,0,2147483647,0,0,0,0,0,0,0,0,0,1000,2147483647,2147483647)

Spells      = {1,2,3,6,8,10,20,29,42,51,76,79}
QuestValues = {(14,1),(15,1),(18,1),(19,1),(20,1),(21,1),(22,1),(23,1),(27,1),(32,1),(33,1),(34,1),(35,1),(37,1),(60,1),(69,1),(93,1),(94,1),(95,1),(96,1),(97,1),(98,1),(125,1),(126,1),(190,1),(191,1),(223,1),(225,1)}
Murders     = {}
