ID              = 8144532
Name            = "Kazskies"
Race            = 1
Profession      = 2
OriginalOutfit  = 129-91-91-79-79
CurrentOutfit   = 129-91-91-79-79
LastLogin       = 1122233767
LastLogout      = 1122233808
StartPosition   = [32957,32076,7]
CurrentPosition = [32957,32076,7]
PlayerkillerEnd = 0

Skill = (0,22,0,1,0,0,0,0,0,0,1,149374,0,156200,100)
Skill = (1,10,0,0,0,0,0,0,0,0,0,1441,1400,1974,20)
Skill = (2,325,325,0,0,0,0,0,0,0,10,0,0,0,0)
Skill = (3,217,245,0,0,0,0,0,0,0,15,0,0,0,0)
Skill = (4,91,91,0,0,0,0,0,0,0,1,0,0,0,0)
Skill = (5,750,750,0,0,0,0,0,0,0,20,0,0,0,0)
Skill = (6,56,0,10,0,0,0,0,0,0,0,80582,1100,87197,100)
Skill = (7,64,0,10,0,0,0,0,0,0,0,54234,1100,56417,30)
Skill = (8,10,0,10,0,0,0,0,0,0,0,0,1200,50,50)
Skill = (9,31,0,10,0,0,0,0,0,0,0,11536,1200,13551,50)
Skill = (10,10,0,10,0,0,0,0,0,0,0,0,1200,50,50)
Skill = (11,37,0,10,0,0,0,0,0,0,0,39678,1200,40961,50)
Skill = (12,0,2147483647,0,0,0,0,0,0,0,0,0,1000,2147483647,2147483647)
Skill = (13,41,0,10,0,0,0,0,0,0,0,3938,1100,4022,20)
Skill = (14,0,1200,0,0,0,556,0,0,0,0,0,0,0,0)
Skill = (15,0,2147483647,0,0,0,0,0,0,0,0,0,1000,2147483647,2147483647)
Skill = (16,0,2147483647,0,0,0,0,0,0,0,0,0,1000,2147483647,2147483647)
Skill = (17,0,2147483647,0,0,0,0,0,0,0,0,0,50,2147483647,2147483647)
Skill = (18,0,2147483647,0,0,0,0,0,8,8,0,0,1000,2147483647,2147483647)
Skill = (19,0,2147483647,0,0,0,0,0,0,0,0,0,1000,2147483647,2147483647)
Skill = (20,0,2147483647,0,0,0,0,0,0,0,0,0,1000,2147483647,2147483647)
Skill = (21,0,2147483647,0,0,0,0,0,0,0,0,0,1000,2147483647,2147483647)
Skill = (22,200,200,0,0,0,0,0,0,0,0,0,0,0,0)
Skill = (23,0,2147483647,0,0,0,0,0,0,0,0,0,1000,2147483647,2147483647)
Skill = (24,0,2147483647,0,0,0,0,0,0,0,0,0,1000,2147483647,2147483647)

Spells      = {1,3,20,29,51}
QuestValues = {(35,1),(93,1),(94,1),(95,1),(140,1),(141,1),(208,1)}
Murders     = {}
