ID              = 8338832
Name            = "Kermand"
Race            = 1
Profession      = 4
OriginalOutfit  = 130-114-87-94-94
CurrentOutfit   = 130-114-87-94-94
LastLogin       = 1115537559
LastLogout      = 1115540963
StartPosition   = [32649,31925,11]
CurrentPosition = [32649,31925,11]
PlayerkillerEnd = 0

Skill = (0,12,0,1,0,0,0,0,0,0,1,20566,0,23200,100)
Skill = (1,21,0,0,0,0,0,0,0,0,0,1299,1100,1428,20)
Skill = (2,196,205,0,0,0,0,0,0,0,5,0,0,0,0)
Skill = (3,155,155,0,0,0,0,0,0,0,30,0,0,0,0)
Skill = (4,81,81,0,0,0,0,0,0,0,1,0,0,0,0)
Skill = (5,510,510,0,0,0,0,0,0,0,10,0,0,0,0)
Skill = (6,18,0,10,0,0,0,0,0,0,0,6247,1500,7488,100)
Skill = (7,10,0,10,0,0,0,0,0,0,0,2,1800,30,30)
Skill = (8,10,0,10,0,0,0,0,0,0,0,0,1800,50,50)
Skill = (9,17,0,10,0,0,0,0,0,0,0,4646,1800,6824,50)
Skill = (10,10,0,10,0,0,0,0,0,0,0,0,1800,50,50)
Skill = (11,10,0,10,0,0,0,0,0,0,0,20,1500,50,50)
Skill = (12,0,2147483647,0,0,0,0,0,0,0,0,0,1000,2147483647,2147483647)
Skill = (13,25,0,10,0,0,0,0,0,0,0,652,1100,718,20)
Skill = (14,0,1200,0,0,0,154,0,0,0,0,0,0,0,0)
Skill = (15,0,2147483647,0,0,0,0,0,83,83,0,0,1000,2147483647,2147483647)
Skill = (16,0,2147483647,0,0,0,0,0,0,0,0,0,1000,2147483647,2147483647)
Skill = (17,0,2147483647,0,0,0,0,0,3,3,0,0,50,2147483647,2147483647)
Skill = (18,0,2147483647,0,0,0,0,0,8,8,0,0,1000,2147483647,2147483647)
Skill = (19,0,2147483647,0,0,0,0,0,0,0,0,0,1000,2147483647,2147483647)
Skill = (20,0,2147483647,0,0,0,0,0,120,120,0,0,1000,2147483647,2147483647)
Skill = (21,0,2147483647,0,0,0,0,0,0,0,0,0,1000,2147483647,2147483647)
Skill = (22,200,200,0,0,0,0,0,0,0,0,0,0,0,0)
Skill = (23,0,2147483647,0,0,0,0,0,0,0,0,0,1000,2147483647,2147483647)
Skill = (24,0,2147483647,0,0,0,0,0,0,0,0,0,1000,2147483647,2147483647)

Spells      = {1,2,3,5,8,10,16,25,29,42}
QuestValues = {(17,1),(18,1),(21,1),(22,1),(23,1),(32,1),(33,1),(34,1),(35,1),(37,1),(100,1),(106,1),(107,1),(128,1)}
Murders     = {}
