ID              = 8838632
Name            = "Mykol-Star"
Race            = 1
Profession      = 1
OriginalOutfit  = 137-114-114-71-114
CurrentOutfit   = 137-114-114-71-114
LastLogin       = 1131891208
LastLogout      = 1131894833
StartPosition   = [32360,31782,7]
CurrentPosition = [32617,31802,7]
PlayerkillerEnd = 0

Skill = (0,20,0,1,0,0,0,0,0,0,1,102742,0,116000,100)
Skill = (1,3,0,0,0,0,0,0,0,0,0,491,3000,800,20)
Skill = (2,365,365,0,0,0,0,0,0,0,15,0,0,0,0)
Skill = (3,77,95,0,0,0,0,0,0,0,5,0,0,0,0)
Skill = (4,89,89,0,0,0,0,0,0,0,1,0,0,0,0)
Skill = (5,770,770,0,0,0,0,0,0,0,25,0,0,0,0)
Skill = (6,45,0,10,0,0,0,0,0,0,0,27376,1100,29912,100)
Skill = (7,10,0,10,0,0,0,0,0,0,0,9,1400,30,30)
Skill = (8,50,0,10,0,0,0,0,0,0,0,22679,1100,24392,50)
Skill = (9,13,0,10,0,0,0,0,0,0,0,192,1100,232,50)
Skill = (10,10,0,10,0,0,0,0,0,0,0,16,1100,50,50)
Skill = (11,10,0,10,0,0,0,0,0,0,0,37,1100,50,50)
Skill = (12,0,2147483647,0,0,0,0,0,0,0,0,0,1000,2147483647,2147483647)
Skill = (13,22,0,10,0,0,0,0,0,0,0,486,1100,490,20)
Skill = (14,0,1200,0,0,0,649,0,0,0,0,0,0,0,0)
Skill = (15,0,2147483647,0,0,0,0,0,83,83,0,0,1000,2147483647,2147483647)
Skill = (16,0,2147483647,0,0,0,0,0,0,0,0,0,1000,2147483647,2147483647)
Skill = (17,0,2147483647,0,0,0,0,0,0,0,0,0,50,2147483647,2147483647)
Skill = (18,0,2147483647,0,0,0,0,0,0,0,0,0,1000,2147483647,2147483647)
Skill = (19,0,2147483647,0,0,0,0,0,0,0,0,0,1000,2147483647,2147483647)
Skill = (20,0,2147483647,0,0,0,0,0,0,0,0,0,1000,2147483647,2147483647)
Skill = (21,0,2147483647,0,0,0,0,0,0,0,0,0,1000,2147483647,2147483647)
Skill = (22,100,100,0,0,0,1,0,47,120,0,0,0,0,0)
Skill = (23,0,2147483647,0,0,0,0,0,0,0,0,0,1000,2147483647,2147483647)
Skill = (24,0,2147483647,0,0,0,0,0,0,0,0,0,1000,2147483647,2147483647)

Spells      = {1,10,11}
QuestValues = {(20,1),(21,1),(22,1),(35,1),(60,1),(69,1)}
Murders     = {}
