ID              = 7974591
Name            = "Roger'Waters"
Race            = 1
Profession      = 4
OriginalOutfit  = 133-39-114-114-114
CurrentOutfit   = 133-39-114-114-114
LastLogin       = 1114632860
LastLogout      = 1114632988
StartPosition   = [33217,31814,8]
CurrentPosition = [33217,31814,8]
PlayerkillerEnd = 0

Skill = (0,8,0,1,0,0,0,0,0,0,1,4257,0,6400,100)
Skill = (1,5,0,0,0,0,0,0,0,0,0,146,1100,154,20)
Skill = (2,119,185,0,0,0,0,0,0,0,5,0,0,0,0)
Skill = (3,5,35,0,0,0,0,0,0,0,30,0,0,0,0)
Skill = (4,77,77,0,0,0,0,0,0,0,1,0,0,0,0)
Skill = (5,470,470,0,0,0,0,0,0,0,10,0,0,0,0)
Skill = (6,15,0,10,0,0,0,0,0,0,0,2058,1500,2078,100)
Skill = (7,10,0,10,0,0,0,0,0,0,0,0,1800,30,30)
Skill = (8,12,0,10,0,0,0,0,0,0,0,195,1800,302,50)
Skill = (9,15,0,10,0,0,0,0,0,0,0,1322,1800,2063,50)
Skill = (10,10,0,10,0,0,0,0,0,0,0,0,1800,50,50)
Skill = (11,12,0,10,0,0,0,0,0,0,0,166,1500,237,50)
Skill = (12,0,2147483647,0,0,0,0,0,0,0,0,0,1000,2147483647,2147483647)
Skill = (13,31,0,10,0,0,0,0,0,0,0,1395,1100,1428,20)
Skill = (14,0,1200,0,0,0,1043,0,0,0,0,0,0,0,0)
Skill = (15,0,2147483647,0,0,0,0,0,0,0,0,0,1000,2147483647,2147483647)
Skill = (16,0,2147483647,0,0,0,0,0,0,0,0,0,1000,2147483647,2147483647)
Skill = (17,0,2147483647,0,0,0,0,0,3,3,0,0,50,2147483647,2147483647)
Skill = (18,0,2147483647,0,0,0,0,0,0,0,0,0,1000,2147483647,2147483647)
Skill = (19,0,2147483647,0,0,0,0,0,0,0,0,0,1000,2147483647,2147483647)
Skill = (20,0,2147483647,0,0,0,0,0,0,0,0,0,1000,2147483647,2147483647)
Skill = (21,0,2147483647,0,0,0,0,0,0,0,0,0,1000,2147483647,2147483647)
Skill = (22,200,200,0,0,0,0,0,0,0,0,0,0,0,0)
Skill = (23,0,2147483647,0,0,0,0,0,0,0,0,0,1000,2147483647,2147483647)
Skill = (24,0,2147483647,0,0,0,0,0,0,0,0,0,1000,2147483647,2147483647)

Spells      = {42}
QuestValues = {(20,1),(21,1),(22,1),(23,1),(32,1),(33,1),(34,1),(59,1),(224,1)}
Murders     = {}
