ID              = 8453591
Name            = "Heaven Lights Wizard"
Race            = 1
Profession      = 3
OriginalOutfit  = 134-94-94-79-94
CurrentOutfit   = 134-94-94-79-94
LastLogin       = 1129520973
LastLogout      = 1129520979
StartPosition   = [32369,32241,7]
CurrentPosition = [32344,32222,7]
PlayerkillerEnd = 0

Skill = (0,10,0,1,0,0,0,0,0,0,1,11917,0,13000,100)
Skill = (1,10,0,0,0,0,0,0,0,0,0,362,1100,370,20)
Skill = (2,65,195,0,0,0,0,0,0,0,5,0,0,0,0)
Skill = (3,95,95,0,0,0,0,0,0,0,30,0,0,0,0)
Skill = (4,79,79,0,0,0,0,0,0,0,1,0,0,0,0)
Skill = (5,490,490,0,0,0,0,0,0,0,10,0,0,0,0)
Skill = (6,17,0,10,0,0,0,0,0,0,0,4363,1500,4925,100)
Skill = (7,10,0,10,0,0,0,0,0,0,0,0,2000,30,30)
Skill = (8,10,0,10,0,0,0,0,0,0,0,0,2000,50,50)
Skill = (9,16,0,10,0,0,0,0,0,0,0,4017,2000,6350,50)
Skill = (10,10,0,10,0,0,0,0,0,0,0,0,2000,50,50)
Skill = (11,10,0,10,0,0,0,0,0,0,0,24,1500,50,50)
Skill = (12,0,2147483647,0,0,0,0,0,0,0,0,0,1000,2147483647,2147483647)
Skill = (13,34,0,10,0,0,0,0,0,0,0,1942,1100,1966,20)
Skill = (14,0,1200,0,0,0,0,0,0,0,0,0,0,0,0)
Skill = (15,0,2147483647,0,0,0,0,0,0,0,0,0,1000,2147483647,2147483647)
Skill = (16,0,2147483647,0,0,0,0,0,0,0,0,0,1000,2147483647,2147483647)
Skill = (17,0,2147483647,0,0,0,0,0,0,0,0,0,50,2147483647,2147483647)
Skill = (18,0,2147483647,0,0,0,0,0,8,8,0,0,1000,2147483647,2147483647)
Skill = (19,0,2147483647,0,0,0,0,0,0,0,0,0,1000,2147483647,2147483647)
Skill = (20,0,2147483647,0,0,0,0,0,0,0,0,0,1000,2147483647,2147483647)
Skill = (21,0,2147483647,0,0,0,0,0,0,0,0,0,1000,2147483647,2147483647)
Skill = (22,100,100,0,0,0,0,0,0,0,0,0,0,0,0)
Skill = (23,0,2147483647,0,0,0,0,0,0,0,0,0,1000,2147483647,2147483647)
Skill = (24,0,2147483647,0,0,0,0,0,0,0,0,0,1000,2147483647,2147483647)

Spells      = {8,10}
QuestValues = {(17,1),(18,1),(20,1),(21,1),(22,1),(23,1),(37,1),(60,1),(61,1),(100,1),(106,1),(107,1)}
Murders     = {}
