ID              = 8761691
Name            = "Sary'beautiful"
Race            = 1
Profession      = 3
OriginalOutfit  = 137-116-114-114-13
CurrentOutfit   = 137-116-114-114-13
LastLogin       = 1126069194
LastLogout      = 1126070414
StartPosition   = [32732,31634,7]
CurrentPosition = [32681,31682,8]
PlayerkillerEnd = 0

Skill = (0,12,0,1,0,0,0,0,0,0,1,22122,0,23200,100)
Skill = (1,15,0,0,0,0,0,0,0,0,0,689,1100,718,20)
Skill = (2,201,205,0,0,0,0,0,0,0,5,0,0,0,0)
Skill = (3,86,155,0,0,0,0,0,0,0,30,0,0,0,0)
Skill = (4,81,81,0,0,0,0,0,0,0,1,0,0,0,0)
Skill = (5,510,510,0,0,0,0,0,0,0,10,0,0,0,0)
Skill = (6,20,0,10,0,0,0,0,0,0,0,11860,1500,17099,100)
Skill = (7,10,0,10,0,0,0,0,0,0,0,0,2000,30,30)
Skill = (8,14,0,10,0,0,0,0,0,0,0,1312,2000,1550,50)
Skill = (9,17,0,10,0,0,0,0,0,0,0,7501,2000,12750,50)
Skill = (10,11,0,10,0,0,0,0,0,0,0,84,2000,150,50)
Skill = (11,10,0,10,0,0,0,0,0,0,0,5,1500,50,50)
Skill = (12,0,2147483647,0,0,0,0,0,0,0,0,0,1000,2147483647,2147483647)
Skill = (13,31,0,10,0,0,0,0,0,0,0,1331,1100,1428,20)
Skill = (14,0,1200,0,0,0,0,0,0,0,0,0,0,0,0)
Skill = (15,0,2147483647,0,0,0,0,0,83,83,0,0,1000,2147483647,2147483647)
Skill = (16,0,2147483647,0,0,0,0,0,0,0,0,0,1000,2147483647,2147483647)
Skill = (17,0,2147483647,0,0,0,0,0,0,0,0,0,50,2147483647,2147483647)
Skill = (18,0,2147483647,0,0,0,0,0,0,0,0,0,1000,2147483647,2147483647)
Skill = (19,0,2147483647,0,0,0,0,0,0,0,0,0,1000,2147483647,2147483647)
Skill = (20,0,2147483647,0,0,0,0,0,0,0,0,0,1000,2147483647,2147483647)
Skill = (21,0,2147483647,0,0,0,0,0,0,0,0,0,1000,2147483647,2147483647)
Skill = (22,100,100,0,0,0,0,0,120,120,0,0,0,0,0)
Skill = (23,0,2147483647,0,0,0,0,0,0,0,0,0,1000,2147483647,2147483647)
Skill = (24,0,2147483647,0,0,0,0,0,0,0,0,0,1000,2147483647,2147483647)

Spells      = {2,8,10,20,26,29}
QuestValues = {(20,1),(21,1),(22,1),(23,1),(35,1),(59,1),(60,1)}
Murders     = {}
