ID              = 8912591
Name            = "Duo Falls"
Race            = 1
Profession      = 11
OriginalOutfit  = 129-114-76-95-114
CurrentOutfit   = 129-114-76-95-114
LastLogin       = 1132117013
LastLogout      = 1132117015
StartPosition   = [32957,32076,7]
CurrentPosition = [32928,32074,7]
PlayerkillerEnd = 0

Skill = (0,34,0,1,0,0,0,0,0,0,1,569107,0,601800,100)
Skill = (1,5,0,0,0,0,0,0,0,0,0,3459,3000,7280,20)
Skill = (2,575,575,0,0,0,0,0,0,0,15,0,0,0,0)
Skill = (3,134,165,0,0,0,0,0,0,0,5,0,0,0,0)
Skill = (4,103,103,0,0,0,0,0,0,0,1,0,0,0,0)
Skill = (5,1120,1120,0,0,0,0,0,0,0,25,0,0,0,0)
Skill = (6,61,0,10,0,0,0,0,0,0,0,128725,1100,141042,100)
Skill = (7,13,0,10,0,0,0,0,0,0,0,173,1400,213,30)
Skill = (8,10,0,10,0,0,0,0,0,0,0,0,1100,50,50)
Skill = (9,64,0,10,0,0,0,0,0,0,0,87382,1100,94029,50)
Skill = (10,10,0,10,0,0,0,0,0,0,0,0,1100,50,50)
Skill = (11,13,0,10,0,0,0,0,0,0,0,209,1100,232,50)
Skill = (12,0,2147483647,0,0,0,0,0,0,0,0,0,1000,2147483647,2147483647)
Skill = (13,47,0,10,0,0,0,0,0,0,0,7098,1100,7280,20)
Skill = (14,0,1200,0,0,0,807,0,0,0,0,0,0,0,0)
Skill = (15,0,2147483647,0,0,0,0,0,83,83,0,0,1000,2147483647,2147483647)
Skill = (16,0,2147483647,0,0,0,0,0,0,0,0,0,1000,2147483647,2147483647)
Skill = (17,0,2147483647,0,0,0,0,0,3,3,0,0,50,2147483647,2147483647)
Skill = (18,0,2147483647,0,0,0,0,0,8,8,0,0,1000,2147483647,2147483647)
Skill = (19,0,2147483647,0,0,0,0,0,0,0,0,0,1000,2147483647,2147483647)
Skill = (20,0,2147483647,0,0,0,0,0,0,0,0,0,1000,2147483647,2147483647)
Skill = (21,0,2147483647,0,0,0,0,0,0,0,0,0,1000,2147483647,2147483647)
Skill = (22,100,100,0,0,0,0,0,120,120,0,0,0,0,0)
Skill = (23,0,2147483647,0,0,0,0,0,0,0,0,0,1000,2147483647,2147483647)
Skill = (24,0,2147483647,0,0,0,0,0,0,0,0,0,1000,2147483647,2147483647)

Spells      = {1,6,10,20,29,76,80,81}
QuestValues = {(72,1),(73,1),(74,1),(75,1),(84,1),(85,1),(86,1),(87,1),(88,1),(89,1),(90,1),(91,1),(92,1),(93,1),(94,1),(95,1),(96,1),(97,1),(98,1),(99,1),(106,1),(107,1),(111,1),(112,1),(115,1),(125,1),(126,1),(128,1),(129,1),(130,1),(131,1),(137,1),(151,1),(152,1),(153,1),(190,1),(191,1),(226,1),(253,1),(254,1),(257,1)}
Murders     = {}
