ID              = 8945491
Name            = "Susuki"
Race            = 1
Profession      = 2
OriginalOutfit  = 129-79-94-107-107
CurrentOutfit   = 129-79-94-107-107
LastLogin       = 1124145607
LastLogout      = 1124147280
StartPosition   = [32369,32241,7]
CurrentPosition = [32351,32214,7]
PlayerkillerEnd = 0

Skill = (0,9,0,1,0,0,0,0,0,0,1,8529,0,9300,100)
Skill = (1,3,0,0,0,0,0,0,0,0,0,87,1400,142,20)
Skill = (2,148,195,0,0,0,0,0,0,0,10,0,0,0,0)
Skill = (3,10,50,0,0,0,0,0,0,0,15,0,0,0,0)
Skill = (4,78,78,0,0,0,0,0,0,0,1,0,0,0,0)
Skill = (5,490,490,0,0,0,0,0,0,0,20,0,0,0,0)
Skill = (6,27,0,10,0,0,0,0,0,0,0,4101,1100,4559,100)
Skill = (7,35,0,10,0,0,0,0,0,0,0,2997,1100,3275,30)
Skill = (8,10,0,10,0,0,0,0,0,0,0,0,1200,50,50)
Skill = (9,15,0,10,0,0,0,0,0,0,0,483,1200,496,50)
Skill = (10,10,0,10,0,0,0,0,0,0,0,0,1200,50,50)
Skill = (11,16,0,10,0,0,0,0,0,0,0,510,1200,645,50)
Skill = (12,0,2147483647,0,0,0,0,0,0,0,0,0,1000,2147483647,2147483647)
Skill = (13,49,0,10,0,0,0,0,0,0,0,8336,1100,8851,20)
Skill = (14,0,1200,0,0,0,0,0,0,0,0,0,0,0,0)
Skill = (15,0,2147483647,0,0,0,0,0,83,83,0,0,1000,2147483647,2147483647)
Skill = (16,0,2147483647,0,0,0,0,0,0,0,0,0,1000,2147483647,2147483647)
Skill = (17,0,2147483647,0,0,0,0,0,3,3,0,0,50,2147483647,2147483647)
Skill = (18,0,2147483647,0,0,0,0,0,0,0,0,0,1000,2147483647,2147483647)
Skill = (19,0,2147483647,0,0,0,0,0,0,0,0,0,1000,2147483647,2147483647)
Skill = (20,0,2147483647,0,0,0,0,0,0,0,0,0,1000,2147483647,2147483647)
Skill = (21,0,2147483647,0,0,0,0,0,0,0,0,0,1000,2147483647,2147483647)
Skill = (22,100,100,0,0,0,0,0,120,120,0,0,0,0,0)
Skill = (23,0,2147483647,0,0,0,0,0,0,0,0,0,1000,2147483647,2147483647)
Skill = (24,0,2147483647,0,0,0,0,0,0,0,0,0,1000,2147483647,2147483647)

Spells      = {10}
QuestValues = {(18,1),(20,1),(21,1),(22,1),(23,1),(32,1),(33,1),(34,1),(224,1)}
Murders     = {}
