ID              = 11095964
Name            = "Edson Vergueta"
Race            = 1
Profession      = 2
OriginalOutfit  = 129-58-81-0-77
CurrentOutfit   = 129-58-81-0-77
LastLogin       = 1131931684
LastLogout      = 1131931898
StartPosition   = [32360,31782,7]
CurrentPosition = [32333,31780,5]
PlayerkillerEnd = 0

Skill = (0,14,0,1,0,0,0,0,0,0,1,30233,0,37800,100)
Skill = (1,6,0,0,0,0,0,0,0,0,0,379,1400,477,20)
Skill = (2,245,245,0,0,0,0,0,0,0,10,0,0,0,0)
Skill = (3,1,125,0,0,0,0,0,0,0,15,0,0,0,0)
Skill = (4,83,83,0,0,0,0,0,0,0,1,0,0,0,0)
Skill = (5,590,590,0,0,0,0,0,0,0,20,0,0,0,0)
Skill = (6,31,0,10,0,0,0,0,0,0,0,6473,1100,7140,100)
Skill = (7,42,0,10,0,0,0,0,0,0,0,6262,1100,6667,30)
Skill = (8,10,0,10,0,0,0,0,0,0,0,1,1200,50,50)
Skill = (9,10,0,10,0,0,0,0,0,0,0,2,1200,50,50)
Skill = (10,10,0,10,0,0,0,0,0,0,0,4,1200,50,50)
Skill = (11,22,0,10,0,0,0,0,0,0,0,2165,1200,2424,50)
Skill = (12,0,2147483647,0,0,0,0,0,0,0,0,0,1000,2147483647,2147483647)
Skill = (13,16,0,10,0,0,0,0,0,0,0,181,1100,189,20)
Skill = (14,0,1200,0,0,0,1096,0,0,0,0,0,0,0,0)
Skill = (15,0,2147483647,0,0,0,0,0,0,0,0,0,1000,2147483647,2147483647)
Skill = (16,0,2147483647,0,0,0,0,0,0,0,0,0,1000,2147483647,2147483647)
Skill = (17,0,2147483647,0,0,0,0,0,3,3,0,0,50,2147483647,2147483647)
Skill = (18,0,2147483647,0,0,0,0,0,8,8,0,0,1000,2147483647,2147483647)
Skill = (19,0,2147483647,0,0,0,0,0,0,0,0,0,1000,2147483647,2147483647)
Skill = (20,0,2147483647,0,0,0,0,0,120,120,0,0,1000,2147483647,2147483647)
Skill = (21,0,2147483647,0,0,0,0,0,0,0,0,0,1000,2147483647,2147483647)
Skill = (22,96,100,0,0,0,0,0,120,120,0,0,0,0,0)
Skill = (23,0,2147483647,0,0,0,0,0,0,0,0,0,1000,2147483647,2147483647)
Skill = (24,0,2147483647,0,0,0,0,0,0,0,0,0,1000,2147483647,2147483647)

Spells      = {1,8,42,51}
QuestValues = {(14,1),(21,1),(22,1),(23,1),(59,1)}
Murders     = {}
