ID              = 11333064
Name            = "Leter Sous"
Race            = 1
Profession      = 1
OriginalOutfit  = 131-114-0-114-0
CurrentOutfit   = 131-114-0-114-0
LastLogin       = 1132088874
LastLogout      = 1132091856
StartPosition   = [32360,31782,7]
CurrentPosition = [32102,31671,8]
PlayerkillerEnd = 0

Skill = (0,20,0,1,0,0,0,0,0,0,1,101568,0,116000,100)
Skill = (1,3,0,0,0,0,0,0,0,0,0,357,3000,800,20)
Skill = (2,362,365,0,0,0,0,0,0,0,15,0,0,0,0)
Skill = (3,59,95,0,0,0,0,0,0,0,5,0,0,0,0)
Skill = (4,89,89,0,0,0,0,0,0,0,1,0,0,0,0)
Skill = (5,770,770,0,0,0,0,0,0,0,25,0,0,0,0)
Skill = (6,36,0,10,0,0,0,0,0,0,0,11079,1100,12109,100)
Skill = (7,10,0,10,0,0,0,0,0,0,0,0,1400,30,30)
Skill = (8,42,0,10,0,0,0,0,0,0,0,11030,1100,11112,50)
Skill = (9,11,0,10,0,0,0,0,0,0,0,50,1100,105,50)
Skill = (10,10,0,10,0,0,0,0,0,0,0,0,1100,50,50)
Skill = (11,10,0,10,0,0,0,0,0,0,0,3,1100,50,50)
Skill = (12,0,2147483647,0,0,0,0,0,0,0,0,0,1000,2147483647,2147483647)
Skill = (13,16,0,10,0,0,0,0,0,0,0,174,1100,189,20)
Skill = (14,0,1200,0,0,0,0,0,0,0,0,0,0,0,0)
Skill = (15,0,2147483647,0,0,0,0,0,125,125,0,0,1000,2147483647,2147483647)
Skill = (16,0,2147483647,0,0,0,0,0,0,0,0,0,1000,2147483647,2147483647)
Skill = (17,0,2147483647,0,0,0,0,0,3,3,0,0,50,2147483647,2147483647)
Skill = (18,0,2147483647,0,0,0,0,0,8,8,0,0,1000,2147483647,2147483647)
Skill = (19,0,2147483647,0,0,0,0,0,0,0,0,0,1000,2147483647,2147483647)
Skill = (20,0,2147483647,0,0,0,0,0,0,0,0,0,1000,2147483647,2147483647)
Skill = (21,0,2147483647,0,0,0,0,0,0,0,0,0,1000,2147483647,2147483647)
Skill = (22,100,100,0,0,0,1,0,96,120,0,0,0,0,0)
Skill = (23,0,2147483647,0,0,0,0,0,0,0,0,0,1000,2147483647,2147483647)
Skill = (24,0,2147483647,0,0,0,0,0,0,0,0,0,1000,2147483647,2147483647)

Spells      = {1,10,11}
QuestValues = {(20,1),(21,1),(22,1),(23,1),(32,1),(33,1),(34,1),(54,1),(125,1),(126,1)}
Murders     = {1131139931}
