ID              = 11490964
Name            = "Wualas-Iracheta"
Race            = 1
Profession      = 2
OriginalOutfit  = 129-114-0-0-114
CurrentOutfit   = 129-114-0-0-114
LastLogin       = 1131867096
LastLogout      = 1131867105
StartPosition   = [32957,32076,7]
CurrentPosition = [32938,32160,7]
PlayerkillerEnd = 0

Skill = (0,10,0,1,0,0,0,0,0,0,1,11535,0,13000,100)
Skill = (1,3,0,0,0,0,0,0,0,0,0,129,1400,142,20)
Skill = (2,205,205,0,0,0,0,0,0,0,10,0,0,0,0)
Skill = (3,65,65,0,0,0,0,0,0,0,15,0,0,0,0)
Skill = (4,79,79,0,0,0,0,0,0,0,1,0,0,0,0)
Skill = (5,510,510,0,0,0,0,0,0,0,20,0,0,0,0)
Skill = (6,30,0,10,0,0,0,0,0,0,0,6030,1100,6400,100)
Skill = (7,25,0,10,0,0,0,0,0,0,0,954,1100,1078,30)
Skill = (8,24,0,10,0,0,0,0,0,0,0,3519,1200,3601,50)
Skill = (9,15,0,10,0,0,0,0,0,0,0,488,1200,496,50)
Skill = (10,14,0,10,0,0,0,0,0,0,0,355,1200,372,50)
Skill = (11,12,0,10,0,0,0,0,0,0,0,127,1200,181,50)
Skill = (12,0,2147483647,0,0,0,0,0,0,0,0,0,1000,2147483647,2147483647)
Skill = (13,10,0,10,0,0,0,0,0,0,0,0,1100,20,20)
Skill = (14,0,1200,0,0,0,0,0,0,0,0,0,0,0,0)
Skill = (15,0,2147483647,0,0,0,0,0,0,0,0,0,1000,2147483647,2147483647)
Skill = (16,0,2147483647,0,0,0,0,0,0,0,0,0,1000,2147483647,2147483647)
Skill = (17,0,2147483647,0,0,0,0,0,0,0,0,0,50,2147483647,2147483647)
Skill = (18,0,2147483647,0,0,0,0,0,0,0,0,0,1000,2147483647,2147483647)
Skill = (19,0,2147483647,0,0,0,0,0,0,0,0,0,1000,2147483647,2147483647)
Skill = (20,0,2147483647,0,0,0,0,0,0,0,0,0,1000,2147483647,2147483647)
Skill = (21,0,2147483647,0,0,0,0,0,0,0,0,0,1000,2147483647,2147483647)
Skill = (22,100,100,0,0,0,0,0,0,0,0,0,0,0,0)
Skill = (23,0,2147483647,0,0,0,0,0,0,0,0,0,1000,2147483647,2147483647)
Skill = (24,0,2147483647,0,0,0,0,0,0,0,0,0,1000,2147483647,2147483647)

Spells      = {7,10,20,42,51}
QuestValues = {(20,1),(35,1)}
Murders     = {}
