ID              = 7945564
Name            = "Lord'Guizinn"
Race            = 1
Profession      = 2
OriginalOutfit  = 134-0-88-88-0
CurrentOutfit   = 134-0-88-88-0
LastLogin       = 1131123666
LastLogout      = 1131123723
StartPosition   = [32360,31782,7]
CurrentPosition = [32337,31788,7]
PlayerkillerEnd = 0

Skill = (0,9,0,1,0,0,0,0,0,0,1,6687,0,9300,100)
Skill = (1,3,0,0,0,0,0,0,0,0,0,109,1400,142,20)
Skill = (2,195,195,0,0,0,0,0,0,0,10,0,0,0,0)
Skill = (3,50,50,0,0,0,0,0,0,0,15,0,0,0,0)
Skill = (4,78,78,0,0,0,0,0,0,0,1,0,0,0,0)
Skill = (5,490,490,0,0,0,0,0,0,0,20,0,0,0,0)
Skill = (6,31,0,10,0,0,0,0,0,0,0,6794,1100,7140,100)
Skill = (7,33,0,10,0,0,0,0,0,0,0,2498,1100,2654,30)
Skill = (8,12,0,10,0,0,0,0,0,0,0,120,1200,181,50)
Skill = (9,15,0,10,0,0,0,0,0,0,0,428,1200,496,50)
Skill = (10,10,0,10,0,0,0,0,0,0,0,33,1200,50,50)
Skill = (11,12,0,10,0,0,0,0,0,0,0,123,1200,181,50)
Skill = (12,0,2147483647,0,0,0,0,0,0,0,0,0,1000,2147483647,2147483647)
Skill = (13,30,0,10,0,0,0,0,0,0,0,1227,1100,1280,20)
Skill = (14,0,1200,0,0,0,0,0,0,0,0,0,0,0,0)
Skill = (15,0,2147483647,0,0,0,0,0,83,83,0,0,1000,2147483647,2147483647)
Skill = (16,0,2147483647,0,0,0,0,0,0,0,0,0,1000,2147483647,2147483647)
Skill = (17,0,2147483647,0,0,0,0,0,3,3,0,0,50,2147483647,2147483647)
Skill = (18,0,2147483647,0,0,0,0,0,8,8,0,0,1000,2147483647,2147483647)
Skill = (19,0,2147483647,0,0,0,0,0,0,0,0,0,1000,2147483647,2147483647)
Skill = (20,0,2147483647,0,0,0,0,0,0,0,0,0,1000,2147483647,2147483647)
Skill = (21,0,2147483647,0,0,0,0,0,0,0,0,0,1000,2147483647,2147483647)
Skill = (22,100,100,0,0,0,0,0,0,0,0,0,0,0,0)
Skill = (23,0,2147483647,0,0,0,0,0,0,0,0,0,1000,2147483647,2147483647)
Skill = (24,0,2147483647,0,0,0,0,0,0,0,0,0,1000,2147483647,2147483647)

Spells      = {10,51}
QuestValues = {(18,1),(20,1),(21,1),(22,1),(23,1),(25,1),(26,1),(27,1),(30,1),(31,1),(32,1),(33,1),(34,1),(59,1),(86,1),(87,1)}
Murders     = {}
