ID              = 8064664
Name            = "Xodzes"
Race            = 1
Profession      = 1
OriginalOutfit  = 130-114-121-114-114
CurrentOutfit   = 130-114-121-114-114
LastLogin       = 1125416513
LastLogout      = 1125416587
StartPosition   = [32360,31782,7]
CurrentPosition = [32338,31786,7]
PlayerkillerEnd = 0

Skill = (0,8,0,1,0,0,0,0,0,0,1,5761,0,6400,100)
Skill = (1,1,0,0,0,0,0,0,0,0,0,48,3000,80,20)
Skill = (2,185,185,0,0,0,0,0,0,0,15,0,0,0,0)
Skill = (3,5,35,0,0,0,0,0,0,0,5,0,0,0,0)
Skill = (4,77,77,0,0,0,0,0,0,0,1,0,0,0,0)
Skill = (5,470,470,0,0,0,0,0,0,0,25,0,0,0,0)
Skill = (6,24,0,10,0,0,0,0,0,0,0,3126,1100,3177,100)
Skill = (7,10,0,10,0,0,0,0,0,0,0,0,1400,30,30)
Skill = (8,26,0,10,0,0,0,0,0,0,0,1873,1100,2027,50)
Skill = (9,10,0,10,0,0,0,0,0,0,0,41,1100,50,50)
Skill = (10,10,0,10,0,0,0,0,0,0,0,5,1100,50,50)
Skill = (11,11,0,10,0,0,0,0,0,0,0,100,1100,105,50)
Skill = (12,0,2147483647,0,0,0,0,0,0,0,0,0,1000,2147483647,2147483647)
Skill = (13,26,0,10,0,0,0,0,0,0,0,718,1100,810,20)
Skill = (14,0,1200,0,0,0,1071,0,0,0,0,0,0,0,0)
Skill = (15,0,2147483647,0,0,0,0,0,0,0,0,0,1000,2147483647,2147483647)
Skill = (16,0,2147483647,0,0,0,0,0,0,0,0,0,1000,2147483647,2147483647)
Skill = (17,0,2147483647,0,0,0,0,0,3,3,0,0,50,2147483647,2147483647)
Skill = (18,0,2147483647,0,0,0,0,0,8,8,0,0,1000,2147483647,2147483647)
Skill = (19,0,2147483647,0,0,0,0,0,0,0,0,0,1000,2147483647,2147483647)
Skill = (20,0,2147483647,0,0,0,0,0,0,0,0,0,1000,2147483647,2147483647)
Skill = (21,0,2147483647,0,0,0,0,0,0,0,0,0,1000,2147483647,2147483647)
Skill = (22,100,100,0,0,0,0,0,0,0,0,0,0,0,0)
Skill = (23,0,2147483647,0,0,0,0,0,0,0,0,0,1000,2147483647,2147483647)
Skill = (24,0,2147483647,0,0,0,0,0,0,0,0,0,1000,2147483647,2147483647)

Spells      = {1,20}
QuestValues = {(19,1),(20,1),(21,1),(22,1),(23,1),(24,1),(29,1),(30,1),(32,1),(33,1),(34,1),(59,1),(100,1),(223,1),(224,1)}
Murders     = {}
