ID              = 8335264
Name            = "Knigth Picotto"
Race            = 1
Profession      = 1
OriginalOutfit  = 130-120-119-120-120
CurrentOutfit   = 130-120-119-120-120
LastLogin       = 1131087795
LastLogout      = 1131087823
StartPosition   = [32732,31634,7]
CurrentPosition = [32679,31685,7]
PlayerkillerEnd = 0

Skill = (0,11,0,1,0,0,0,0,0,0,1,14242,0,17600,100)
Skill = (1,2,0,0,0,0,0,0,0,0,0,151,3000,260,20)
Skill = (2,202,230,0,0,0,0,0,0,0,15,0,0,0,0)
Skill = (3,35,50,0,0,0,0,0,0,0,5,0,0,0,0)
Skill = (4,80,80,0,0,0,0,0,0,0,1,0,0,0,0)
Skill = (5,545,545,0,0,0,0,0,0,0,25,0,0,0,0)
Skill = (6,25,0,10,0,0,0,0,0,0,0,3319,1100,3594,100)
Skill = (7,10,0,10,0,0,0,0,0,0,0,0,1400,30,30)
Skill = (8,28,0,10,0,0,0,0,0,0,0,2428,1100,2557,50)
Skill = (9,10,0,10,0,0,0,0,0,0,0,31,1100,50,50)
Skill = (10,10,0,10,0,0,0,0,0,0,0,18,1100,50,50)
Skill = (11,11,0,10,0,0,0,0,0,0,0,63,1100,105,50)
Skill = (12,0,2147483647,0,0,0,0,0,0,0,0,0,1000,2147483647,2147483647)
Skill = (13,20,0,10,0,0,0,0,0,0,0,348,1100,370,20)
Skill = (14,0,1200,0,0,0,0,0,0,0,0,0,0,0,0)
Skill = (15,0,2147483647,0,0,0,0,0,0,0,0,0,1000,2147483647,2147483647)
Skill = (16,0,2147483647,0,0,0,0,0,0,0,0,0,1000,2147483647,2147483647)
Skill = (17,0,2147483647,0,0,0,0,0,0,0,0,0,50,2147483647,2147483647)
Skill = (18,0,2147483647,0,0,0,0,0,8,8,0,0,1000,2147483647,2147483647)
Skill = (19,0,2147483647,0,0,0,0,0,0,0,0,0,1000,2147483647,2147483647)
Skill = (20,0,2147483647,0,0,0,0,0,0,0,0,0,1000,2147483647,2147483647)
Skill = (21,0,2147483647,0,0,0,0,0,0,0,0,0,1000,2147483647,2147483647)
Skill = (22,100,100,0,0,0,0,0,0,0,0,0,0,0,0)
Skill = (23,0,2147483647,0,0,0,0,0,0,0,0,0,1000,2147483647,2147483647)
Skill = (24,0,2147483647,0,0,0,0,0,0,0,0,0,1000,2147483647,2147483647)

Spells      = {1,10,20,29}
QuestValues = {(18,1),(20,1),(21,1),(22,1),(23,1),(27,1),(54,1),(58,1),(96,1),(97,1),(98,1),(223,1),(254,1)}
Murders     = {}
