ID              = 8650164
Name            = "Rosrwer"
Race            = 1
Profession      = 2
OriginalOutfit  = 140-0-0-94-94
CurrentOutfit   = 140-0-0-94-94
LastLogin       = 1128798651
LastLogout      = 1128799122
StartPosition   = [32957,32076,7]
CurrentPosition = [32920,32069,7]
PlayerkillerEnd = 0

Skill = (0,12,0,1,0,0,0,0,0,0,1,19484,0,23200,100)
Skill = (1,4,0,0,0,0,0,0,0,0,0,200,1400,218,20)
Skill = (2,178,225,0,0,0,0,0,0,0,10,0,0,0,0)
Skill = (3,95,95,0,0,0,0,0,0,0,15,0,0,0,0)
Skill = (4,81,81,0,0,0,0,0,0,0,1,0,0,0,0)
Skill = (5,550,550,0,0,0,0,0,0,0,20,0,0,0,0)
Skill = (6,27,0,10,0,0,0,0,0,0,0,4234,1100,4559,100)
Skill = (7,40,0,10,0,0,0,0,0,0,0,5214,1100,5458,30)
Skill = (8,10,0,10,0,0,0,0,0,0,0,31,1200,50,50)
Skill = (9,16,0,10,0,0,0,0,0,0,0,594,1200,645,50)
Skill = (10,10,0,10,0,0,0,0,0,0,0,45,1200,50,50)
Skill = (11,12,0,10,0,0,0,0,0,0,0,112,1200,181,50)
Skill = (12,0,2147483647,0,0,0,0,0,0,0,0,0,1000,2147483647,2147483647)
Skill = (13,27,0,10,0,0,0,0,0,0,0,819,1100,911,20)
Skill = (14,0,1200,0,0,0,0,0,0,0,0,0,0,0,0)
Skill = (15,0,2147483647,0,0,0,0,0,0,0,0,0,1000,2147483647,2147483647)
Skill = (16,0,2147483647,0,0,0,0,0,0,0,0,0,1000,2147483647,2147483647)
Skill = (17,0,2147483647,0,0,0,0,0,3,3,0,0,50,2147483647,2147483647)
Skill = (18,0,2147483647,0,0,0,0,0,8,8,0,0,1000,2147483647,2147483647)
Skill = (19,0,2147483647,0,0,0,0,0,0,0,0,0,1000,2147483647,2147483647)
Skill = (20,0,2147483647,0,0,0,0,0,0,0,0,0,1000,2147483647,2147483647)
Skill = (21,0,2147483647,0,0,0,0,0,0,0,0,0,1000,2147483647,2147483647)
Skill = (22,100,100,0,0,0,0,0,120,120,0,0,0,0,0)
Skill = (23,0,2147483647,0,0,0,0,0,0,0,0,0,1000,2147483647,2147483647)
Skill = (24,0,2147483647,0,0,0,0,0,0,0,0,0,1000,2147483647,2147483647)

Spells      = {2,3,6,10,20,42,51,76,79,81}
QuestValues = {(20,1),(32,1),(33,1),(34,1),(59,1),(84,1),(85,1),(86,1),(93,1),(94,1),(95,1),(96,1),(97,1),(98,1),(99,1),(116,1),(117,1),(118,1),(121,1),(138,1),(139,1),(223,1),(224,1)}
Murders     = {}
