ID              = 8687764
Name            = "Shusch"
Race            = 1
Profession      = 11
OriginalOutfit  = 133-79-94-114-0
CurrentOutfit   = 133-79-94-114-0
LastLogin       = 1132135462
LastLogout      = 1132136233
StartPosition   = [33213,32454,1]
CurrentPosition = [32336,31783,7]
PlayerkillerEnd = 0

Skill = (0,46,0,1,0,0,0,0,0,0,1,1423936,0,1522600,100)
Skill = (1,5,0,0,0,0,0,0,0,0,0,2829,3000,7280,20)
Skill = (2,755,755,0,0,0,0,0,0,0,15,0,0,0,0)
Skill = (3,45,225,0,0,0,0,0,0,0,5,0,0,0,0)
Skill = (4,115,115,0,0,0,0,0,10,10,1,0,0,0,0)
Skill = (5,1420,1420,0,0,0,0,0,0,0,25,0,0,0,0)
Skill = (6,60,0,10,0,0,0,0,0,0,0,126196,1100,128129,100)
Skill = (7,10,0,10,0,0,0,0,0,0,0,2,1400,30,30)
Skill = (8,11,0,10,0,0,0,0,0,0,0,67,1100,105,50)
Skill = (9,65,0,10,0,0,0,0,0,0,0,101261,1100,103482,50)
Skill = (10,10,0,10,0,0,0,0,0,0,0,0,1100,50,50)
Skill = (11,11,0,10,0,0,0,0,0,0,0,92,1100,105,50)
Skill = (12,0,2147483647,0,0,0,0,0,0,0,0,0,1000,2147483647,2147483647)
Skill = (13,26,0,10,0,0,0,0,0,0,0,807,1100,810,20)
Skill = (14,0,1200,0,0,0,0,0,0,0,0,0,0,0,0)
Skill = (15,0,2147483647,0,0,0,0,0,83,83,0,0,1000,2147483647,2147483647)
Skill = (16,0,2147483647,0,0,0,0,0,6000,6000,0,0,1000,2147483647,2147483647)
Skill = (17,0,2147483647,0,0,0,0,0,3,3,0,0,50,2147483647,2147483647)
Skill = (18,0,2147483647,0,0,0,0,0,8,8,0,0,1000,2147483647,2147483647)
Skill = (19,0,2147483647,0,0,0,0,0,10,10,0,0,1000,2147483647,2147483647)
Skill = (20,0,2147483647,0,0,0,0,0,3,3,0,0,1000,2147483647,2147483647)
Skill = (21,0,2147483647,0,0,0,0,0,0,0,0,0,1000,2147483647,2147483647)
Skill = (22,200,200,0,0,0,0,0,15,15,0,0,0,0,0)
Skill = (23,0,2147483647,0,0,0,0,0,0,0,0,0,1000,2147483647,2147483647)
Skill = (24,0,2147483647,0,0,0,0,0,0,0,0,0,1000,2147483647,2147483647)

Spells      = {1,6,10,29,80,81}
QuestValues = {(20,1),(21,1),(22,1),(23,1),(32,1),(33,1),(34,1),(60,1),(67,1),(68,1),(70,1),(71,1),(151,1),(152,1),(190,1),(191,1)}
Murders     = {}
