ID              = 10762308
Name            = "Santeldore Valeth"
Race            = 1
Profession      = 3
OriginalOutfit  = 130-115-94-88-114
CurrentOutfit   = 130-115-94-88-114
LastLogin       = 1128792872
LastLogout      = 1128796114
StartPosition   = [32369,32241,7]
CurrentPosition = [32348,32228,7]
PlayerkillerEnd = 0

Skill = (0,9,0,1,0,0,0,0,0,0,1,7018,0,9300,100)
Skill = (1,4,0,0,0,0,0,0,0,0,0,96,1100,122,20)
Skill = (2,171,190,0,0,0,0,0,0,0,5,0,0,0,0)
Skill = (3,30,65,0,0,0,0,0,0,0,30,0,0,0,0)
Skill = (4,78,78,0,0,0,0,0,0,0,1,0,0,0,0)
Skill = (5,480,480,0,0,0,0,0,0,0,10,0,0,0,0)
Skill = (6,17,0,10,0,0,0,0,0,0,0,3363,1500,4925,100)
Skill = (7,10,0,10,0,0,0,0,0,0,0,0,2000,30,30)
Skill = (8,16,0,10,0,0,0,0,0,0,0,3251,2000,6350,50)
Skill = (9,11,0,10,0,0,0,0,0,0,0,145,2000,150,50)
Skill = (10,10,0,10,0,0,0,0,0,0,0,0,2000,50,50)
Skill = (11,10,0,10,0,0,0,0,0,0,0,23,1500,50,50)
Skill = (12,0,2147483647,0,0,0,0,0,0,0,0,0,1000,2147483647,2147483647)
Skill = (13,10,0,10,0,0,0,0,0,0,0,0,1100,20,20)
Skill = (14,0,1200,0,0,0,512,0,0,0,0,0,0,0,0)
Skill = (15,0,2147483647,0,0,0,0,0,83,83,0,0,1000,2147483647,2147483647)
Skill = (16,0,2147483647,0,0,0,0,0,0,0,0,0,1000,2147483647,2147483647)
Skill = (17,0,2147483647,0,0,0,0,0,3,3,0,0,50,2147483647,2147483647)
Skill = (18,0,2147483647,0,0,0,0,0,8,8,0,0,1000,2147483647,2147483647)
Skill = (19,0,2147483647,0,0,0,0,0,0,0,0,0,1000,2147483647,2147483647)
Skill = (20,0,2147483647,0,0,0,0,0,0,0,0,0,1000,2147483647,2147483647)
Skill = (21,0,2147483647,0,0,0,0,0,0,0,0,0,1000,2147483647,2147483647)
Skill = (22,98,100,0,0,0,0,0,120,120,0,0,0,0,0)
Skill = (23,0,2147483647,0,0,0,0,0,0,0,0,0,1000,2147483647,2147483647)
Skill = (24,0,2147483647,0,0,0,0,0,0,0,0,0,1000,2147483647,2147483647)

Spells      = {1,7,10,20}
QuestValues = {(19,1),(20,1),(21,1),(22,1),(23,1),(24,1),(29,1),(30,1),(32,1),(33,1),(34,1),(223,1),(224,1)}
Murders     = {}
