ID              = 11040808
Name            = "Alia Beros"
Race            = 1
Profession      = 4
OriginalOutfit  = 129-114-77-94-0
CurrentOutfit   = 129-114-77-94-0
LastLogin       = 1131924055
LastLogout      = 1131924087
StartPosition   = [32369,32241,7]
CurrentPosition = [32344,32226,6]
PlayerkillerEnd = 0

Skill = (0,8,0,1,0,0,0,0,0,0,1,5085,0,6400,100)
Skill = (1,0,0,0,0,0,0,0,0,0,0,0,1100,20,20)
Skill = (2,185,185,0,0,0,0,0,0,0,5,0,0,0,0)
Skill = (3,35,35,0,0,0,0,0,0,0,30,0,0,0,0)
Skill = (4,77,77,0,0,0,0,0,0,0,1,0,0,0,0)
Skill = (5,470,470,0,0,0,0,0,0,0,10,0,0,0,0)
Skill = (6,17,0,10,0,0,0,0,0,0,0,3791,1500,4925,100)
Skill = (7,10,0,10,0,0,0,0,0,0,0,1,1800,30,30)
Skill = (8,15,0,10,0,0,0,0,0,0,0,1695,1800,2063,50)
Skill = (9,12,0,10,0,0,0,0,0,0,0,142,1800,302,50)
Skill = (10,14,0,10,0,0,0,0,0,0,0,998,1800,1118,50)
Skill = (11,10,0,10,0,0,0,0,0,0,0,12,1500,50,50)
Skill = (12,0,2147483647,0,0,0,0,0,0,0,0,0,1000,2147483647,2147483647)
Skill = (13,10,0,10,0,0,0,0,0,0,0,0,1100,20,20)
Skill = (14,0,1200,0,0,0,664,0,0,0,0,0,0,0,0)
Skill = (15,0,2147483647,0,0,0,0,0,0,0,0,0,1000,2147483647,2147483647)
Skill = (16,0,2147483647,0,0,0,0,0,0,0,0,0,1000,2147483647,2147483647)
Skill = (17,0,2147483647,0,0,0,0,0,0,0,0,0,50,2147483647,2147483647)
Skill = (18,0,2147483647,0,0,0,0,0,0,0,0,0,1000,2147483647,2147483647)
Skill = (19,0,2147483647,0,0,0,0,0,0,0,0,0,1000,2147483647,2147483647)
Skill = (20,0,2147483647,0,0,0,0,0,0,0,0,0,1000,2147483647,2147483647)
Skill = (21,0,2147483647,0,0,0,0,0,0,0,0,0,1000,2147483647,2147483647)
Skill = (22,100,100,0,0,0,0,0,0,0,0,0,0,0,0)
Skill = (23,0,2147483647,0,0,0,0,0,0,0,0,0,1000,2147483647,2147483647)
Skill = (24,0,2147483647,0,0,0,0,0,0,0,0,0,1000,2147483647,2147483647)

Spells      = {}
QuestValues = {(18,1),(20,1),(24,1),(32,1),(33,1),(34,1),(223,1)}
Murders     = {}
