ID              = 7945108
Name            = "Duduzin Evil"
Race            = 1
Profession      = 2
OriginalOutfit  = 133-114-114-114-114
CurrentOutfit   = 133-114-114-114-114
LastLogin       = 1123825855
LastLogout      = 1123825867
StartPosition   = [32360,31782,7]
CurrentPosition = [32360,31782,7]
PlayerkillerEnd = 0

Skill = (0,20,0,1,0,0,0,0,0,0,1,101737,0,116000,100)
Skill = (1,8,0,0,0,0,0,0,0,0,0,822,1400,983,20)
Skill = (2,305,305,0,0,0,0,0,0,0,10,0,0,0,0)
Skill = (3,215,215,0,0,0,0,0,0,0,15,0,0,0,0)
Skill = (4,89,89,0,0,0,0,0,0,0,1,0,0,0,0)
Skill = (5,710,710,0,0,0,0,0,0,0,20,0,0,0,0)
Skill = (6,39,0,10,0,0,0,0,0,0,0,15234,1100,16449,100)
Skill = (7,56,0,10,0,0,0,0,0,0,0,25577,1100,26159,30)
Skill = (8,10,0,10,0,0,0,0,0,0,0,0,1200,50,50)
Skill = (9,13,0,10,0,0,0,0,0,0,0,189,1200,268,50)
Skill = (10,10,0,10,0,0,0,0,0,0,0,14,1200,50,50)
Skill = (11,19,0,10,0,0,0,0,0,0,0,1154,1200,1297,50)
Skill = (12,0,2147483647,0,0,0,0,0,0,0,0,0,1000,2147483647,2147483647)
Skill = (13,32,0,10,0,0,0,0,0,0,0,1480,1100,1590,20)
Skill = (14,0,1200,0,0,0,0,0,0,0,0,0,0,0,0)
Skill = (15,0,2147483647,0,0,0,0,0,0,0,0,0,1000,2147483647,2147483647)
Skill = (16,0,2147483647,0,0,0,0,0,0,0,0,0,1000,2147483647,2147483647)
Skill = (17,0,2147483647,0,0,0,0,0,0,0,0,0,50,2147483647,2147483647)
Skill = (18,0,2147483647,0,0,0,0,0,0,0,0,0,1000,2147483647,2147483647)
Skill = (19,0,2147483647,0,0,0,0,0,0,0,0,0,1000,2147483647,2147483647)
Skill = (20,0,2147483647,0,0,0,0,0,0,0,0,0,1000,2147483647,2147483647)
Skill = (21,0,2147483647,0,0,0,0,0,0,0,0,0,1000,2147483647,2147483647)
Skill = (22,100,100,0,0,0,0,0,0,0,0,0,0,0,0)
Skill = (23,0,2147483647,0,0,0,0,0,0,0,0,0,1000,2147483647,2147483647)
Skill = (24,0,2147483647,0,0,0,0,0,0,0,0,0,1000,2147483647,2147483647)

Spells      = {1,3,8,29,42,76}
QuestValues = {(20,1),(21,1),(22,1),(23,1),(24,1),(27,1),(31,1),(32,1),(33,1),(34,1),(58,1),(84,1),(85,1),(86,1),(87,1)}
Murders     = {}
