ID              = 8011508
Name            = "Sinner Spirit"
Race            = 1
Profession      = 2
OriginalOutfit  = 134-2-74-114-74
CurrentOutfit   = 134-2-74-114-74
LastLogin       = 1131826963
LastLogout      = 1131827084
StartPosition   = [32957,32076,7]
CurrentPosition = [32935,32161,6]
PlayerkillerEnd = 0

Skill = (0,13,0,1,0,0,0,0,0,0,1,27774,0,29900,100)
Skill = (1,7,0,0,0,0,0,0,0,0,0,559,1400,687,20)
Skill = (2,235,235,0,0,0,0,0,0,0,10,0,0,0,0)
Skill = (3,16,110,0,0,0,0,0,0,0,15,0,0,0,0)
Skill = (4,82,82,0,0,0,0,0,0,0,1,0,0,0,0)
Skill = (5,570,570,0,0,0,0,0,0,0,20,0,0,0,0)
Skill = (6,42,0,10,0,0,0,0,0,0,0,21346,1100,22225,100)
Skill = (7,49,0,10,0,0,0,0,0,0,0,12460,1100,13277,30)
Skill = (8,17,0,10,0,0,0,0,0,0,0,650,1200,824,50)
Skill = (9,10,0,10,0,0,0,0,0,0,0,45,1200,50,50)
Skill = (10,10,0,10,0,0,0,0,0,0,0,21,1200,50,50)
Skill = (11,13,0,10,0,0,0,0,0,0,0,261,1200,268,50)
Skill = (12,0,2147483647,0,0,0,0,0,0,0,0,0,1000,2147483647,2147483647)
Skill = (13,39,0,10,0,0,0,0,0,0,0,3214,1100,3289,20)
Skill = (14,0,1200,0,0,0,821,0,0,0,0,0,0,0,0)
Skill = (15,0,2147483647,0,0,0,0,0,83,83,0,0,1000,2147483647,2147483647)
Skill = (16,0,2147483647,0,0,0,0,0,0,0,0,0,1000,2147483647,2147483647)
Skill = (17,0,2147483647,0,0,0,0,0,3,3,0,0,50,2147483647,2147483647)
Skill = (18,0,2147483647,0,0,0,0,0,1,1,0,0,1000,2147483647,2147483647)
Skill = (19,0,2147483647,0,0,0,0,0,0,0,0,0,1000,2147483647,2147483647)
Skill = (20,0,2147483647,0,0,0,0,0,0,0,0,0,1000,2147483647,2147483647)
Skill = (21,0,2147483647,0,0,0,0,0,0,0,0,0,1000,2147483647,2147483647)
Skill = (22,80,100,0,0,0,0,0,120,120,0,0,0,0,0)
Skill = (23,0,2147483647,0,0,0,0,0,0,0,0,0,1000,2147483647,2147483647)
Skill = (24,0,2147483647,0,0,0,0,0,0,0,0,0,1000,2147483647,2147483647)

Spells      = {1,2,8,10,20,51}
QuestValues = {(20,1),(21,1),(22,1),(23,1),(32,1),(33,1),(34,1),(35,1),(59,1),(223,1)}
Murders     = {}
