ID              = 8195608
Name            = "Hobo Hunter"
Race            = 1
Profession      = 2
OriginalOutfit  = 129-97-95-76-114
CurrentOutfit   = 129-97-95-76-114
LastLogin       = 1119311273
LastLogout      = 1119311289
StartPosition   = [32732,31634,7]
CurrentPosition = [32732,31634,7]
PlayerkillerEnd = 0

Skill = (0,18,0,1,0,0,0,0,0,0,1,72363,0,83400,100)
Skill = (1,8,0,0,0,0,0,0,0,0,0,875,1400,983,20)
Skill = (2,285,285,0,0,0,0,0,0,0,10,0,0,0,0)
Skill = (3,49,185,0,0,0,0,0,0,0,15,0,0,0,0)
Skill = (4,87,87,0,0,0,0,0,0,0,1,0,0,0,0)
Skill = (5,670,670,0,0,0,0,0,0,0,20,0,0,0,0)
Skill = (6,39,0,10,0,0,0,0,0,0,0,14931,1100,16449,100)
Skill = (7,53,0,10,0,0,0,0,0,0,0,18814,1100,19579,30)
Skill = (8,16,0,10,0,0,0,0,0,0,0,571,1200,645,50)
Skill = (9,11,0,10,0,0,0,0,0,0,0,101,1200,109,50)
Skill = (10,10,0,10,0,0,0,0,0,0,0,0,1200,50,50)
Skill = (11,14,0,10,0,0,0,0,0,0,0,333,1200,372,50)
Skill = (12,0,2147483647,0,0,0,0,0,0,0,0,0,1000,2147483647,2147483647)
Skill = (13,25,0,10,0,0,0,0,0,0,0,711,1100,718,20)
Skill = (14,0,1200,0,0,0,0,0,0,0,0,0,0,0,0)
Skill = (15,0,2147483647,0,0,0,0,0,83,83,0,0,1000,2147483647,2147483647)
Skill = (16,0,2147483647,0,0,0,0,0,0,0,0,0,1000,2147483647,2147483647)
Skill = (17,0,2147483647,0,0,0,0,0,0,0,0,0,50,2147483647,2147483647)
Skill = (18,0,2147483647,0,0,0,0,0,8,8,0,0,1000,2147483647,2147483647)
Skill = (19,0,2147483647,0,0,0,0,0,0,0,0,0,1000,2147483647,2147483647)
Skill = (20,0,2147483647,0,0,0,0,0,0,0,0,0,1000,2147483647,2147483647)
Skill = (21,0,2147483647,0,0,0,0,0,0,0,0,0,1000,2147483647,2147483647)
Skill = (22,200,200,0,0,0,0,0,0,0,0,0,0,0,0)
Skill = (23,0,2147483647,0,0,0,0,0,0,0,0,0,1000,2147483647,2147483647)
Skill = (24,0,2147483647,0,0,0,0,0,0,0,0,0,1000,2147483647,2147483647)

Spells      = {1,2,3,10,29,51}
QuestValues = {(18,1),(100,1),(128,1)}
Murders     = {}
