ID              = 8196708
Name            = "Dragonsttar"
Race            = 1
Profession      = 2
OriginalOutfit  = 134-78-114-114-78
CurrentOutfit   = 134-78-114-114-78
LastLogin       = 1128373136
LastLogout      = 1128373170
StartPosition   = [33213,32454,1]
CurrentPosition = [33215,32456,8]
PlayerkillerEnd = 0

Skill = (0,15,0,1,0,0,0,0,0,0,1,41873,0,47000,100)
Skill = (1,7,0,0,0,0,0,0,0,0,0,569,1400,687,20)
Skill = (2,255,255,0,0,0,0,0,0,0,10,0,0,0,0)
Skill = (3,46,140,0,0,0,0,0,0,0,15,0,0,0,0)
Skill = (4,84,84,0,0,0,0,0,0,0,1,0,0,0,0)
Skill = (5,610,610,0,0,0,0,0,0,0,20,0,0,0,0)
Skill = (6,46,0,10,0,0,0,0,0,0,0,30365,1100,33003,100)
Skill = (7,53,0,10,0,0,0,0,0,0,0,18158,1100,19579,30)
Skill = (8,10,0,10,0,0,0,0,0,0,0,0,1200,50,50)
Skill = (9,14,0,10,0,0,0,0,0,0,0,333,1200,372,50)
Skill = (10,10,0,10,0,0,0,0,0,0,0,8,1200,50,50)
Skill = (11,22,0,10,0,0,0,0,0,0,0,2027,1200,2424,50)
Skill = (12,0,2147483647,0,0,0,0,0,0,0,0,0,1000,2147483647,2147483647)
Skill = (13,30,0,10,0,0,0,0,0,0,0,1273,1100,1280,20)
Skill = (14,0,1200,0,0,0,758,0,0,0,0,0,0,0,0)
Skill = (15,0,2147483647,0,0,0,3,0,8,83,0,0,1000,2147483647,2147483647)
Skill = (16,0,2147483647,0,0,0,0,0,0,0,0,0,1000,2147483647,2147483647)
Skill = (17,0,2147483647,0,0,0,0,0,3,3,0,0,50,2147483647,2147483647)
Skill = (18,0,2147483647,0,0,0,0,0,0,0,0,0,1000,2147483647,2147483647)
Skill = (19,0,2147483647,0,0,0,0,0,0,0,0,0,1000,2147483647,2147483647)
Skill = (20,0,2147483647,0,0,0,0,0,0,0,0,0,1000,2147483647,2147483647)
Skill = (21,0,2147483647,0,0,0,0,0,0,0,0,0,1000,2147483647,2147483647)
Skill = (22,100,100,0,0,0,0,0,0,0,0,0,0,0,0)
Skill = (23,0,2147483647,0,0,0,0,0,0,0,0,0,1000,2147483647,2147483647)
Skill = (24,0,2147483647,0,0,0,0,0,0,0,0,0,1000,2147483647,2147483647)

Spells      = {2,8,10,42,51}
QuestValues = {(17,1),(18,1),(27,1)}
Murders     = {}
