ID              = 8259908
Name            = "Jand Pain"
Race            = 1
Profession      = 2
OriginalOutfit  = 129-119-114-115-95
CurrentOutfit   = 129-119-114-115-95
LastLogin       = 1131230470
LastLogout      = 1131230573
StartPosition   = [32360,31782,7]
CurrentPosition = [32363,31749,9]
PlayerkillerEnd = 0

Skill = (0,8,0,1,0,0,0,0,0,0,1,4542,0,6400,100)
Skill = (1,0,0,0,0,0,0,0,0,0,0,0,1400,20,20)
Skill = (2,182,185,0,0,0,0,0,0,0,10,0,0,0,0)
Skill = (3,35,35,0,0,0,0,0,0,0,15,0,0,0,0)
Skill = (4,77,77,0,0,0,0,0,0,0,1,0,0,0,0)
Skill = (5,470,470,0,0,0,0,0,0,0,20,0,0,0,0)
Skill = (6,16,0,10,0,0,0,0,0,0,0,927,1100,948,100)
Skill = (7,10,0,10,0,0,0,0,0,0,0,1,1100,30,30)
Skill = (8,10,0,10,0,0,0,0,0,0,0,36,1200,50,50)
Skill = (9,16,0,10,0,0,0,0,0,0,0,560,1200,645,50)
Skill = (10,10,0,10,0,0,0,0,0,0,0,0,1200,50,50)
Skill = (11,10,0,10,0,0,0,0,0,0,0,5,1200,50,50)
Skill = (12,0,2147483647,0,0,0,0,0,0,0,0,0,1000,2147483647,2147483647)
Skill = (13,10,0,10,0,0,0,0,0,0,0,0,1100,20,20)
Skill = (14,0,1200,0,0,0,0,0,0,0,0,0,0,0,0)
Skill = (15,0,2147483647,0,0,0,0,0,0,0,0,0,1000,2147483647,2147483647)
Skill = (16,0,2147483647,0,0,0,0,0,0,0,0,0,1000,2147483647,2147483647)
Skill = (17,0,2147483647,0,0,0,0,0,3,3,0,0,50,2147483647,2147483647)
Skill = (18,0,2147483647,0,0,0,0,0,0,0,0,0,1000,2147483647,2147483647)
Skill = (19,0,2147483647,0,0,0,0,0,0,0,0,0,1000,2147483647,2147483647)
Skill = (20,0,2147483647,0,0,0,0,0,0,0,0,0,1000,2147483647,2147483647)
Skill = (21,0,2147483647,0,0,0,0,0,0,0,0,0,1000,2147483647,2147483647)
Skill = (22,100,100,0,0,0,0,0,120,120,0,0,0,0,0)
Skill = (23,0,2147483647,0,0,0,0,0,0,0,0,0,1000,2147483647,2147483647)
Skill = (24,0,2147483647,0,0,0,0,0,0,0,0,0,1000,2147483647,2147483647)

Spells      = {}
QuestValues = {(18,1),(32,1),(33,1),(34,1),(59,1),(223,1)}
Murders     = {}
