ID              = 9129708
Name            = "Vandix Brax"
Race            = 1
Profession      = 2
OriginalOutfit  = 129-123-114-123-114
CurrentOutfit   = 129-123-114-123-114
LastLogin       = 1132100470
LastLogout      = 1132100707
StartPosition   = [32360,31782,7]
CurrentPosition = [32335,31786,7]
PlayerkillerEnd = 0

Skill = (0,9,0,1,0,0,0,0,0,0,1,7100,0,9300,100)
Skill = (1,3,0,0,0,0,0,0,0,0,0,101,1400,142,20)
Skill = (2,194,195,0,0,0,0,0,0,0,10,0,0,0,0)
Skill = (3,13,50,0,0,0,0,0,0,0,15,0,0,0,0)
Skill = (4,78,78,0,0,0,0,0,0,0,1,0,0,0,0)
Skill = (5,490,490,0,0,0,0,0,0,0,20,0,0,0,0)
Skill = (6,30,0,10,0,0,0,0,0,0,0,6012,1100,6400,100)
Skill = (7,45,0,10,0,0,0,0,0,0,0,8942,1100,8973,30)
Skill = (8,10,0,10,0,0,0,0,0,0,0,28,1200,50,50)
Skill = (9,13,0,10,0,0,0,0,0,0,0,182,1200,268,50)
Skill = (10,10,0,10,0,0,0,0,0,0,0,8,1200,50,50)
Skill = (11,18,0,10,0,0,0,0,0,0,0,915,1200,1039,50)
Skill = (12,0,2147483647,0,0,0,0,0,0,0,0,0,1000,2147483647,2147483647)
Skill = (13,13,0,10,0,0,0,0,0,0,0,68,1100,92,20)
Skill = (14,0,1200,0,0,0,998,0,0,0,0,0,0,0,0)
Skill = (15,0,2147483647,0,0,0,0,0,0,0,0,0,1000,2147483647,2147483647)
Skill = (16,0,2147483647,0,0,0,0,0,0,0,0,0,1000,2147483647,2147483647)
Skill = (17,0,2147483647,0,0,0,0,0,0,0,0,0,50,2147483647,2147483647)
Skill = (18,0,2147483647,0,0,0,0,0,0,0,0,0,1000,2147483647,2147483647)
Skill = (19,0,2147483647,0,0,0,0,0,0,0,0,0,1000,2147483647,2147483647)
Skill = (20,0,2147483647,0,0,0,0,0,0,0,0,0,1000,2147483647,2147483647)
Skill = (21,0,2147483647,0,0,0,0,0,0,0,0,0,1000,2147483647,2147483647)
Skill = (22,100,100,0,0,0,0,0,0,0,0,0,0,0,0)
Skill = (23,0,2147483647,0,0,0,0,0,0,0,0,0,1000,2147483647,2147483647)
Skill = (24,0,2147483647,0,0,0,0,0,0,0,0,0,1000,2147483647,2147483647)

Spells      = {1,10}
QuestValues = {}
Murders     = {1131420872}
