ID              = 9209008
Name            = "Zazeth"
Race            = 1
Profession      = 2
OriginalOutfit  = 139-114-0-114-39
CurrentOutfit   = 139-114-0-114-39
LastLogin       = 1123826989
LastLogout      = 1123827834
StartPosition   = [32369,32241,7]
CurrentPosition = [32374,32175,7]
PlayerkillerEnd = 0

Skill = (0,9,0,1,0,0,0,0,0,0,1,7595,0,9300,100)
Skill = (1,3,0,0,0,0,0,0,0,0,0,109,1400,142,20)
Skill = (2,195,195,0,0,0,0,0,0,0,10,0,0,0,0)
Skill = (3,30,50,0,0,0,0,0,0,0,15,0,0,0,0)
Skill = (4,78,78,0,0,0,0,0,0,0,1,0,0,0,0)
Skill = (5,490,490,0,0,0,0,0,0,0,20,0,0,0,0)
Skill = (6,21,0,10,0,0,0,0,0,0,0,2051,1100,2138,100)
Skill = (7,30,0,10,0,0,0,0,0,0,0,1738,1100,1920,30)
Skill = (8,14,0,10,0,0,0,0,0,0,0,302,1200,372,50)
Skill = (9,13,0,10,0,0,0,0,0,0,0,208,1200,268,50)
Skill = (10,17,0,10,0,0,0,0,0,0,0,758,1200,824,50)
Skill = (11,17,0,10,0,0,0,0,0,0,0,788,1200,824,50)
Skill = (12,0,2147483647,0,0,0,0,0,0,0,0,0,1000,2147483647,2147483647)
Skill = (13,21,0,10,0,0,0,0,0,0,0,400,1100,427,20)
Skill = (14,0,1200,0,0,0,1149,0,0,0,0,0,0,0,0)
Skill = (15,0,2147483647,0,0,0,0,0,0,0,0,0,1000,2147483647,2147483647)
Skill = (16,0,2147483647,0,0,0,0,0,0,0,0,0,1000,2147483647,2147483647)
Skill = (17,0,2147483647,0,0,0,0,0,0,0,0,0,50,2147483647,2147483647)
Skill = (18,0,2147483647,0,0,0,0,0,0,0,0,0,1000,2147483647,2147483647)
Skill = (19,0,2147483647,0,0,0,0,0,0,0,0,0,1000,2147483647,2147483647)
Skill = (20,0,2147483647,0,0,0,0,0,0,0,0,0,1000,2147483647,2147483647)
Skill = (21,0,2147483647,0,0,0,0,0,0,0,0,0,1000,2147483647,2147483647)
Skill = (22,100,100,0,0,0,0,0,0,0,0,0,0,0,0)
Skill = (23,0,2147483647,0,0,0,0,0,0,0,0,0,1000,2147483647,2147483647)
Skill = (24,0,2147483647,0,0,0,0,0,0,0,0,0,1000,2147483647,2147483647)

Spells      = {1,2,10,42,51}
QuestValues = {(20,1),(21,1),(22,1),(23,1),(32,1),(33,1),(34,1)}
Murders     = {}
