ID              = 9357708
Name            = "Daniel Flam"
Race            = 1
Profession      = 1
OriginalOutfit  = 128-116-86-114-116
CurrentOutfit   = 128-116-86-114-116
LastLogin       = 1132123486
LastLogout      = 1132128062
StartPosition   = [32360,31782,7]
CurrentPosition = [32682,31684,8]
PlayerkillerEnd = 0

Skill = (0,40,0,1,0,0,0,0,0,0,1,930720,0,992000,100)
Skill = (1,5,0,0,0,0,0,0,0,0,0,3012,3000,7280,20)
Skill = (2,665,665,0,0,0,0,0,0,0,15,0,0,0,0)
Skill = (3,195,195,0,0,0,0,0,0,0,5,0,0,0,0)
Skill = (4,109,109,0,0,0,0,0,1,1,1,0,0,0,0)
Skill = (5,1270,1270,0,0,0,0,0,0,0,25,0,0,0,0)
Skill = (6,64,0,10,0,0,0,0,0,0,0,186247,1100,188059,100)
Skill = (7,10,0,10,0,0,0,0,0,0,0,0,1400,30,30)
Skill = (8,67,0,10,0,0,0,0,0,0,0,124201,1100,125318,50)
Skill = (9,10,0,10,0,0,0,0,0,0,0,30,1100,50,50)
Skill = (10,10,0,10,0,0,0,0,0,0,0,0,1100,50,50)
Skill = (11,10,0,10,0,0,0,0,0,0,0,4,1100,50,50)
Skill = (12,0,2147483647,0,0,0,0,0,0,0,0,0,1000,2147483647,2147483647)
Skill = (13,44,0,10,0,0,0,0,0,0,0,4923,1100,5420,20)
Skill = (14,0,1200,0,0,0,850,0,0,0,0,0,0,0,0)
Skill = (15,0,2147483647,0,0,0,0,0,83,83,0,0,1000,2147483647,2147483647)
Skill = (16,0,2147483647,0,0,0,0,0,6000,6000,0,0,1000,2147483647,2147483647)
Skill = (17,0,2147483647,0,0,0,0,0,0,0,0,0,50,2147483647,2147483647)
Skill = (18,0,2147483647,0,0,0,0,0,8,8,0,0,1000,2147483647,2147483647)
Skill = (19,0,2147483647,0,0,0,0,0,10,10,0,0,1000,2147483647,2147483647)
Skill = (20,0,2147483647,0,0,0,0,0,3,3,0,0,1000,2147483647,2147483647)
Skill = (21,0,2147483647,0,0,0,0,0,0,0,0,0,1000,2147483647,2147483647)
Skill = (22,100,100,0,0,0,0,0,120,120,0,0,0,0,0)
Skill = (23,0,2147483647,0,0,0,0,0,0,0,0,0,1000,2147483647,2147483647)
Skill = (24,0,2147483647,0,0,0,0,0,0,0,0,0,1000,2147483647,2147483647)

Spells      = {1,10,20,29}
QuestValues = {(17,1),(21,1),(22,1),(23,1),(35,1),(46,1),(67,1),(69,1),(71,1),(72,1),(73,1),(74,1),(75,1),(76,1),(77,1),(78,1),(88,1),(89,1),(90,1),(93,1),(94,1),(95,1),(96,1),(97,1),(121,1),(125,1),(126,1),(137,1),(151,1),(152,1),(190,1),(191,1),(253,1)}
Murders     = {}
