ID              = 8168494
Name            = "Ryan Leriel"
Race            = 1
Profession      = 3
OriginalOutfit  = 128-40-0-105-76
CurrentOutfit   = 128-40-0-105-76
LastLogin       = 1130904677
LastLogout      = 1130904682
StartPosition   = [33217,31814,8]
CurrentPosition = [33215,31848,7]
PlayerkillerEnd = 0

Skill = (0,13,0,1,0,0,0,0,0,0,1,27082,0,29900,100)
Skill = (1,22,0,0,0,0,0,0,0,0,0,1566,1100,1590,20)
Skill = (2,100,210,0,0,0,0,0,0,0,5,0,0,0,0)
Skill = (3,5,185,0,0,0,0,0,0,0,30,0,0,0,0)
Skill = (4,82,82,0,0,0,0,0,0,0,1,0,0,0,0)
Skill = (5,520,520,0,0,0,0,0,0,0,10,0,0,0,0)
Skill = (6,16,0,10,0,0,0,0,0,0,0,3186,1500,3217,100)
Skill = (7,10,0,10,0,0,0,0,0,0,0,0,2000,30,30)
Skill = (8,12,0,10,0,0,0,0,0,0,0,306,2000,350,50)
Skill = (9,16,0,10,0,0,0,0,0,0,0,3975,2000,6350,50)
Skill = (10,10,0,10,0,0,0,0,0,0,0,11,2000,50,50)
Skill = (11,11,0,10,0,0,0,0,0,0,0,69,1500,125,50)
Skill = (12,0,2147483647,0,0,0,0,0,0,0,0,0,1000,2147483647,2147483647)
Skill = (13,54,0,10,0,0,0,0,0,0,0,13262,1100,14378,20)
Skill = (14,0,1200,0,0,0,0,0,0,0,0,0,0,0,0)
Skill = (15,0,2147483647,0,0,0,0,0,0,0,0,0,1000,2147483647,2147483647)
Skill = (16,0,2147483647,0,0,0,0,0,0,0,0,0,1000,2147483647,2147483647)
Skill = (17,0,2147483647,0,0,0,0,0,0,0,0,0,50,2147483647,2147483647)
Skill = (18,0,2147483647,0,0,0,0,0,8,8,0,0,1000,2147483647,2147483647)
Skill = (19,0,2147483647,0,0,0,0,0,0,0,0,0,1000,2147483647,2147483647)
Skill = (20,0,2147483647,0,0,0,0,0,0,0,0,0,1000,2147483647,2147483647)
Skill = (21,0,2147483647,0,0,0,0,0,0,0,0,0,1000,2147483647,2147483647)
Skill = (22,100,100,0,0,0,0,0,0,0,0,0,0,0,0)
Skill = (23,0,2147483647,0,0,0,0,0,0,0,0,0,1000,2147483647,2147483647)
Skill = (24,0,2147483647,0,0,0,0,0,0,0,0,0,1000,2147483647,2147483647)

Spells      = {3,8,20}
QuestValues = {(25,1),(26,1),(86,1),(87,1),(224,1)}
Murders     = {}
