ID              = 8209894
Name            = "Zenntrix"
Race            = 1
Profession      = 3
OriginalOutfit  = 133-114-114-114-114
CurrentOutfit   = 133-114-114-114-114
LastLogin       = 1130112664
LastLogout      = 1130112689
StartPosition   = [33213,32454,1]
CurrentPosition = [33252,32438,7]
PlayerkillerEnd = 0

Skill = (0,7,0,1,0,0,0,0,0,0,1,3417,0,4200,100)
Skill = (1,0,0,0,0,0,0,0,0,0,0,19,1100,20,20)
Skill = (2,180,180,0,0,0,0,0,0,0,5,0,0,0,0)
Skill = (3,5,5,0,0,0,0,0,0,0,30,0,0,0,0)
Skill = (4,76,76,0,0,0,0,0,0,0,1,0,0,0,0)
Skill = (5,460,460,0,0,0,0,0,0,0,10,0,0,0,0)
Skill = (6,16,0,10,0,0,0,0,0,0,0,2535,1500,3217,100)
Skill = (7,10,0,10,0,0,0,0,0,0,0,0,2000,30,30)
Skill = (8,15,0,10,0,0,0,0,0,0,0,2134,2000,3150,50)
Skill = (9,10,0,10,0,0,0,0,0,0,0,28,2000,50,50)
Skill = (10,10,0,10,0,0,0,0,0,0,0,0,2000,50,50)
Skill = (11,10,0,10,0,0,0,0,0,0,0,18,1500,50,50)
Skill = (12,0,2147483647,0,0,0,0,0,0,0,0,0,1000,2147483647,2147483647)
Skill = (13,20,0,10,0,0,0,0,0,0,0,325,1100,370,20)
Skill = (14,0,1200,0,0,0,587,0,0,0,0,0,0,0,0)
Skill = (15,0,2147483647,0,0,0,0,0,0,0,0,0,1000,2147483647,2147483647)
Skill = (16,0,2147483647,0,0,0,0,0,0,0,0,0,1000,2147483647,2147483647)
Skill = (17,0,2147483647,0,0,0,0,0,0,0,0,0,50,2147483647,2147483647)
Skill = (18,0,2147483647,0,0,0,0,0,0,0,0,0,1000,2147483647,2147483647)
Skill = (19,0,2147483647,0,0,0,0,0,0,0,0,0,1000,2147483647,2147483647)
Skill = (20,0,2147483647,0,0,0,0,0,0,0,0,0,1000,2147483647,2147483647)
Skill = (21,0,2147483647,0,0,0,0,0,0,0,0,0,1000,2147483647,2147483647)
Skill = (22,100,100,0,0,0,0,0,0,0,0,0,0,0,0)
Skill = (23,0,2147483647,0,0,0,0,0,0,0,0,0,1000,2147483647,2147483647)
Skill = (24,0,2147483647,0,0,0,0,0,0,0,0,0,1000,2147483647,2147483647)

Spells      = {10,20}
QuestValues = {(21,1),(22,1),(23,1),(32,1),(33,1),(34,1),(59,1),(86,1),(87,1)}
Murders     = {}
