ID              = 8397094
Name            = "Rkstein"
Race            = 1
Profession      = 14
OriginalOutfit  = 134-79-94-94-95
CurrentOutfit   = 134-79-94-94-95
LastLogin       = 1132075954
LastLogout      = 1132106170
StartPosition   = [33213,32454,1]
CurrentPosition = [32630,31770,7]
PlayerkillerEnd = 0

Skill = (0,40,0,1,0,0,0,0,0,0,1,943112,0,992000,100)
Skill = (1,48,0,0,0,0,0,0,0,0,0,19567,1100,21143,20)
Skill = (2,345,345,0,0,0,0,0,0,0,5,0,0,0,0)
Skill = (3,611,995,0,0,0,0,0,0,0,30,0,0,0,0)
Skill = (4,109,109,0,0,0,0,0,10,10,1,0,0,0,0)
Skill = (5,790,790,0,0,0,0,0,0,0,10,0,0,0,0)
Skill = (6,25,0,10,0,0,0,0,0,0,0,111319,1500,131168,100)
Skill = (7,12,0,10,0,0,0,0,0,0,0,107,1800,181,30)
Skill = (8,10,0,10,0,0,0,0,0,0,0,0,1800,50,50)
Skill = (9,22,0,10,0,0,0,0,0,0,0,75488,1800,130081,50)
Skill = (10,10,0,10,0,0,0,0,0,0,0,0,1800,50,50)
Skill = (11,16,0,10,0,0,0,0,0,0,0,1235,1500,1608,50)
Skill = (12,0,2147483647,0,0,0,0,0,0,0,0,0,1000,2147483647,2147483647)
Skill = (13,46,0,10,0,0,0,0,0,0,0,6055,1100,6600,20)
Skill = (14,0,1200,0,0,0,989,0,0,0,0,0,0,0,0)
Skill = (15,0,2147483647,0,0,0,0,0,0,0,0,0,1000,2147483647,2147483647)
Skill = (16,0,2147483647,0,0,0,0,0,6000,6000,0,0,1000,2147483647,2147483647)
Skill = (17,0,2147483647,0,0,0,0,0,0,0,0,0,50,2147483647,2147483647)
Skill = (18,0,2147483647,0,0,0,0,0,8,8,0,0,1000,2147483647,2147483647)
Skill = (19,0,2147483647,0,0,0,0,0,10,10,0,0,1000,2147483647,2147483647)
Skill = (20,0,2147483647,0,0,0,0,0,0,0,0,0,1000,2147483647,2147483647)
Skill = (21,0,2147483647,0,0,0,0,0,200,200,0,0,1000,2147483647,2147483647)
Skill = (22,200,200,0,0,0,0,0,15,15,0,0,0,0,0)
Skill = (23,0,2147483647,0,0,0,0,0,0,0,0,0,1000,2147483647,2147483647)
Skill = (24,0,2147483647,0,0,0,0,0,0,0,0,0,1000,2147483647,2147483647)

Spells      = {1,3,4,5,6,7,8,9,10,15,16,17,18,20,25,26,27,28,29,33,39,42,44,45,50,54,56,77,78,81,82,83,84,85,87,88,89,91,94}
QuestValues = {(18,1),(20,1),(22,1),(23,1),(32,1),(34,1),(46,1),(111,1),(112,1),(125,1),(126,1),(135,1),(136,1),(137,1),(151,1),(152,1),(153,1),(190,1),(191,1),(226,1)}
Murders     = {1131062902}
