ID              = 8443494
Name            = "Saint Khuul"
Race            = 1
Profession      = 2
OriginalOutfit  = 133-0-120-0-94
CurrentOutfit   = 133-0-120-0-94
LastLogin       = 1131403382
LastLogout      = 1131403404
StartPosition   = [32369,32241,7]
CurrentPosition = [32348,32216,7]
PlayerkillerEnd = 0

Skill = (0,11,0,1,0,0,0,0,0,0,1,17551,0,17600,100)
Skill = (1,8,0,0,0,0,0,0,0,0,0,864,1400,983,20)
Skill = (2,215,215,0,0,0,0,0,0,0,10,0,0,0,0)
Skill = (3,65,80,0,0,0,0,0,0,0,15,0,0,0,0)
Skill = (4,80,80,0,0,0,0,0,0,0,1,0,0,0,0)
Skill = (5,530,530,0,0,0,0,0,0,0,20,0,0,0,0)
Skill = (6,39,0,10,0,0,0,0,0,0,0,15059,1100,16449,100)
Skill = (7,50,0,10,0,0,0,0,0,0,0,13380,1100,14635,30)
Skill = (8,11,0,10,0,0,0,0,0,0,0,54,1200,109,50)
Skill = (9,12,0,10,0,0,0,0,0,0,0,122,1200,181,50)
Skill = (10,10,0,10,0,0,0,0,0,0,0,0,1200,50,50)
Skill = (11,17,0,10,0,0,0,0,0,0,0,667,1200,824,50)
Skill = (12,0,2147483647,0,0,0,0,0,0,0,0,0,1000,2147483647,2147483647)
Skill = (13,28,0,10,0,0,0,0,0,0,0,957,1100,1023,20)
Skill = (14,0,1200,0,0,0,0,0,0,0,0,0,0,0,0)
Skill = (15,0,2147483647,0,0,0,0,0,0,0,0,0,1000,2147483647,2147483647)
Skill = (16,0,2147483647,0,0,0,0,0,0,0,0,0,1000,2147483647,2147483647)
Skill = (17,0,2147483647,0,0,0,0,0,0,0,0,0,50,2147483647,2147483647)
Skill = (18,0,2147483647,0,0,0,0,0,0,0,0,0,1000,2147483647,2147483647)
Skill = (19,0,2147483647,0,0,0,0,0,0,0,0,0,1000,2147483647,2147483647)
Skill = (20,0,2147483647,0,0,0,0,0,0,0,0,0,1000,2147483647,2147483647)
Skill = (21,0,2147483647,0,0,0,0,0,0,0,0,0,1000,2147483647,2147483647)
Skill = (22,100,100,0,0,0,0,0,120,120,0,0,0,0,0)
Skill = (23,0,2147483647,0,0,0,0,0,0,0,0,0,1000,2147483647,2147483647)
Skill = (24,0,2147483647,0,0,0,0,0,0,0,0,0,1000,2147483647,2147483647)

Spells      = {1,2,3,8,42,51}
QuestValues = {(20,1),(21,1),(22,1),(23,1),(35,1),(55,1),(140,1),(141,1)}
Murders     = {}
