ID              = 8591894
Name            = "Exsanguination"
Race            = 1
Profession      = 4
OriginalOutfit  = 138-97-132-114-114
CurrentOutfit   = 138-97-132-114-114
LastLogin       = 1132124336
LastLogout      = 1132128860
StartPosition   = [32369,32241,7]
CurrentPosition = [32375,32174,7]
PlayerkillerEnd = 0

Skill = (0,15,0,1,0,0,0,0,0,0,1,38127,0,47000,100)
Skill = (1,18,0,0,0,0,0,0,0,0,0,913,1100,1023,20)
Skill = (2,220,220,0,0,0,0,0,0,0,5,0,0,0,0)
Skill = (3,93,245,0,0,0,0,0,0,0,30,0,0,0,0)
Skill = (4,84,84,0,0,0,0,0,0,0,1,0,0,0,0)
Skill = (5,540,540,0,0,0,0,0,0,0,10,0,0,0,0)
Skill = (6,21,0,10,0,0,0,0,0,0,0,18203,1500,25749,100)
Skill = (7,10,0,10,0,0,0,0,0,0,0,3,1800,30,30)
Skill = (8,10,0,10,0,0,0,0,0,0,0,0,1800,50,50)
Skill = (9,19,0,10,0,0,0,0,0,0,0,13129,1800,22252,50)
Skill = (10,10,0,10,0,0,0,0,0,0,0,0,1800,50,50)
Skill = (11,13,0,10,0,0,0,0,0,0,0,275,1500,406,50)
Skill = (12,0,2147483647,0,0,0,0,0,0,0,0,0,1000,2147483647,2147483647)
Skill = (13,36,0,10,0,0,0,0,0,0,0,2193,1100,2421,20)
Skill = (14,0,1200,0,0,0,860,0,0,0,0,0,0,0,0)
Skill = (15,0,2147483647,0,0,0,0,0,0,0,0,0,1000,2147483647,2147483647)
Skill = (16,0,2147483647,0,0,0,0,0,0,0,0,0,1000,2147483647,2147483647)
Skill = (17,0,2147483647,0,0,0,0,0,3,3,0,0,50,2147483647,2147483647)
Skill = (18,0,2147483647,0,0,0,0,0,0,0,0,0,1000,2147483647,2147483647)
Skill = (19,0,2147483647,0,0,0,0,0,0,0,0,0,1000,2147483647,2147483647)
Skill = (20,0,2147483647,0,0,0,0,0,120,120,0,0,1000,2147483647,2147483647)
Skill = (21,0,2147483647,0,0,0,0,0,0,0,0,0,1000,2147483647,2147483647)
Skill = (22,96,100,0,0,0,0,0,120,120,0,0,0,0,0)
Skill = (23,0,2147483647,0,0,0,0,0,0,0,0,0,1000,2147483647,2147483647)
Skill = (24,0,2147483647,0,0,0,0,0,0,0,0,0,1000,2147483647,2147483647)

Spells      = {3,4,7,8,10,16,18,26,28,44,45}
QuestValues = {(106,1),(107,1)}
Murders     = {}
