ID              = 8679194
Name            = "Akaric Vith"
Race            = 1
Profession      = 2
OriginalOutfit  = 130-0-83-114-114
CurrentOutfit   = 130-0-83-114-114
LastLogin       = 1129499448
LastLogout      = 1129503806
StartPosition   = [32957,32076,7]
CurrentPosition = [32158,31521,9]
PlayerkillerEnd = 0

Skill = (0,13,0,1,0,0,0,0,0,0,1,24120,0,29900,100)
Skill = (1,5,0,0,0,0,0,0,0,0,0,295,1400,326,20)
Skill = (2,194,235,0,0,0,0,0,0,0,10,0,0,0,0)
Skill = (3,61,110,0,0,0,0,0,0,0,15,0,0,0,0)
Skill = (4,82,82,0,0,0,0,0,0,0,1,0,0,0,0)
Skill = (5,570,570,0,0,0,0,0,0,0,20,0,0,0,0)
Skill = (6,18,0,10,0,0,0,0,0,0,0,1173,1100,1357,100)
Skill = (7,15,0,10,0,0,0,0,0,0,0,209,1100,231,30)
Skill = (8,20,0,10,0,0,0,0,0,0,0,1359,1200,1607,50)
Skill = (9,20,0,10,0,0,0,0,0,0,0,1401,1200,1607,50)
Skill = (10,24,0,10,0,0,0,0,0,0,0,3356,1200,3601,50)
Skill = (11,14,0,10,0,0,0,0,0,0,0,316,1200,372,50)
Skill = (12,0,2147483647,0,0,0,0,0,0,0,0,0,1000,2147483647,2147483647)
Skill = (13,16,0,10,0,0,0,0,0,0,0,171,1100,189,20)
Skill = (14,0,1200,0,0,0,633,0,0,0,0,0,0,0,0)
Skill = (15,0,2147483647,0,0,0,1,0,54,83,0,0,1000,2147483647,2147483647)
Skill = (16,0,2147483647,0,0,0,0,0,0,0,0,0,1000,2147483647,2147483647)
Skill = (17,0,2147483647,0,0,0,0,0,3,3,0,0,50,2147483647,2147483647)
Skill = (18,0,2147483647,0,0,0,0,0,0,0,0,0,1000,2147483647,2147483647)
Skill = (19,0,2147483647,0,0,0,0,0,0,0,0,0,1000,2147483647,2147483647)
Skill = (20,0,2147483647,0,0,0,0,0,0,0,0,0,1000,2147483647,2147483647)
Skill = (21,0,2147483647,0,0,0,0,0,0,0,0,0,1000,2147483647,2147483647)
Skill = (22,100,100,0,0,0,0,0,120,120,0,0,0,0,0)
Skill = (23,0,2147483647,0,0,0,0,0,0,0,0,0,1000,2147483647,2147483647)
Skill = (24,0,2147483647,0,0,0,0,0,0,0,0,0,1000,2147483647,2147483647)

Spells      = {1,7,8,10,11,20,42}
QuestValues = {(18,1),(20,1),(22,1),(23,1),(33,1),(35,1),(59,1),(93,1),(94,1),(95,1),(223,1),(253,1)}
Murders     = {}
