ID              = 8785694
Name            = "Murilo de Zanera"
Race            = 1
Profession      = 2
OriginalOutfit  = 128-79-114-114-79
CurrentOutfit   = 128-79-114-114-79
LastLogin       = 1132089926
LastLogout      = 1132090888
StartPosition   = [32360,31782,7]
CurrentPosition = [32526,31793,7]
PlayerkillerEnd = 0

Skill = (0,12,0,1,0,0,0,0,0,0,1,19388,0,23200,100)
Skill = (1,6,0,0,0,0,0,0,0,0,0,388,1400,477,20)
Skill = (2,225,225,0,0,0,0,0,0,0,10,0,0,0,0)
Skill = (3,11,95,0,0,0,0,0,0,0,15,0,0,0,0)
Skill = (4,81,81,0,0,0,0,0,0,0,1,0,0,0,0)
Skill = (5,550,550,0,0,0,0,0,0,0,20,0,0,0,0)
Skill = (6,20,0,10,0,0,0,0,0,0,0,1766,1100,1853,100)
Skill = (7,41,0,10,0,0,0,0,0,0,0,5630,1100,6034,30)
Skill = (8,11,0,10,0,0,0,0,0,0,0,60,1200,109,50)
Skill = (9,10,0,10,0,0,0,0,0,0,0,18,1200,50,50)
Skill = (10,11,0,10,0,0,0,0,0,0,0,89,1200,109,50)
Skill = (11,15,0,10,0,0,0,0,0,0,0,434,1200,496,50)
Skill = (12,0,2147483647,0,0,0,0,0,0,0,0,0,1000,2147483647,2147483647)
Skill = (13,33,0,10,0,0,0,0,0,0,0,1743,1100,1769,20)
Skill = (14,0,1200,0,0,0,1148,0,0,0,0,0,0,0,0)
Skill = (15,0,2147483647,0,0,0,0,0,83,83,0,0,1000,2147483647,2147483647)
Skill = (16,0,2147483647,0,0,0,0,0,0,0,0,0,1000,2147483647,2147483647)
Skill = (17,0,2147483647,0,0,0,0,0,3,3,0,0,50,2147483647,2147483647)
Skill = (18,0,2147483647,0,0,0,0,0,0,0,0,0,1000,2147483647,2147483647)
Skill = (19,0,2147483647,0,0,0,0,0,0,0,0,0,1000,2147483647,2147483647)
Skill = (20,0,2147483647,0,0,0,0,0,120,120,0,0,1000,2147483647,2147483647)
Skill = (21,0,2147483647,0,0,0,0,0,0,0,0,0,1000,2147483647,2147483647)
Skill = (22,100,100,0,0,0,2,0,56,120,0,0,0,0,0)
Skill = (23,0,2147483647,0,0,0,0,0,0,0,0,0,1000,2147483647,2147483647)
Skill = (24,0,2147483647,0,0,0,0,0,0,0,0,0,1000,2147483647,2147483647)

Spells      = {1,8,10,30,51}
QuestValues = {(20,1),(21,1),(22,1),(23,1),(32,1),(33,1),(35,1),(46,1),(59,1),(60,1),(61,1),(113,1),(114,1),(125,1),(126,1),(223,1)}
Murders     = {}
