ID              = 10813930
Name            = "Zytehujus Elearcseth"
Race            = 1
Profession      = 1
OriginalOutfit  = 137-114-114-114-114
CurrentOutfit   = 137-114-114-114-114
LastLogin       = 1132095181
LastLogout      = 1132095269
StartPosition   = [32360,31782,7]
CurrentPosition = [32334,31785,6]
PlayerkillerEnd = 0

Skill = (0,15,0,1,0,0,0,0,0,0,1,39165,0,47000,100)
Skill = (1,2,0,0,0,0,0,0,0,0,0,166,3000,260,20)
Skill = (2,290,290,0,0,0,0,0,0,0,15,0,0,0,0)
Skill = (3,70,70,0,0,0,0,0,0,0,5,0,0,0,0)
Skill = (4,84,84,0,0,0,0,0,0,0,1,0,0,0,0)
Skill = (5,645,645,0,0,0,0,0,0,0,25,0,0,0,0)
Skill = (6,31,0,10,0,0,0,0,0,0,0,7135,1100,7140,100)
Skill = (7,10,0,10,0,0,0,0,0,0,0,10,1400,30,30)
Skill = (8,37,0,10,0,0,0,0,0,0,0,6112,1100,6710,50)
Skill = (9,19,0,10,0,0,0,0,0,0,0,755,1100,796,50)
Skill = (10,10,0,10,0,0,0,0,0,0,0,0,1100,50,50)
Skill = (11,12,0,10,0,0,0,0,0,0,0,124,1100,165,50)
Skill = (12,0,2147483647,0,0,0,0,0,0,0,0,0,1000,2147483647,2147483647)
Skill = (13,10,0,10,0,0,0,0,0,0,0,0,1100,20,20)
Skill = (14,0,1200,0,0,0,0,0,0,0,0,0,0,0,0)
Skill = (15,0,2147483647,0,0,0,0,0,0,0,0,0,1000,2147483647,2147483647)
Skill = (16,0,2147483647,0,0,0,0,0,0,0,0,0,1000,2147483647,2147483647)
Skill = (17,0,2147483647,0,0,0,0,0,0,0,0,0,50,2147483647,2147483647)
Skill = (18,0,2147483647,0,0,0,0,0,0,0,0,0,1000,2147483647,2147483647)
Skill = (19,0,2147483647,0,0,0,0,0,0,0,0,0,1000,2147483647,2147483647)
Skill = (20,0,2147483647,0,0,0,0,0,0,0,0,0,1000,2147483647,2147483647)
Skill = (21,0,2147483647,0,0,0,0,0,0,0,0,0,1000,2147483647,2147483647)
Skill = (22,100,100,0,0,0,0,0,0,0,0,0,0,0,0)
Skill = (23,0,2147483647,0,0,0,0,0,0,0,0,0,1000,2147483647,2147483647)
Skill = (24,0,2147483647,0,0,0,0,0,0,0,0,0,1000,2147483647,2147483647)

Spells      = {1,10}
QuestValues = {(18,1),(33,1)}
Murders     = {1131901350,1131992553}
