ID              = 7966730
Name            = "Lordi Shadowek"
Race            = 1
Profession      = 3
OriginalOutfit  = 134-3-75-3-75
CurrentOutfit   = 134-3-75-3-75
LastLogin       = 1131634514
LastLogout      = 1131634638
StartPosition   = [32360,31782,7]
CurrentPosition = [32334,31781,6]
PlayerkillerEnd = 0

Skill = (0,8,0,1,0,0,0,0,0,0,1,4233,0,6400,100)
Skill = (1,4,0,0,0,0,0,0,0,0,0,110,1100,122,20)
Skill = (2,146,185,0,0,0,0,0,0,0,5,0,0,0,0)
Skill = (3,20,35,0,0,0,0,0,0,0,30,0,0,0,0)
Skill = (4,77,77,0,0,0,0,0,0,0,1,0,0,0,0)
Skill = (5,470,470,0,0,0,0,0,0,0,10,0,0,0,0)
Skill = (6,15,0,10,0,0,0,0,0,0,0,1327,1500,2078,100)
Skill = (7,10,0,10,0,0,0,0,0,0,0,0,2000,30,30)
Skill = (8,10,0,10,0,0,0,0,0,0,0,15,2000,50,50)
Skill = (9,10,0,10,0,0,0,0,0,0,0,27,2000,50,50)
Skill = (10,14,0,10,0,0,0,0,0,0,0,884,2000,1550,50)
Skill = (11,10,0,10,0,0,0,0,0,0,0,9,1500,50,50)
Skill = (12,0,2147483647,0,0,0,0,0,0,0,0,0,1000,2147483647,2147483647)
Skill = (13,17,0,10,0,0,0,0,0,0,0,201,1100,228,20)
Skill = (14,0,1200,0,0,0,152,0,0,0,0,0,0,0,0)
Skill = (15,0,2147483647,0,0,0,4,0,34,83,0,0,1000,2147483647,2147483647)
Skill = (16,0,2147483647,0,0,0,0,0,0,0,0,0,1000,2147483647,2147483647)
Skill = (17,0,2147483647,0,0,0,0,0,0,0,0,0,50,2147483647,2147483647)
Skill = (18,0,2147483647,0,0,0,0,0,0,0,0,0,1000,2147483647,2147483647)
Skill = (19,0,2147483647,0,0,0,0,0,0,0,0,0,1000,2147483647,2147483647)
Skill = (20,0,2147483647,0,0,0,0,0,0,0,0,0,1000,2147483647,2147483647)
Skill = (21,0,2147483647,0,0,0,0,0,0,0,0,0,1000,2147483647,2147483647)
Skill = (22,100,100,0,0,0,1,0,11,120,0,0,0,0,0)
Skill = (23,0,2147483647,0,0,0,0,0,0,0,0,0,1000,2147483647,2147483647)
Skill = (24,0,2147483647,0,0,0,0,0,0,0,0,0,1000,2147483647,2147483647)

Spells      = {1,8,10,16,39,45}
QuestValues = {(32,1),(33,1),(34,1),(59,1),(60,1),(61,1),(93,1),(94,1),(112,1),(125,1),(126,1),(208,1)}
Murders     = {}
