ID              = 8274730
Name            = "Gust'Dark Ninja"
Race            = 1
Profession      = 2
OriginalOutfit  = 128-100-100-100-101
CurrentOutfit   = 128-100-100-100-101
LastLogin       = 1131300060
LastLogout      = 1131300074
StartPosition   = [32369,32241,7]
CurrentPosition = [32345,32216,7]
PlayerkillerEnd = 0

Skill = (0,10,0,1,0,0,0,0,0,0,1,11350,0,13000,100)
Skill = (1,4,0,0,0,0,0,0,0,0,0,149,1400,218,20)
Skill = (2,205,205,0,0,0,0,0,0,0,10,0,0,0,0)
Skill = (3,25,65,0,0,0,0,0,0,0,15,0,0,0,0)
Skill = (4,79,79,0,0,0,0,0,0,0,1,0,0,0,0)
Skill = (5,510,510,0,0,0,0,0,0,0,20,0,0,0,0)
Skill = (6,28,0,10,0,0,0,0,0,0,0,4624,1100,5115,100)
Skill = (7,37,0,10,0,0,0,0,0,0,0,3856,1100,4026,30)
Skill = (8,13,0,10,0,0,0,0,0,0,0,263,1200,268,50)
Skill = (9,10,0,10,0,0,0,0,0,0,0,21,1200,50,50)
Skill = (10,10,0,10,0,0,0,0,0,0,0,17,1200,50,50)
Skill = (11,11,0,10,0,0,0,0,0,0,0,90,1200,109,50)
Skill = (12,0,2147483647,0,0,0,0,0,0,0,0,0,1000,2147483647,2147483647)
Skill = (13,14,0,10,0,0,0,0,0,0,0,96,1100,122,20)
Skill = (14,0,1200,0,0,0,0,0,0,0,0,0,0,0,0)
Skill = (15,0,2147483647,0,0,0,0,0,0,0,0,0,1000,2147483647,2147483647)
Skill = (16,0,2147483647,0,0,0,0,0,0,0,0,0,1000,2147483647,2147483647)
Skill = (17,0,2147483647,0,0,0,0,0,0,0,0,0,50,2147483647,2147483647)
Skill = (18,0,2147483647,0,0,0,0,0,0,0,0,0,1000,2147483647,2147483647)
Skill = (19,0,2147483647,0,0,0,0,0,0,0,0,0,1000,2147483647,2147483647)
Skill = (20,0,2147483647,0,0,0,0,0,0,0,0,0,1000,2147483647,2147483647)
Skill = (21,0,2147483647,0,0,0,0,0,0,0,0,0,1000,2147483647,2147483647)
Skill = (22,100,100,0,0,0,0,0,0,0,0,0,0,0,0)
Skill = (23,0,2147483647,0,0,0,0,0,0,0,0,0,1000,2147483647,2147483647)
Skill = (24,0,2147483647,0,0,0,0,0,0,0,0,0,1000,2147483647,2147483647)

Spells      = {1,10,29,51}
QuestValues = {(17,1),(18,1),(20,1),(21,1),(22,1),(23,1),(27,1),(37,1),(59,1),(100,1),(106,1),(107,1),(224,1)}
Murders     = {}
