ID              = 8288730
Name            = "Samurai-manji"
Race            = 1
Profession      = 1
OriginalOutfit  = 128-115-115-0-114
CurrentOutfit   = 128-115-115-0-114
LastLogin       = 1131645421
LastLogout      = 1131649735
StartPosition   = [32369,32241,7]
CurrentPosition = [32646,31915,8]
PlayerkillerEnd = 0

Skill = (0,30,0,1,0,0,0,0,0,0,1,379966,0,409000,100)
Skill = (1,4,0,0,0,0,0,0,0,0,0,2382,3000,2420,20)
Skill = (2,515,515,0,0,0,0,0,0,0,15,0,0,0,0)
Skill = (3,120,145,0,0,0,0,0,0,0,5,0,0,0,0)
Skill = (4,99,99,0,0,0,0,0,0,0,1,0,0,0,0)
Skill = (5,1020,1020,0,0,0,0,0,0,0,25,0,0,0,0)
Skill = (6,65,0,10,0,0,0,0,0,0,0,192430,1100,206965,100)
Skill = (7,11,0,10,0,0,0,0,0,0,0,57,1400,71,30)
Skill = (8,10,0,10,0,0,0,0,0,0,0,0,1100,50,50)
Skill = (9,10,0,10,0,0,0,0,0,0,0,29,1100,50,50)
Skill = (10,66,0,10,0,0,0,0,0,0,0,109079,1100,113880,50)
Skill = (11,12,0,10,0,0,0,0,0,0,0,145,1100,165,50)
Skill = (12,0,2147483647,0,0,0,0,0,0,0,0,0,1000,2147483647,2147483647)
Skill = (13,43,0,10,0,0,0,0,0,0,0,4834,1100,4909,20)
Skill = (14,0,1200,0,0,0,104,0,0,0,0,0,0,0,0)
Skill = (15,0,2147483647,0,0,0,0,0,83,83,0,0,1000,2147483647,2147483647)
Skill = (16,0,2147483647,0,0,0,0,0,0,0,0,0,1000,2147483647,2147483647)
Skill = (17,0,2147483647,0,0,0,0,0,0,0,0,0,50,2147483647,2147483647)
Skill = (18,0,2147483647,0,0,0,0,0,1,1,0,0,1000,2147483647,2147483647)
Skill = (19,0,2147483647,0,0,0,0,0,0,0,0,0,1000,2147483647,2147483647)
Skill = (20,0,2147483647,0,0,0,0,0,120,120,0,0,1000,2147483647,2147483647)
Skill = (21,0,2147483647,0,0,0,0,0,0,0,0,0,1000,2147483647,2147483647)
Skill = (22,100,100,0,0,0,0,0,120,120,0,0,0,0,0)
Skill = (23,0,2147483647,0,0,0,0,0,0,0,0,0,1000,2147483647,2147483647)
Skill = (24,0,2147483647,0,0,0,0,0,0,0,0,0,1000,2147483647,2147483647)

Spells      = {1,10,20,29}
QuestValues = {(20,1),(21,1),(22,1),(23,1),(28,1),(32,1),(33,1),(34,1),(37,1),(96,1),(97,1),(100,1),(106,1),(107,1),(190,1),(191,1)}
Murders     = {}
