ID              = 8478030
Name            = "Sic-alesson"
Race            = 1
Profession      = 1
OriginalOutfit  = 133-40-95-19-0
CurrentOutfit   = 133-40-95-19-0
LastLogin       = 1132013753
LastLogout      = 1132013767
StartPosition   = [32360,31782,7]
CurrentPosition = [32342,31786,7]
PlayerkillerEnd = 0

Skill = (0,17,0,1,0,0,0,0,0,0,1,61125,0,69700,100)
Skill = (1,3,0,0,0,0,0,0,0,0,0,306,3000,800,20)
Skill = (2,320,320,0,0,0,0,0,0,0,15,0,0,0,0)
Skill = (3,5,80,0,0,0,0,0,0,0,5,0,0,0,0)
Skill = (4,86,86,0,0,0,0,0,0,0,1,0,0,0,0)
Skill = (5,695,695,0,0,0,0,0,0,0,25,0,0,0,0)
Skill = (6,39,0,10,0,0,0,0,0,0,0,15113,1100,16449,100)
Skill = (7,10,0,10,0,0,0,0,0,0,0,1,1400,30,30)
Skill = (8,10,0,10,0,0,0,0,0,0,0,9,1100,50,50)
Skill = (9,43,0,10,0,0,0,0,0,0,0,11249,1100,12273,50)
Skill = (10,10,0,10,0,0,0,0,0,0,0,27,1100,50,50)
Skill = (11,10,0,10,0,0,0,0,0,0,0,24,1100,50,50)
Skill = (12,0,2147483647,0,0,0,0,0,0,0,0,0,1000,2147483647,2147483647)
Skill = (13,22,0,10,0,0,0,0,0,0,0,451,1100,490,20)
Skill = (14,0,1200,0,0,0,0,0,0,0,0,0,0,0,0)
Skill = (15,0,2147483647,0,0,0,0,0,0,0,0,0,1000,2147483647,2147483647)
Skill = (16,0,2147483647,0,0,0,0,0,0,0,0,0,1000,2147483647,2147483647)
Skill = (17,0,2147483647,0,0,0,0,0,0,0,0,0,50,2147483647,2147483647)
Skill = (18,0,2147483647,0,0,0,0,0,0,0,0,0,1000,2147483647,2147483647)
Skill = (19,0,2147483647,0,0,0,0,0,0,0,0,0,1000,2147483647,2147483647)
Skill = (20,0,2147483647,0,0,0,0,0,0,0,0,0,1000,2147483647,2147483647)
Skill = (21,0,2147483647,0,0,0,0,0,0,0,0,0,1000,2147483647,2147483647)
Skill = (22,100,100,0,0,0,0,0,0,0,0,0,0,0,0)
Skill = (23,0,2147483647,0,0,0,0,0,0,0,0,0,1000,2147483647,2147483647)
Skill = (24,0,2147483647,0,0,0,0,0,0,0,0,0,1000,2147483647,2147483647)

Spells      = {1,10,29}
QuestValues = {(17,1),(20,1),(21,1),(22,1),(23,1),(24,1),(35,1),(54,1),(59,1),(60,1),(61,1),(106,1),(107,1),(125,1),(126,1),(190,1),(191,1)}
Murders     = {}
