ID              = 8578930
Name            = "Skywinner"
Race            = 1
Profession      = 3
OriginalOutfit  = 133-0-77-114-95
CurrentOutfit   = 133-0-77-114-95
LastLogin       = 1129793524
LastLogout      = 1129793535
StartPosition   = [32369,32241,7]
CurrentPosition = [32369,32231,7]
PlayerkillerEnd = 0

Skill = (0,16,0,1,0,0,0,0,0,0,1,48391,0,57600,100)
Skill = (1,23,0,0,0,0,0,0,0,0,0,1758,1100,1769,20)
Skill = (2,141,225,0,0,0,0,0,0,0,5,0,0,0,0)
Skill = (3,69,275,0,0,0,0,0,0,0,30,0,0,0,0)
Skill = (4,85,85,0,0,0,0,0,0,0,1,0,0,0,0)
Skill = (5,550,550,0,0,0,0,0,0,0,10,0,0,0,0)
Skill = (6,20,0,10,0,0,0,0,0,0,0,11917,1500,17099,100)
Skill = (7,12,0,10,0,0,0,0,0,0,0,108,2000,210,30)
Skill = (8,11,0,10,0,0,0,0,0,0,0,65,2000,150,50)
Skill = (9,17,0,10,0,0,0,0,0,0,0,9495,2000,12750,50)
Skill = (10,10,0,10,0,0,0,0,0,0,0,0,2000,50,50)
Skill = (11,14,0,10,0,0,0,0,0,0,0,483,1500,659,50)
Skill = (12,0,2147483647,0,0,0,0,0,0,0,0,0,1000,2147483647,2147483647)
Skill = (13,49,0,10,0,0,0,0,0,0,0,8381,1100,8851,20)
Skill = (14,0,1200,0,0,0,0,0,0,0,0,0,0,0,0)
Skill = (15,0,2147483647,0,0,0,0,0,0,0,0,0,1000,2147483647,2147483647)
Skill = (16,0,2147483647,0,0,0,0,0,0,0,0,0,1000,2147483647,2147483647)
Skill = (17,0,2147483647,0,0,0,0,0,0,0,0,0,50,2147483647,2147483647)
Skill = (18,0,2147483647,0,0,0,0,0,0,0,0,0,1000,2147483647,2147483647)
Skill = (19,0,2147483647,0,0,0,0,0,0,0,0,0,1000,2147483647,2147483647)
Skill = (20,0,2147483647,0,0,0,0,0,0,0,0,0,1000,2147483647,2147483647)
Skill = (21,0,2147483647,0,0,0,0,0,0,0,0,0,1000,2147483647,2147483647)
Skill = (22,100,100,0,0,0,0,0,0,0,0,0,0,0,0)
Skill = (23,0,2147483647,0,0,0,0,0,0,0,0,0,1000,2147483647,2147483647)
Skill = (24,0,2147483647,0,0,0,0,0,0,0,0,0,1000,2147483647,2147483647)

Spells      = {3,7,8,10,16}
QuestValues = {(17,1),(20,1),(106,1),(107,1),(153,1)}
Murders     = {}
