ID              = 10677535
Name            = "Dark Fiya"
Race            = 1
Profession      = 0
OriginalOutfit  = 130-114-114-114-57
CurrentOutfit   = 130-114-114-114-57
LastLogin       = 1126915105
LastLogout      = 1126915292
StartPosition   = [32097,32219,7]
CurrentPosition = [32155,32204,7]
PlayerkillerEnd = 0

Skill = (0,3,0,1,0,0,0,0,0,0,1,376,0,400,100)
Skill = (1,0,0,0,0,0,0,0,0,0,0,0,3000,20,20)
Skill = (2,160,160,0,0,0,0,0,0,0,5,0,0,0,0)
Skill = (3,10,10,0,0,0,0,0,0,0,5,0,0,0,0)
Skill = (4,72,72,0,0,0,0,0,0,0,1,0,0,0,0)
Skill = (5,420,420,0,0,0,0,0,0,0,10,0,0,0,0)
Skill = (6,14,0,10,0,0,0,0,0,0,0,865,1500,1318,100)
Skill = (7,11,0,10,0,0,0,0,0,0,0,42,2000,90,30)
Skill = (8,12,0,10,0,0,0,0,0,0,0,273,2000,350,50)
Skill = (9,13,0,10,0,0,0,0,0,0,0,350,2000,750,50)
Skill = (10,10,0,10,0,0,0,0,0,0,0,0,2000,50,50)
Skill = (11,11,0,10,0,0,0,0,0,0,0,78,1500,125,50)
Skill = (12,0,2147483647,0,0,0,0,0,0,0,0,0,1000,2147483647,2147483647)
Skill = (13,10,0,10,0,0,0,0,0,0,0,0,1100,20,20)
Skill = (14,0,1200,0,0,0,0,0,0,0,0,0,0,0,0)
Skill = (15,0,2147483647,0,0,0,0,0,0,0,0,0,1000,2147483647,2147483647)
Skill = (16,0,2147483647,0,0,0,0,0,0,0,0,0,1000,2147483647,2147483647)
Skill = (17,0,2147483647,0,0,0,0,0,0,0,0,0,1000,2147483647,2147483647)
Skill = (18,0,2147483647,0,0,0,0,0,0,0,0,0,1000,2147483647,2147483647)
Skill = (19,0,2147483647,0,0,0,0,0,0,0,0,0,1000,2147483647,2147483647)
Skill = (20,0,2147483647,0,0,0,0,0,0,0,0,0,1000,2147483647,2147483647)
Skill = (21,0,2147483647,0,0,0,0,0,0,0,0,0,1000,2147483647,2147483647)
Skill = (22,100,100,0,0,0,0,0,120,120,0,0,0,0,0)
Skill = (23,0,2147483647,0,0,0,0,0,0,0,0,0,1000,2147483647,2147483647)
Skill = (24,0,2147483647,0,0,0,0,0,0,0,0,0,1000,2147483647,2147483647)

Spells      = {}
QuestValues = {}
Murders     = {}
