ID              = 11594035
Name            = "Daron Sevian"
Race            = 1
Profession      = 4
OriginalOutfit  = 130-114-19-58-76
CurrentOutfit   = 130-114-19-58-76
LastLogin       = 1132095483
LastLogout      = 1132097973
StartPosition   = [32957,32076,7]
CurrentPosition = [32919,32081,7]
PlayerkillerEnd = 0

Skill = (0,8,0,1,0,0,0,0,0,0,1,4993,0,6400,100)
Skill = (1,2,0,0,0,0,0,0,0,0,0,42,1100,66,20)
Skill = (2,146,185,0,0,0,0,0,0,0,5,0,0,0,0)
Skill = (3,3,35,0,0,0,0,0,0,0,30,0,0,0,0)
Skill = (4,77,77,0,0,0,0,0,0,0,1,0,0,0,0)
Skill = (5,470,470,0,0,0,0,0,0,0,10,0,0,0,0)
Skill = (6,17,0,10,0,0,0,0,0,0,0,3238,1500,4925,100)
Skill = (7,10,0,10,0,0,0,0,0,0,0,0,1800,30,30)
Skill = (8,15,0,10,0,0,0,0,0,0,0,1151,1800,2063,50)
Skill = (9,15,0,10,0,0,0,0,0,0,0,1622,1800,2063,50)
Skill = (10,11,0,10,0,0,0,0,0,0,0,70,1800,140,50)
Skill = (11,10,0,10,0,0,0,0,0,0,0,0,1500,50,50)
Skill = (12,0,2147483647,0,0,0,0,0,0,0,0,0,1000,2147483647,2147483647)
Skill = (13,10,0,10,0,0,0,0,0,0,0,0,1100,20,20)
Skill = (14,0,1200,0,0,0,702,0,0,0,0,0,0,0,0)
Skill = (15,0,2147483647,0,0,0,4,0,75,83,0,0,1000,2147483647,2147483647)
Skill = (16,0,2147483647,0,0,0,0,0,0,0,0,0,1000,2147483647,2147483647)
Skill = (17,0,2147483647,0,0,0,0,0,3,3,0,0,50,2147483647,2147483647)
Skill = (18,0,2147483647,0,0,0,0,0,0,0,0,0,1000,2147483647,2147483647)
Skill = (19,0,2147483647,0,0,0,0,0,0,0,0,0,1000,2147483647,2147483647)
Skill = (20,0,2147483647,0,0,0,0,0,0,0,0,0,1000,2147483647,2147483647)
Skill = (21,0,2147483647,0,0,0,0,0,0,0,0,0,1000,2147483647,2147483647)
Skill = (22,100,100,0,0,0,0,0,120,120,0,0,0,0,0)
Skill = (23,0,2147483647,0,0,0,0,0,0,0,0,0,1000,2147483647,2147483647)
Skill = (24,0,2147483647,0,0,0,0,0,0,0,0,0,1000,2147483647,2147483647)

Spells      = {10}
QuestValues = {(35,1)}
Murders     = {}
