ID              = 7946035
Name            = "Syn For'ever"
Race            = 1
Profession      = 13
OriginalOutfit  = 134-78-0-124-78
CurrentOutfit   = 134-78-0-124-78
LastLogin       = 1132021806
LastLogout      = 1132024926
StartPosition   = [32369,32241,7]
CurrentPosition = [32681,31686,7]
PlayerkillerEnd = 0

Skill = (0,56,0,1,0,0,0,0,0,0,1,2733152,0,2777600,100)
Skill = (1,49,0,0,0,0,0,0,0,0,0,22348,1100,23278,20)
Skill = (2,425,425,0,0,0,0,0,0,0,5,0,0,0,0)
Skill = (3,427,1475,0,0,0,0,0,0,0,30,0,0,0,0)
Skill = (4,125,125,0,0,0,0,0,10,10,1,0,0,0,0)
Skill = (5,950,950,0,0,0,0,0,0,0,10,0,0,0,0)
Skill = (6,25,0,10,0,0,0,0,0,0,0,87595,1500,131168,100)
Skill = (7,11,0,10,0,0,0,0,0,0,0,49,2000,90,30)
Skill = (8,13,0,10,0,0,0,0,0,0,0,677,2000,750,50)
Skill = (9,21,0,10,0,0,0,0,0,0,0,120459,2000,204750,50)
Skill = (10,10,0,10,0,0,0,0,0,0,0,37,2000,50,50)
Skill = (11,13,0,10,0,0,0,0,0,0,0,284,1500,406,50)
Skill = (12,0,2147483647,0,0,0,0,0,0,0,0,0,1000,2147483647,2147483647)
Skill = (13,13,0,10,0,0,0,0,0,0,0,88,1100,92,20)
Skill = (14,0,1200,0,0,0,0,0,0,0,0,0,0,0,0)
Skill = (15,0,2147483647,0,0,0,0,0,83,83,0,0,1000,2147483647,2147483647)
Skill = (16,0,2147483647,0,0,0,0,0,200,200,0,0,1000,2147483647,2147483647)
Skill = (17,0,2147483647,0,0,0,0,0,3,3,0,0,50,2147483647,2147483647)
Skill = (18,0,2147483647,0,0,0,0,0,8,8,0,0,1000,2147483647,2147483647)
Skill = (19,0,2147483647,0,0,0,0,0,10,10,0,0,1000,2147483647,2147483647)
Skill = (20,0,2147483647,0,0,0,0,0,120,120,0,0,1000,2147483647,2147483647)
Skill = (21,0,2147483647,0,0,0,0,0,200,200,0,0,1000,2147483647,2147483647)
Skill = (22,100,100,0,0,0,0,0,15,15,0,0,0,0,0)
Skill = (23,0,2147483647,0,0,0,0,0,0,0,0,0,1000,2147483647,2147483647)
Skill = (24,0,2147483647,0,0,0,0,0,0,0,0,0,1000,2147483647,2147483647)

Spells      = {1,3,8,9,10,13,16,18,20,21,24,25,29,30,38,39,44,45,76,81,83}
QuestValues = {(19,1),(21,1),(22,1),(23,1),(32,1),(33,1),(34,1),(40,1),(50,1),(59,1),(72,1),(73,1),(74,1),(75,1),(77,1),(78,1),(84,1),(85,1),(86,1),(87,1),(93,1),(94,1),(95,1),(96,1),(97,1),(98,1),(109,1),(111,1),(112,1),(121,1),(124,1),(129,1),(130,1),(131,1),(132,1),(133,1),(137,1),(151,1),(152,1),(153,1),(154,1),(170,1),(171,1),(172,1),(174,1),(190,1),(191,1),(200,1),(201,1),(202,1),(208,1),(216,1),(226,1),(253,1),(254,1),(257,1)}
Murders     = {}
