ID              = 7997935
Name            = "Dark-Shav"
Race            = 1
Profession      = 2
OriginalOutfit  = 134-132-114-114-114
CurrentOutfit   = 134-132-114-114-114
LastLogin       = 1121210800
LastLogout      = 1121210968
StartPosition   = [33213,32454,1]
CurrentPosition = [33213,32454,1]
PlayerkillerEnd = 0

Skill = (0,11,0,1,0,0,0,0,0,0,1,13854,0,17600,100)
Skill = (1,4,0,0,0,0,0,0,0,0,0,176,1400,218,20)
Skill = (2,215,215,0,0,0,0,0,0,0,10,0,0,0,0)
Skill = (3,43,80,0,0,0,0,0,0,0,15,0,0,0,0)
Skill = (4,80,80,0,0,0,0,0,0,0,1,0,0,0,0)
Skill = (5,530,530,0,0,0,0,0,0,0,20,0,0,0,0)
Skill = (6,31,0,10,0,0,0,0,0,0,0,6463,1100,7140,100)
Skill = (7,38,0,10,0,0,0,0,0,0,0,4352,1100,4458,30)
Skill = (8,13,0,10,0,0,0,0,0,0,0,190,1200,268,50)
Skill = (9,14,0,10,0,0,0,0,0,0,0,371,1200,372,50)
Skill = (10,10,0,10,0,0,0,0,0,0,0,13,1200,50,50)
Skill = (11,13,0,10,0,0,0,0,0,0,0,264,1200,268,50)
Skill = (12,0,2147483647,0,0,0,0,0,0,0,0,0,1000,2147483647,2147483647)
Skill = (13,32,0,10,0,0,0,0,0,0,0,1532,1100,1590,20)
Skill = (14,0,1200,0,0,0,0,0,0,0,0,0,0,0,0)
Skill = (15,0,2147483647,0,0,0,0,0,0,0,0,0,1000,2147483647,2147483647)
Skill = (16,0,2147483647,0,0,0,0,0,0,0,0,0,1000,2147483647,2147483647)
Skill = (17,0,2147483647,0,0,0,0,0,0,0,0,0,50,2147483647,2147483647)
Skill = (18,0,2147483647,0,0,0,0,0,0,0,0,0,1000,2147483647,2147483647)
Skill = (19,0,2147483647,0,0,0,0,0,0,0,0,0,1000,2147483647,2147483647)
Skill = (20,0,2147483647,0,0,0,0,0,0,0,0,0,1000,2147483647,2147483647)
Skill = (21,0,2147483647,0,0,0,0,0,0,0,0,0,1000,2147483647,2147483647)
Skill = (22,200,200,0,0,0,0,0,0,0,0,0,0,0,0)
Skill = (23,0,2147483647,0,0,0,0,0,0,0,0,0,1000,2147483647,2147483647)
Skill = (24,0,2147483647,0,0,0,0,0,0,0,0,0,1000,2147483647,2147483647)

Spells      = {1,2,8,10,29,42}
QuestValues = {(20,1),(25,1),(26,1),(27,1),(32,1),(33,1),(34,1),(35,1),(59,1),(100,1),(106,1),(107,1),(125,1),(126,1),(140,1),(141,1)}
Murders     = {}
