ID              = 8152535
Name            = "Mystod-sera"
Race            = 1
Profession      = 1
OriginalOutfit  = 139-115-114-0-114
CurrentOutfit   = 139-115-114-0-114
LastLogin       = 1131410949
LastLogout      = 1131411321
StartPosition   = [32360,31782,7]
CurrentPosition = [32649,31706,7]
PlayerkillerEnd = 0

Skill = (0,21,0,1,0,0,0,0,0,0,1,129138,0,135100,100)
Skill = (1,3,0,0,0,0,0,0,0,0,0,499,3000,800,20)
Skill = (2,380,380,0,0,0,0,0,0,0,15,0,0,0,0)
Skill = (3,85,100,0,0,0,0,0,0,0,5,0,0,0,0)
Skill = (4,90,90,0,0,0,0,0,0,0,1,0,0,0,0)
Skill = (5,795,795,0,0,0,0,0,0,0,25,0,0,0,0)
Skill = (6,41,0,10,0,0,0,0,0,0,0,19203,1100,20113,100)
Skill = (7,10,0,10,0,0,0,0,0,0,0,18,1400,30,30)
Skill = (8,10,0,10,0,0,0,0,0,0,0,15,1100,50,50)
Skill = (9,43,0,10,0,0,0,0,0,0,0,11544,1100,12273,50)
Skill = (10,10,0,10,0,0,0,0,0,0,0,0,1100,50,50)
Skill = (11,26,0,10,0,0,0,0,0,0,0,1886,1100,2027,50)
Skill = (12,0,2147483647,0,0,0,0,0,0,0,0,0,1000,2147483647,2147483647)
Skill = (13,33,0,10,0,0,0,0,0,0,0,1750,1100,1769,20)
Skill = (14,0,1200,0,0,0,947,0,0,0,0,0,0,0,0)
Skill = (15,0,2147483647,0,0,0,2,0,56,83,0,0,1000,2147483647,2147483647)
Skill = (16,0,2147483647,0,0,0,0,0,6000,6000,0,0,1000,2147483647,2147483647)
Skill = (17,0,2147483647,0,0,0,0,0,3,3,0,0,50,2147483647,2147483647)
Skill = (18,0,2147483647,0,0,0,0,0,0,0,0,0,1000,2147483647,2147483647)
Skill = (19,0,2147483647,0,0,0,0,0,0,0,0,0,1000,2147483647,2147483647)
Skill = (20,0,2147483647,0,0,0,0,0,0,0,0,0,1000,2147483647,2147483647)
Skill = (21,0,2147483647,0,0,0,0,0,0,0,0,0,1000,2147483647,2147483647)
Skill = (22,100,100,0,0,0,0,0,120,120,0,0,0,0,0)
Skill = (23,0,2147483647,0,0,0,0,0,0,0,0,0,1000,2147483647,2147483647)
Skill = (24,0,2147483647,0,0,0,0,0,0,0,0,0,1000,2147483647,2147483647)

Spells      = {1,10,20}
QuestValues = {(17,1),(20,1),(21,1),(22,1),(23,1),(32,1),(33,1),(34,1),(35,1),(58,1),(59,1),(224,1)}
Murders     = {}
