ID              = 8235935
Name            = "Don Zyrion"
Race            = 1
Profession      = 1
OriginalOutfit  = 134-82-0-82-0
CurrentOutfit   = 134-82-0-82-0
LastLogin       = 1130441593
LastLogout      = 1130441595
StartPosition   = [32369,32241,7]
CurrentPosition = [32353,32212,6]
PlayerkillerEnd = 0

Skill = (0,6,0,1,0,0,0,0,0,0,1,2020,0,2600,100)
Skill = (1,0,0,0,0,0,0,0,0,0,0,0,3000,20,20)
Skill = (2,110,155,0,0,0,0,0,0,0,15,0,0,0,0)
Skill = (3,25,25,0,0,0,0,0,0,0,5,0,0,0,0)
Skill = (4,75,75,0,0,0,0,0,0,0,1,0,0,0,0)
Skill = (5,420,420,0,0,0,0,0,0,0,25,0,0,0,0)
Skill = (6,13,0,10,0,0,0,0,0,0,0,456,1100,464,100)
Skill = (7,10,0,10,0,0,0,0,0,0,0,16,1400,30,30)
Skill = (8,10,0,10,0,0,0,0,0,0,0,0,1100,50,50)
Skill = (9,12,0,10,0,0,0,0,0,0,0,155,1100,165,50)
Skill = (10,11,0,10,0,0,0,0,0,0,0,63,1100,105,50)
Skill = (11,10,0,10,0,0,0,0,0,0,0,9,1100,50,50)
Skill = (12,0,2147483647,0,0,0,0,0,0,0,0,0,1000,2147483647,2147483647)
Skill = (13,15,0,10,0,0,0,0,0,0,0,123,1100,154,20)
Skill = (14,0,1200,0,0,0,0,0,0,0,0,0,0,0,0)
Skill = (15,0,2147483647,0,0,0,0,0,0,0,0,0,1000,2147483647,2147483647)
Skill = (16,0,2147483647,0,0,0,0,0,0,0,0,0,1000,2147483647,2147483647)
Skill = (17,0,2147483647,0,0,0,0,0,0,0,0,0,50,2147483647,2147483647)
Skill = (18,0,2147483647,0,0,0,0,0,0,0,0,0,1000,2147483647,2147483647)
Skill = (19,0,2147483647,0,0,0,0,0,0,0,0,0,1000,2147483647,2147483647)
Skill = (20,0,2147483647,0,0,0,0,0,0,0,0,0,1000,2147483647,2147483647)
Skill = (21,0,2147483647,0,0,0,0,0,0,0,0,0,1000,2147483647,2147483647)
Skill = (22,100,100,0,0,0,0,0,0,0,0,0,0,0,0)
Skill = (23,0,2147483647,0,0,0,0,0,0,0,0,0,1000,2147483647,2147483647)
Skill = (24,0,2147483647,0,0,0,0,0,0,0,0,0,1000,2147483647,2147483647)

Spells      = {}
QuestValues = {(19,1),(20,1),(21,1),(22,1),(23,1),(32,1),(33,1),(34,1),(100,1),(224,1)}
Murders     = {}
