ID              = 8510335
Name            = "Grus Cyph"
Race            = 1
Profession      = 3
OriginalOutfit  = 134-95-0-114-79
CurrentOutfit   = 134-95-0-114-79
LastLogin       = 1131187557
LastLogout      = 1131187563
StartPosition   = [32360,31782,7]
CurrentPosition = [32326,31783,6]
PlayerkillerEnd = 0

Skill = (0,8,0,1,0,0,0,0,0,0,1,5564,0,6400,100)
Skill = (1,5,0,0,0,0,0,0,0,0,0,141,1100,154,20)
Skill = (2,131,185,0,0,0,0,0,0,0,5,0,0,0,0)
Skill = (3,18,35,0,0,0,0,0,0,0,30,0,0,0,0)
Skill = (4,77,77,0,0,0,0,0,0,0,1,0,0,0,0)
Skill = (5,470,470,0,0,0,0,0,0,0,10,0,0,0,0)
Skill = (6,19,0,10,0,0,0,0,0,0,0,8292,1500,11333,100)
Skill = (7,17,0,10,0,0,0,0,0,0,0,3826,2000,7650,30)
Skill = (8,15,0,10,0,0,0,0,0,0,0,2120,2000,3150,50)
Skill = (9,14,0,10,0,0,0,0,0,0,0,772,2000,1550,50)
Skill = (10,10,0,10,0,0,0,0,0,0,0,0,2000,50,50)
Skill = (11,15,0,10,0,0,0,0,0,0,0,763,1500,1039,50)
Skill = (12,0,2147483647,0,0,0,0,0,0,0,0,0,1000,2147483647,2147483647)
Skill = (13,31,0,10,0,0,0,0,0,0,0,1297,1100,1428,20)
Skill = (14,0,1200,0,0,0,0,0,0,0,0,0,0,0,0)
Skill = (15,0,2147483647,0,0,0,0,0,83,83,0,0,1000,2147483647,2147483647)
Skill = (16,0,2147483647,0,0,0,0,0,0,0,0,0,1000,2147483647,2147483647)
Skill = (17,0,2147483647,0,0,0,0,0,3,3,0,0,50,2147483647,2147483647)
Skill = (18,0,2147483647,0,0,0,0,0,0,0,0,0,1000,2147483647,2147483647)
Skill = (19,0,2147483647,0,0,0,0,0,0,0,0,0,1000,2147483647,2147483647)
Skill = (20,0,2147483647,0,0,0,0,0,0,0,0,0,1000,2147483647,2147483647)
Skill = (21,0,2147483647,0,0,0,0,0,0,0,0,0,1000,2147483647,2147483647)
Skill = (22,100,100,0,0,0,0,0,0,0,0,0,0,0,0)
Skill = (23,0,2147483647,0,0,0,0,0,0,0,0,0,1000,2147483647,2147483647)
Skill = (24,0,2147483647,0,0,0,0,0,0,0,0,0,1000,2147483647,2147483647)

Spells      = {1,10}
QuestValues = {(20,1),(21,1),(22,1),(23,1),(32,1),(33,1),(34,1),(58,1),(223,1)}
Murders     = {}
