ID              = 8895935
Name            = "Mestre of Malicia"
Race            = 1
Profession      = 1
OriginalOutfit  = 129-98-85-85-85
CurrentOutfit   = 129-98-85-85-85
LastLogin       = 1130435333
LastLogout      = 1130436012
StartPosition   = [32360,31782,7]
CurrentPosition = [32354,31644,7]
PlayerkillerEnd = 0

Skill = (0,18,0,1,0,0,0,0,0,0,1,82518,0,83400,100)
Skill = (1,3,0,0,0,0,0,0,0,0,0,271,3000,800,20)
Skill = (2,335,335,0,0,0,0,0,0,0,15,0,0,0,0)
Skill = (3,65,85,0,0,0,0,0,0,0,5,0,0,0,0)
Skill = (4,87,87,0,0,0,0,0,0,0,1,0,0,0,0)
Skill = (5,720,720,0,0,0,0,0,0,0,25,0,0,0,0)
Skill = (6,46,0,10,0,0,0,0,0,0,0,32095,1100,33003,100)
Skill = (7,12,0,10,0,0,0,0,0,0,0,84,1400,130,30)
Skill = (8,10,0,10,0,0,0,0,0,0,0,0,1100,50,50)
Skill = (9,49,0,10,0,0,0,0,0,0,0,21702,1100,22129,50)
Skill = (10,10,0,10,0,0,0,0,0,0,0,0,1100,50,50)
Skill = (11,10,0,10,0,0,0,0,0,0,0,36,1100,50,50)
Skill = (12,0,2147483647,0,0,0,0,0,0,0,0,0,1000,2147483647,2147483647)
Skill = (13,16,0,10,0,0,0,0,0,0,0,171,1100,189,20)
Skill = (14,0,1200,0,0,0,0,0,0,0,0,0,0,0,0)
Skill = (15,0,2147483647,0,0,0,0,0,83,83,0,0,1000,2147483647,2147483647)
Skill = (16,0,2147483647,0,0,0,0,0,0,0,0,0,1000,2147483647,2147483647)
Skill = (17,0,2147483647,0,0,0,0,0,0,0,0,0,50,2147483647,2147483647)
Skill = (18,0,2147483647,0,0,0,0,0,0,0,0,0,1000,2147483647,2147483647)
Skill = (19,0,2147483647,0,0,0,0,0,0,0,0,0,1000,2147483647,2147483647)
Skill = (20,0,2147483647,0,0,0,0,0,0,0,0,0,1000,2147483647,2147483647)
Skill = (21,0,2147483647,0,0,0,0,0,0,0,0,0,1000,2147483647,2147483647)
Skill = (22,100,100,0,0,0,0,0,120,120,0,0,0,0,0)
Skill = (23,0,2147483647,0,0,0,0,0,0,0,0,0,1000,2147483647,2147483647)
Skill = (24,0,2147483647,0,0,0,0,0,0,0,0,0,1000,2147483647,2147483647)

Spells      = {1,10,20}
QuestValues = {(18,1),(20,1),(21,1),(22,1),(23,1),(32,1),(33,1),(34,1),(35,1),(60,1),(93,1),(94,1),(95,1),(125,1),(126,1)}
Murders     = {}
