ID              = 9062635
Name            = "Pana Ikalin"
Race            = 1
Profession      = 1
OriginalOutfit  = 129-47-5-25-101
CurrentOutfit   = 129-47-5-25-101
LastLogin       = 1122667150
LastLogout      = 1122667454
StartPosition   = [32360,31782,7]
CurrentPosition = [32360,31782,7]
PlayerkillerEnd = 0

Skill = (0,9,0,1,0,0,0,0,0,0,1,6861,0,9300,100)
Skill = (1,1,0,0,0,0,0,0,0,0,0,27,3000,80,20)
Skill = (2,200,200,0,0,0,0,0,0,0,15,0,0,0,0)
Skill = (3,0,40,0,0,0,0,0,0,0,5,0,0,0,0)
Skill = (4,78,78,0,0,0,0,0,0,0,1,0,0,0,0)
Skill = (5,495,495,0,0,0,0,0,0,0,25,0,0,0,0)
Skill = (6,17,0,10,0,0,0,0,0,0,0,1018,1100,1143,100)
Skill = (7,10,0,10,0,0,0,0,0,0,0,9,1400,30,30)
Skill = (8,27,0,10,0,0,0,0,0,0,0,2106,1100,2279,50)
Skill = (9,10,0,10,0,0,0,0,0,0,0,31,1100,50,50)
Skill = (10,10,0,10,0,0,0,0,0,0,0,47,1100,50,50)
Skill = (11,10,0,10,0,0,0,0,0,0,0,17,1100,50,50)
Skill = (12,0,2147483647,0,0,0,0,0,0,0,0,0,1000,2147483647,2147483647)
Skill = (13,12,0,10,0,0,0,0,0,0,0,43,1100,66,20)
Skill = (14,0,1200,0,0,0,0,0,0,0,0,0,0,0,0)
Skill = (15,0,2147483647,0,0,0,4,0,76,83,0,0,1000,2147483647,2147483647)
Skill = (16,0,2147483647,0,0,0,0,0,0,0,0,0,1000,2147483647,2147483647)
Skill = (17,0,2147483647,0,0,0,0,0,0,0,0,0,50,2147483647,2147483647)
Skill = (18,0,2147483647,0,0,0,0,0,0,0,0,0,1000,2147483647,2147483647)
Skill = (19,0,2147483647,0,0,0,0,0,0,0,0,0,1000,2147483647,2147483647)
Skill = (20,0,2147483647,0,0,0,0,0,0,0,0,0,1000,2147483647,2147483647)
Skill = (21,0,2147483647,0,0,0,0,0,0,0,0,0,1000,2147483647,2147483647)
Skill = (22,200,200,0,0,0,0,0,0,0,0,0,0,0,0)
Skill = (23,0,2147483647,0,0,0,0,0,0,0,0,0,1000,2147483647,2147483647)
Skill = (24,0,2147483647,0,0,0,0,0,0,0,0,0,1000,2147483647,2147483647)

Spells      = {10}
QuestValues = {}
Murders     = {1121207155}
