ID              = 9914735
Name            = "Cael Ybor"
Race            = 1
Profession      = 4
OriginalOutfit  = 129-57-106-76-102
CurrentOutfit   = 129-57-106-76-102
LastLogin       = 1129145928
LastLogout      = 1129147242
StartPosition   = [32957,32076,7]
CurrentPosition = [32927,32075,7]
PlayerkillerEnd = 0

Skill = (0,12,0,1,0,0,0,0,0,0,1,20016,0,23200,100)
Skill = (1,8,0,0,0,0,0,0,0,0,0,247,1100,271,20)
Skill = (2,205,205,0,0,0,0,0,0,0,5,0,0,0,0)
Skill = (3,47,155,0,0,0,0,0,0,0,30,0,0,0,0)
Skill = (4,81,81,0,0,0,0,0,0,0,1,0,0,0,0)
Skill = (5,510,510,0,0,0,0,0,0,0,10,0,0,0,0)
Skill = (6,19,0,10,0,0,0,0,0,0,0,8566,1500,11333,100)
Skill = (7,11,0,10,0,0,0,0,0,0,0,49,1800,84,30)
Skill = (8,17,0,10,0,0,0,0,0,0,0,6235,1800,6824,50)
Skill = (9,14,0,10,0,0,0,0,0,0,0,760,1800,1118,50)
Skill = (10,10,0,10,0,0,0,0,0,0,0,45,1800,50,50)
Skill = (11,11,0,10,0,0,0,0,0,0,0,94,1500,125,50)
Skill = (12,0,2147483647,0,0,0,0,0,0,0,0,0,1000,2147483647,2147483647)
Skill = (13,17,0,10,0,0,0,0,0,0,0,225,1100,228,20)
Skill = (14,0,1200,0,0,0,0,0,0,0,0,0,0,0,0)
Skill = (15,0,2147483647,0,0,0,0,0,83,83,0,0,1000,2147483647,2147483647)
Skill = (16,0,2147483647,0,0,0,0,0,0,0,0,0,1000,2147483647,2147483647)
Skill = (17,0,2147483647,0,0,0,0,0,3,3,0,0,50,2147483647,2147483647)
Skill = (18,0,2147483647,0,0,0,0,0,0,0,0,0,1000,2147483647,2147483647)
Skill = (19,0,2147483647,0,0,0,0,0,0,0,0,0,1000,2147483647,2147483647)
Skill = (20,0,2147483647,0,0,0,0,0,0,0,0,0,1000,2147483647,2147483647)
Skill = (21,0,2147483647,0,0,0,0,0,0,0,0,0,1000,2147483647,2147483647)
Skill = (22,100,100,0,0,0,0,0,120,120,0,0,0,0,0)
Skill = (23,0,2147483647,0,0,0,0,0,0,0,0,0,1000,2147483647,2147483647)
Skill = (24,0,2147483647,0,0,0,0,0,0,0,0,0,1000,2147483647,2147483647)

Spells      = {1,8,10}
QuestValues = {(223,1)}
Murders     = {}
