ID              = 10880533
Name            = "Mithin Thea"
Race            = 1
Profession      = 0
OriginalOutfit  = 136-114-38-38-38
CurrentOutfit   = 136-114-38-38-38
LastLogin       = 1131035999
LastLogout      = 1131036023
StartPosition   = [32097,32219,7]
CurrentPosition = [32099,32204,7]
PlayerkillerEnd = 0

Skill = (0,6,0,1,0,0,0,0,0,0,1,1775,0,2600,100)
Skill = (1,0,0,0,0,0,0,0,0,0,0,0,3000,20,20)
Skill = (2,65,175,0,0,0,0,0,0,0,5,0,0,0,0)
Skill = (3,25,25,0,0,0,0,0,0,0,5,0,0,0,0)
Skill = (4,75,75,0,0,0,0,0,0,0,1,0,0,0,0)
Skill = (5,450,450,0,0,0,0,0,0,0,10,0,0,0,0)
Skill = (6,15,0,10,0,0,0,0,0,0,0,1505,1500,2078,100)
Skill = (7,10,0,10,0,0,0,0,0,0,0,0,2000,30,30)
Skill = (8,14,0,10,0,0,0,0,0,0,0,954,2000,1550,50)
Skill = (9,11,0,10,0,0,0,0,0,0,0,106,2000,150,50)
Skill = (10,13,0,10,0,0,0,0,0,0,0,657,2000,750,50)
Skill = (11,10,0,10,0,0,0,0,0,0,0,9,1500,50,50)
Skill = (12,0,2147483647,0,0,0,0,0,0,0,0,0,1000,2147483647,2147483647)
Skill = (13,10,0,10,0,0,0,0,0,0,0,0,1100,20,20)
Skill = (14,0,1200,0,0,0,0,0,0,0,0,0,0,0,0)
Skill = (15,0,2147483647,0,0,0,0,0,0,0,0,0,1000,2147483647,2147483647)
Skill = (16,0,2147483647,0,0,0,0,0,0,0,0,0,1000,2147483647,2147483647)
Skill = (17,0,2147483647,0,0,0,0,0,0,0,0,0,50,2147483647,2147483647)
Skill = (18,0,2147483647,0,0,0,0,0,0,0,0,0,1000,2147483647,2147483647)
Skill = (19,0,2147483647,0,0,0,0,0,0,0,0,0,1000,2147483647,2147483647)
Skill = (20,0,2147483647,0,0,0,0,0,0,0,0,0,1000,2147483647,2147483647)
Skill = (21,0,2147483647,0,0,0,0,0,0,0,0,0,1000,2147483647,2147483647)
Skill = (22,100,100,0,0,0,0,0,120,120,0,0,0,0,0)
Skill = (23,0,2147483647,0,0,0,0,0,0,0,0,0,1000,2147483647,2147483647)
Skill = (24,0,2147483647,0,0,0,0,0,0,0,0,0,1000,2147483647,2147483647)

Spells      = {}
QuestValues = {(18,1),(20,1),(21,1),(22,1),(23,1)}
Murders     = {}
