ID              = 8615633
Name            = "Antagueul"
Race            = 1
Profession      = 3
OriginalOutfit  = 128-95-114-76-116
CurrentOutfit   = 128-95-114-76-116
LastLogin       = 1131995568
LastLogout      = 1131996101
StartPosition   = [32369,32241,7]
CurrentPosition = [32331,32249,7]
PlayerkillerEnd = 0

Skill = (0,16,0,1,0,0,0,0,0,0,1,51157,0,57600,100)
Skill = (1,21,0,0,0,0,0,0,0,0,0,1305,1100,1428,20)
Skill = (2,112,225,0,0,0,0,0,0,0,5,0,0,0,0)
Skill = (3,176,275,0,0,0,0,0,0,0,30,0,0,0,0)
Skill = (4,85,85,0,0,0,0,0,0,0,1,0,0,0,0)
Skill = (5,550,550,0,0,0,0,0,0,0,10,0,0,0,0)
Skill = (6,21,0,10,0,0,0,0,0,0,0,18843,1500,25749,100)
Skill = (7,11,0,10,0,0,0,0,0,0,0,48,2000,90,30)
Skill = (8,18,0,10,0,0,0,0,0,0,0,14199,2000,25550,50)
Skill = (9,10,0,10,0,0,0,0,0,0,0,16,2000,50,50)
Skill = (10,10,0,10,0,0,0,0,0,0,0,7,2000,50,50)
Skill = (11,11,0,10,0,0,0,0,0,0,0,58,1500,125,50)
Skill = (12,0,2147483647,0,0,0,0,0,0,0,0,0,1000,2147483647,2147483647)
Skill = (13,28,0,10,0,0,0,0,0,0,0,913,1100,1023,20)
Skill = (14,0,1200,0,0,0,0,0,0,0,0,0,0,0,0)
Skill = (15,0,2147483647,0,0,0,0,0,83,83,0,0,1000,2147483647,2147483647)
Skill = (16,0,2147483647,0,0,0,0,0,200,200,0,0,1000,2147483647,2147483647)
Skill = (17,0,2147483647,0,0,0,0,0,0,0,0,0,50,2147483647,2147483647)
Skill = (18,0,2147483647,0,0,0,0,0,0,0,0,0,1000,2147483647,2147483647)
Skill = (19,0,2147483647,0,0,0,0,0,0,0,0,0,1000,2147483647,2147483647)
Skill = (20,0,2147483647,0,0,0,0,0,0,0,0,0,1000,2147483647,2147483647)
Skill = (21,0,2147483647,0,0,0,0,0,0,0,0,0,1000,2147483647,2147483647)
Skill = (22,100,100,0,0,0,0,0,120,120,0,0,0,0,0)
Skill = (23,0,2147483647,0,0,0,0,0,0,0,0,0,1000,2147483647,2147483647)
Skill = (24,0,2147483647,0,0,0,0,0,0,0,0,0,1000,2147483647,2147483647)

Spells      = {2,3,7,8,9,10,15,18,29,45}
QuestValues = {(14,1),(15,1),(18,1),(20,1),(21,1),(22,1),(23,1),(32,1),(33,1),(34,1),(35,1),(55,1),(58,1),(59,1),(93,1),(94,1),(95,1),(96,1),(97,1),(98,1),(100,1),(106,1),(107,1),(125,1),(126,1),(128,1),(140,1),(141,1),(192,1),(223,1),(226,1)}
Murders     = {}
