ID              = 8670233
Name            = "Maltodextrin"
Race            = 1
Profession      = 4
OriginalOutfit  = 128-78-69-58-76
CurrentOutfit   = 128-78-69-58-76
LastLogin       = 1129931260
LastLogout      = 1129931366
StartPosition   = [32360,31782,7]
CurrentPosition = [32370,31790,7]
PlayerkillerEnd = 0

Skill = (0,12,0,1,0,0,0,0,0,0,1,17673,0,23200,100)
Skill = (1,11,0,0,0,0,0,0,0,0,0,393,1100,427,20)
Skill = (2,205,205,0,0,0,0,0,0,0,5,0,0,0,0)
Skill = (3,155,155,0,0,0,0,0,0,0,30,0,0,0,0)
Skill = (4,81,81,0,0,0,0,0,0,0,1,0,0,0,0)
Skill = (5,510,510,0,0,0,0,0,0,0,10,0,0,0,0)
Skill = (6,19,0,10,0,0,0,0,0,0,0,7805,1500,11333,100)
Skill = (7,10,0,10,0,0,0,0,0,0,0,0,1800,30,30)
Skill = (8,17,0,10,0,0,0,0,0,0,0,6237,1800,6824,50)
Skill = (9,10,0,10,0,0,0,0,0,0,0,25,1800,50,50)
Skill = (10,10,0,10,0,0,0,0,0,0,0,2,1800,50,50)
Skill = (11,10,0,10,0,0,0,0,0,0,0,5,1500,50,50)
Skill = (12,0,2147483647,0,0,0,0,0,0,0,0,0,1000,2147483647,2147483647)
Skill = (13,35,0,10,0,0,0,0,0,0,0,2180,1100,2183,20)
Skill = (14,0,1200,0,0,0,0,0,0,0,0,0,0,0,0)
Skill = (15,0,2147483647,0,0,0,0,0,0,0,0,0,1000,2147483647,2147483647)
Skill = (16,0,2147483647,0,0,0,0,0,0,0,0,0,1000,2147483647,2147483647)
Skill = (17,0,2147483647,0,0,0,0,0,0,0,0,0,50,2147483647,2147483647)
Skill = (18,0,2147483647,0,0,0,0,0,0,0,0,0,1000,2147483647,2147483647)
Skill = (19,0,2147483647,0,0,0,0,0,0,0,0,0,1000,2147483647,2147483647)
Skill = (20,0,2147483647,0,0,0,0,0,0,0,0,0,1000,2147483647,2147483647)
Skill = (21,0,2147483647,0,0,0,0,0,0,0,0,0,1000,2147483647,2147483647)
Skill = (22,100,100,0,0,0,0,0,0,0,0,0,0,0,0)
Skill = (23,0,2147483647,0,0,0,0,0,0,0,0,0,1000,2147483647,2147483647)
Skill = (24,0,2147483647,0,0,0,0,0,0,0,0,0,1000,2147483647,2147483647)

Spells      = {1,8,10}
QuestValues = {(18,1),(35,1),(59,1)}
Murders     = {}
