ID              = 9530333
Name            = "Adianah"
Race            = 1
Profession      = 2
OriginalOutfit  = 142-94-94-94-94
CurrentOutfit   = 142-94-94-94-94
LastLogin       = 1132087476
LastLogout      = 1132087490
StartPosition   = [32360,31782,7]
CurrentPosition = [32360,31787,7]
PlayerkillerEnd = 1133377803

Skill = (0,13,0,1,0,0,0,0,0,0,1,27983,0,29900,100)
Skill = (1,5,0,0,0,0,0,0,0,0,0,268,1400,326,20)
Skill = (2,235,235,0,0,0,0,0,0,0,10,0,0,0,0)
Skill = (3,110,110,0,0,0,0,0,0,0,15,0,0,0,0)
Skill = (4,82,82,0,0,0,0,0,0,0,1,0,0,0,0)
Skill = (5,570,570,0,0,0,0,0,0,0,20,0,0,0,0)
Skill = (6,40,0,10,0,0,0,0,0,0,0,16894,1100,18194,100)
Skill = (7,51,0,10,0,0,0,0,0,0,0,15210,1100,16129,30)
Skill = (8,10,0,10,0,0,0,0,0,0,0,13,1200,50,50)
Skill = (9,10,0,10,0,0,0,0,0,0,0,18,1200,50,50)
Skill = (10,10,0,10,0,0,0,0,0,0,0,0,1200,50,50)
Skill = (11,16,0,10,0,0,0,0,0,0,0,587,1200,645,50)
Skill = (12,0,2147483647,0,0,0,0,0,0,0,0,0,1000,2147483647,2147483647)
Skill = (13,22,0,10,0,0,0,0,0,0,0,486,1100,490,20)
Skill = (14,0,1200,0,0,0,0,0,0,0,0,0,0,0,0)
Skill = (15,0,2147483647,0,0,0,0,0,0,0,0,0,1000,2147483647,2147483647)
Skill = (16,0,2147483647,0,0,0,0,0,0,0,0,0,1000,2147483647,2147483647)
Skill = (17,0,2147483647,0,0,0,0,0,0,0,0,0,50,2147483647,2147483647)
Skill = (18,0,2147483647,0,0,0,0,0,0,0,0,0,1000,2147483647,2147483647)
Skill = (19,0,2147483647,0,0,0,0,0,0,0,0,0,1000,2147483647,2147483647)
Skill = (20,0,2147483647,0,0,0,0,0,0,0,0,0,1000,2147483647,2147483647)
Skill = (21,0,2147483647,0,0,0,0,0,0,0,0,0,1000,2147483647,2147483647)
Skill = (22,100,100,0,0,0,0,0,0,0,0,0,0,0,0)
Skill = (23,0,2147483647,0,0,0,0,0,0,0,0,0,1000,2147483647,2147483647)
Skill = (24,0,2147483647,0,0,0,0,0,0,0,0,0,1000,2147483647,2147483647)

Spells      = {1,8,10,20,29,42,51,79}
QuestValues = {(18,1),(20,1),(36,1),(59,1),(60,1),(61,1),(69,1),(113,1),(114,1),(115,1),(125,1),(126,1),(153,1),(224,1),(227,1)}
Murders     = {1130273192,1130274360,1130785531,1130785560,1130785803}
