ID              = 9728433
Name            = "Mag Wiedzmin Hunter"
Race            = 1
Profession      = 3
OriginalOutfit  = 129-79-94-94-115
CurrentOutfit   = 129-79-94-94-115
LastLogin       = 1127065188
LastLogout      = 1127065190
StartPosition   = [32360,31782,7]
CurrentPosition = [32360,31787,7]
PlayerkillerEnd = 0

Skill = (0,10,0,1,0,0,0,0,0,0,1,11567,0,13000,100)
Skill = (1,7,0,0,0,0,0,0,0,0,0,189,1100,228,20)
Skill = (2,195,195,0,0,0,0,0,0,0,5,0,0,0,0)
Skill = (3,95,95,0,0,0,0,0,0,0,30,0,0,0,0)
Skill = (4,79,79,0,0,0,0,0,0,0,1,0,0,0,0)
Skill = (5,490,490,0,0,0,0,0,0,0,10,0,0,0,0)
Skill = (6,19,0,10,0,0,0,0,0,0,0,8508,1500,11333,100)
Skill = (7,10,0,10,0,0,0,0,0,0,0,5,2000,30,30)
Skill = (8,14,0,10,0,0,0,0,0,0,0,1390,2000,1550,50)
Skill = (9,16,0,10,0,0,0,0,0,0,0,4079,2000,6350,50)
Skill = (10,14,0,10,0,0,0,0,0,0,0,843,2000,1550,50)
Skill = (11,11,0,10,0,0,0,0,0,0,0,52,1500,125,50)
Skill = (12,0,2147483647,0,0,0,0,0,0,0,0,0,1000,2147483647,2147483647)
Skill = (13,13,0,10,0,0,0,0,0,0,0,90,1100,92,20)
Skill = (14,0,1200,0,0,0,0,0,0,0,0,0,0,0,0)
Skill = (15,0,2147483647,0,0,0,0,0,0,0,0,0,1000,2147483647,2147483647)
Skill = (16,0,2147483647,0,0,0,0,0,0,0,0,0,1000,2147483647,2147483647)
Skill = (17,0,2147483647,0,0,0,0,0,0,0,0,0,50,2147483647,2147483647)
Skill = (18,0,2147483647,0,0,0,0,0,0,0,0,0,1000,2147483647,2147483647)
Skill = (19,0,2147483647,0,0,0,0,0,0,0,0,0,1000,2147483647,2147483647)
Skill = (20,0,2147483647,0,0,0,0,0,0,0,0,0,1000,2147483647,2147483647)
Skill = (21,0,2147483647,0,0,0,0,0,0,0,0,0,1000,2147483647,2147483647)
Skill = (22,98,100,0,0,0,0,0,0,0,0,0,0,0,0)
Skill = (23,0,2147483647,0,0,0,0,0,0,0,0,0,1000,2147483647,2147483647)
Skill = (24,0,2147483647,0,0,0,0,0,0,0,0,0,1000,2147483647,2147483647)

Spells      = {1,7,8,10,25}
QuestValues = {(20,1),(21,1),(22,1),(23,1),(35,1),(58,1),(60,1),(61,1),(223,1)}
Murders     = {}
