ID              = 9888633
Name            = "Ziceks"
Race            = 1
Profession      = 2
OriginalOutfit  = 129-114-0-114-114
CurrentOutfit   = 129-114-0-114-114
LastLogin       = 1130970526
LastLogout      = 1130971229
StartPosition   = [32360,31782,7]
CurrentPosition = [32682,31687,8]
PlayerkillerEnd = 0

Skill = (0,12,0,1,0,0,0,0,0,0,1,21139,0,23200,100)
Skill = (1,4,0,0,0,0,0,0,0,0,0,175,1400,218,20)
Skill = (2,135,225,0,0,0,0,0,0,0,10,0,0,0,0)
Skill = (3,25,95,0,0,0,0,0,0,0,15,0,0,0,0)
Skill = (4,81,81,0,0,0,0,0,0,0,1,0,0,0,0)
Skill = (5,550,550,0,0,0,0,0,0,0,20,0,0,0,0)
Skill = (6,26,0,10,0,0,0,0,0,0,0,3674,1100,4054,100)
Skill = (7,38,0,10,0,0,0,0,0,0,0,4039,1100,4458,30)
Skill = (8,13,0,10,0,0,0,0,0,0,0,209,1200,268,50)
Skill = (9,20,0,10,0,0,0,0,0,0,0,1604,1200,1607,50)
Skill = (10,10,0,10,0,0,0,0,0,0,0,49,1200,50,50)
Skill = (11,20,0,10,0,0,0,0,0,0,0,1482,1200,1607,50)
Skill = (12,0,2147483647,0,0,0,0,0,0,0,0,0,1000,2147483647,2147483647)
Skill = (13,10,0,10,0,0,0,0,0,0,0,0,1100,20,20)
Skill = (14,0,1200,0,0,0,0,0,0,0,0,0,0,0,0)
Skill = (15,0,2147483647,0,0,0,0,0,0,0,0,0,1000,2147483647,2147483647)
Skill = (16,0,2147483647,0,0,0,0,0,0,0,0,0,1000,2147483647,2147483647)
Skill = (17,0,2147483647,0,0,0,0,0,0,0,0,0,50,2147483647,2147483647)
Skill = (18,0,2147483647,0,0,0,0,0,8,8,0,0,1000,2147483647,2147483647)
Skill = (19,0,2147483647,0,0,0,0,0,0,0,0,0,1000,2147483647,2147483647)
Skill = (20,0,2147483647,0,0,0,0,0,0,0,0,0,1000,2147483647,2147483647)
Skill = (21,0,2147483647,0,0,0,0,0,0,0,0,0,1000,2147483647,2147483647)
Skill = (22,100,100,0,0,0,0,0,120,120,0,0,0,0,0)
Skill = (23,0,2147483647,0,0,0,0,0,0,0,0,0,1000,2147483647,2147483647)
Skill = (24,0,2147483647,0,0,0,0,0,0,0,0,0,1000,2147483647,2147483647)

Spells      = {10,20,51}
QuestValues = {(20,1),(22,1),(23,1),(35,1),(59,1)}
Murders     = {}
