ID              = 10011377
Name            = "Dark Posselt"
Race            = 1
Profession      = 1
OriginalOutfit  = 131-79-113-77-114
CurrentOutfit   = 131-79-113-77-114
LastLogin       = 1131302171
LastLogout      = 1131302181
StartPosition   = [32957,32076,7]
CurrentPosition = [32928,32081,7]
PlayerkillerEnd = 0

Skill = (0,14,0,1,0,0,0,0,0,0,1,36903,0,37800,100)
Skill = (1,3,0,0,0,0,0,0,0,0,0,276,3000,800,20)
Skill = (2,275,275,0,0,0,0,0,0,0,15,0,0,0,0)
Skill = (3,15,65,0,0,0,0,0,0,0,5,0,0,0,0)
Skill = (4,83,83,0,0,0,0,0,0,0,1,0,0,0,0)
Skill = (5,620,620,0,0,0,0,0,0,0,25,0,0,0,0)
Skill = (6,41,0,10,0,0,0,0,0,0,0,18273,1100,20113,100)
Skill = (7,10,0,10,0,0,0,0,0,0,0,0,1400,30,30)
Skill = (8,43,0,10,0,0,0,0,0,0,0,12011,1100,12273,50)
Skill = (9,10,0,10,0,0,0,0,0,0,0,19,1100,50,50)
Skill = (10,10,0,10,0,0,0,0,0,0,0,0,1100,50,50)
Skill = (11,10,0,10,0,0,0,0,0,0,0,10,1100,50,50)
Skill = (12,0,2147483647,0,0,0,0,0,0,0,0,0,1000,2147483647,2147483647)
Skill = (13,34,0,10,0,0,0,0,0,0,0,1908,1100,1966,20)
Skill = (14,0,1200,0,0,0,0,0,0,0,0,0,0,0,0)
Skill = (15,0,2147483647,0,0,0,0,0,83,83,0,0,1000,2147483647,2147483647)
Skill = (16,0,2147483647,0,0,0,0,0,0,0,0,0,1000,2147483647,2147483647)
Skill = (17,0,2147483647,0,0,0,0,0,3,3,0,0,50,2147483647,2147483647)
Skill = (18,0,2147483647,0,0,0,0,0,8,8,0,0,1000,2147483647,2147483647)
Skill = (19,0,2147483647,0,0,0,0,0,0,0,0,0,1000,2147483647,2147483647)
Skill = (20,0,2147483647,0,0,0,0,0,0,0,0,0,1000,2147483647,2147483647)
Skill = (21,0,2147483647,0,0,0,0,0,0,0,0,0,1000,2147483647,2147483647)
Skill = (22,100,100,0,0,0,0,0,120,120,0,0,0,0,0)
Skill = (23,0,2147483647,0,0,0,0,0,0,0,0,0,1000,2147483647,2147483647)
Skill = (24,0,2147483647,0,0,0,0,0,0,0,0,0,1000,2147483647,2147483647)

Spells      = {1,10,11,20,29}
QuestValues = {(18,1),(20,1),(21,1),(22,1),(23,1),(59,1),(60,1)}
Murders     = {}
