ID              = 10477877
Name            = "Oniks Choppers"
Race            = 1
Profession      = 1
OriginalOutfit  = 128-114-114-114-91
CurrentOutfit   = 128-114-114-114-91
LastLogin       = 1131489745
LastLogout      = 1131489864
StartPosition   = [32957,32076,7]
CurrentPosition = [32457,31876,9]
PlayerkillerEnd = 0

Skill = (0,17,0,1,0,0,0,0,0,0,1,57854,0,69700,100)
Skill = (1,2,0,0,0,0,0,0,0,0,0,186,3000,260,20)
Skill = (2,320,320,0,0,0,0,0,0,0,15,0,0,0,0)
Skill = (3,68,80,0,0,0,0,0,0,0,5,0,0,0,0)
Skill = (4,86,86,0,0,0,0,0,0,0,1,0,0,0,0)
Skill = (5,695,695,0,0,0,0,0,0,0,25,0,0,0,0)
Skill = (6,38,0,10,0,0,0,0,0,0,0,14602,1100,14863,100)
Skill = (7,10,0,10,0,0,0,0,0,0,0,11,1400,30,30)
Skill = (8,12,0,10,0,0,0,0,0,0,0,115,1100,165,50)
Skill = (9,41,0,10,0,0,0,0,0,0,0,9745,1100,10056,50)
Skill = (10,10,0,10,0,0,0,0,0,0,0,0,1100,50,50)
Skill = (11,10,0,10,0,0,0,0,0,0,0,38,1100,50,50)
Skill = (12,0,2147483647,0,0,0,0,0,0,0,0,0,1000,2147483647,2147483647)
Skill = (13,10,0,10,0,0,0,0,0,0,0,0,1100,20,20)
Skill = (14,0,1200,0,0,0,1130,0,0,0,0,0,0,0,0)
Skill = (15,0,2147483647,0,0,0,5,0,65,83,0,0,1000,2147483647,2147483647)
Skill = (16,0,2147483647,0,0,0,0,0,0,0,0,0,1000,2147483647,2147483647)
Skill = (17,0,2147483647,0,0,0,0,0,3,3,0,0,50,2147483647,2147483647)
Skill = (18,0,2147483647,0,0,0,0,0,8,8,0,0,1000,2147483647,2147483647)
Skill = (19,0,2147483647,0,0,0,0,0,0,0,0,0,1000,2147483647,2147483647)
Skill = (20,0,2147483647,0,0,0,0,0,0,0,0,0,1000,2147483647,2147483647)
Skill = (21,0,2147483647,0,0,0,0,0,0,0,0,0,1000,2147483647,2147483647)
Skill = (22,100,100,0,0,0,2,0,35,120,0,0,0,0,0)
Skill = (23,0,2147483647,0,0,0,0,0,0,0,0,0,1000,2147483647,2147483647)
Skill = (24,0,2147483647,0,0,0,0,0,0,0,0,0,1000,2147483647,2147483647)

Spells      = {1,10}
QuestValues = {(20,1),(21,1),(22,1),(23,1),(32,1),(33,1),(34,1),(35,1),(58,1),(59,1),(99,1)}
Murders     = {1130450705}
