ID              = 10516577
Name            = "Cromy Glon"
Race            = 1
Profession      = 4
OriginalOutfit  = 137-115-94-114-77
CurrentOutfit   = 137-115-94-114-77
LastLogin       = 1131972339
LastLogout      = 1131972540
StartPosition   = [32360,31782,7]
CurrentPosition = [32336,31778,6]
PlayerkillerEnd = 0

Skill = (0,20,0,1,0,0,0,0,0,0,1,105764,0,116000,100)
Skill = (1,27,0,0,0,0,0,0,0,0,0,2576,1100,2684,20)
Skill = (2,221,245,0,0,0,0,0,0,0,5,0,0,0,0)
Skill = (3,27,395,0,0,0,0,0,0,0,30,0,0,0,0)
Skill = (4,89,89,0,0,0,0,0,0,0,1,0,0,0,0)
Skill = (5,590,590,0,0,0,0,0,0,0,10,0,0,0,0)
Skill = (6,22,0,10,0,0,0,0,0,0,0,28404,1500,38723,100)
Skill = (7,10,0,10,0,0,0,0,0,0,0,0,1800,30,30)
Skill = (8,10,0,10,0,0,0,0,0,0,0,2,1800,50,50)
Skill = (9,19,0,10,0,0,0,0,0,0,0,19795,1800,22252,50)
Skill = (10,10,0,10,0,0,0,0,0,0,0,0,1800,50,50)
Skill = (11,12,0,10,0,0,0,0,0,0,0,161,1500,237,50)
Skill = (12,0,2147483647,0,0,0,0,0,0,0,0,0,1000,2147483647,2147483647)
Skill = (13,27,0,10,0,0,0,0,0,0,0,844,1100,911,20)
Skill = (14,0,1200,0,0,0,0,0,0,0,0,0,0,0,0)
Skill = (15,0,2147483647,0,0,0,0,0,83,83,0,0,1000,2147483647,2147483647)
Skill = (16,0,2147483647,0,0,0,0,0,0,0,0,0,1000,2147483647,2147483647)
Skill = (17,0,2147483647,0,0,0,0,0,3,3,0,0,50,2147483647,2147483647)
Skill = (18,0,2147483647,0,0,0,0,0,8,8,0,0,1000,2147483647,2147483647)
Skill = (19,0,2147483647,0,0,0,0,0,0,0,0,0,1000,2147483647,2147483647)
Skill = (20,0,2147483647,0,0,0,0,0,0,0,0,0,1000,2147483647,2147483647)
Skill = (21,0,2147483647,0,0,0,0,0,0,0,0,0,1000,2147483647,2147483647)
Skill = (22,8,100,0,0,0,0,0,120,120,0,0,0,0,0)
Skill = (23,0,2147483647,0,0,0,0,0,0,0,0,0,1000,2147483647,2147483647)
Skill = (24,0,2147483647,0,0,0,0,0,0,0,0,0,1000,2147483647,2147483647)

Spells      = {1,3,5,8,9,10,14,16,25,38,42}
QuestValues = {(21,1),(22,1),(23,1),(32,1),(33,1),(34,1),(60,1),(61,1),(121,1),(190,1),(191,1)}
Murders     = {}
