ID              = 7941377
Name            = "Sofia Amundsen"
Race            = 1
Profession      = 14
OriginalOutfit  = 140-40-0-16-0
CurrentOutfit   = 140-40-0-16-0
LastLogin       = 1131714488
LastLogout      = 1131714495
StartPosition   = [32957,32076,7]
CurrentPosition = [32917,32070,7]
PlayerkillerEnd = 0

Skill = (0,32,0,1,0,0,0,0,0,0,1,460050,0,499200,100)
Skill = (1,43,0,0,0,0,0,0,0,0,0,11885,1100,13052,20)
Skill = (2,305,305,0,0,0,0,0,0,0,5,0,0,0,0)
Skill = (3,8,755,0,0,0,0,0,0,0,30,0,0,0,0)
Skill = (4,101,101,0,0,0,0,0,10,10,1,0,0,0,0)
Skill = (5,710,710,0,0,0,0,0,0,0,10,0,0,0,0)
Skill = (6,25,0,10,0,0,0,0,0,0,0,91759,1500,131168,100)
Skill = (7,10,0,10,0,0,0,0,0,0,0,9,1800,30,30)
Skill = (8,13,0,10,0,0,0,0,0,0,0,395,1800,593,50)
Skill = (9,21,0,10,0,0,0,0,0,0,0,68762,1800,72239,50)
Skill = (10,10,0,10,0,0,0,0,0,0,0,0,1800,50,50)
Skill = (11,11,0,10,0,0,0,0,0,0,0,94,1500,125,50)
Skill = (12,0,2147483647,0,0,0,0,0,0,0,0,0,1000,2147483647,2147483647)
Skill = (13,44,0,10,0,0,0,0,0,0,0,5121,1100,5420,20)
Skill = (14,0,1200,0,0,0,559,0,0,0,0,0,0,0,0)
Skill = (15,0,2147483647,0,0,0,0,0,83,83,0,0,1000,2147483647,2147483647)
Skill = (16,0,2147483647,0,0,0,0,0,0,0,0,0,1000,2147483647,2147483647)
Skill = (17,0,2147483647,0,0,0,0,0,3,3,0,0,50,2147483647,2147483647)
Skill = (18,0,2147483647,0,0,0,0,0,8,8,0,0,1000,2147483647,2147483647)
Skill = (19,0,2147483647,0,0,0,0,0,0,0,0,0,1000,2147483647,2147483647)
Skill = (20,0,2147483647,0,0,0,0,0,0,0,0,0,1000,2147483647,2147483647)
Skill = (21,0,2147483647,0,0,0,0,0,0,0,0,0,1000,2147483647,2147483647)
Skill = (22,97,100,0,0,0,0,0,0,0,0,0,0,0,0)
Skill = (23,0,2147483647,0,0,0,0,0,0,0,0,0,1000,2147483647,2147483647)
Skill = (24,0,2147483647,0,0,0,0,0,0,0,0,0,1000,2147483647,2147483647)

Spells      = {1,3,4,5,8,9,10,16,18,29,30,39,42,44,45,75,76,84,87,88,89,94}
QuestValues = {(20,1),(21,1),(22,1),(23,1),(25,1),(26,1),(27,1),(32,1),(33,1),(34,1),(35,1),(46,1),(59,1),(60,1),(77,1),(78,1),(86,1),(87,1),(93,1),(94,1),(95,1),(96,1),(97,1),(98,1),(99,1),(111,1),(112,1),(113,1),(114,1),(125,1),(126,1),(190,1),(191,1),(223,1),(254,1)}
Murders     = {}
