ID              = 8171377
Name            = "Shaka de'Nike"
Race            = 1
Profession      = 2
OriginalOutfit  = 134-114-114-114-91
CurrentOutfit   = 134-114-114-114-91
LastLogin       = 1129822472
LastLogout      = 1129822482
StartPosition   = [32957,32076,7]
CurrentPosition = [32924,32072,7]
PlayerkillerEnd = 0

Skill = (0,22,0,1,0,0,0,0,0,0,1,150629,0,156200,100)
Skill = (1,10,0,0,0,0,0,0,0,0,0,1662,1400,1974,20)
Skill = (2,325,325,0,0,0,0,0,0,0,10,0,0,0,0)
Skill = (3,245,245,0,0,0,0,0,0,0,15,0,0,0,0)
Skill = (4,91,91,0,0,0,0,0,0,0,1,0,0,0,0)
Skill = (5,750,750,0,0,0,0,0,0,0,20,0,0,0,0)
Skill = (6,49,0,10,0,0,0,0,0,0,0,42990,1100,44259,100)
Skill = (7,62,0,10,0,0,0,0,0,0,0,44496,1100,46574,30)
Skill = (8,10,0,10,0,0,0,0,0,0,0,0,1200,50,50)
Skill = (9,15,0,10,0,0,0,0,0,0,0,426,1200,496,50)
Skill = (10,10,0,10,0,0,0,0,0,0,0,0,1200,50,50)
Skill = (11,25,0,10,0,0,0,0,0,0,0,3744,1200,4372,50)
Skill = (12,0,2147483647,0,0,0,0,0,0,0,0,0,1000,2147483647,2147483647)
Skill = (13,43,0,10,0,0,0,0,0,0,0,4464,1100,4909,20)
Skill = (14,0,1200,0,0,0,0,0,0,0,0,0,0,0,0)
Skill = (15,0,2147483647,0,0,0,0,0,0,0,0,0,1000,2147483647,2147483647)
Skill = (16,0,2147483647,0,0,0,0,0,0,0,0,0,1000,2147483647,2147483647)
Skill = (17,0,2147483647,0,0,0,0,0,0,0,0,0,50,2147483647,2147483647)
Skill = (18,0,2147483647,0,0,0,0,0,0,0,0,0,1000,2147483647,2147483647)
Skill = (19,0,2147483647,0,0,0,0,0,0,0,0,0,1000,2147483647,2147483647)
Skill = (20,0,2147483647,0,0,0,0,0,0,0,0,0,1000,2147483647,2147483647)
Skill = (21,0,2147483647,0,0,0,0,0,0,0,0,0,1000,2147483647,2147483647)
Skill = (22,100,100,0,0,0,0,0,0,0,0,0,0,0,0)
Skill = (23,0,2147483647,0,0,0,0,0,0,0,0,0,1000,2147483647,2147483647)
Skill = (24,0,2147483647,0,0,0,0,0,0,0,0,0,1000,2147483647,2147483647)

Spells      = {1,3,10,20,29,51}
QuestValues = {(20,1),(27,1),(32,1),(33,1),(34,1),(59,1),(190,1),(191,1)}
Murders     = {}
