ID              = 8294877
Name            = "Renatinho Matador"
Race            = 1
Profession      = 2
OriginalOutfit  = 129-17-114-27-102
CurrentOutfit   = 129-17-114-27-102
LastLogin       = 1127498314
LastLogout      = 1127498329
StartPosition   = [32360,31782,7]
CurrentPosition = [32404,31789,7]
PlayerkillerEnd = 0

Skill = (0,8,0,1,0,0,0,0,0,0,1,5783,0,6400,100)
Skill = (1,2,0,0,0,0,0,0,0,0,0,58,1400,87,20)
Skill = (2,185,185,0,0,0,0,0,0,0,10,0,0,0,0)
Skill = (3,6,35,0,0,0,0,0,0,0,15,0,0,0,0)
Skill = (4,77,77,0,0,0,0,0,0,0,1,0,0,0,0)
Skill = (5,470,470,0,0,0,0,0,0,0,20,0,0,0,0)
Skill = (6,25,0,10,0,0,0,0,0,0,0,3426,1100,3594,100)
Skill = (7,33,0,10,0,0,0,0,0,0,0,2453,1100,2654,30)
Skill = (8,10,0,10,0,0,0,0,0,0,0,33,1200,50,50)
Skill = (9,14,0,10,0,0,0,0,0,0,0,316,1200,372,50)
Skill = (10,10,0,10,0,0,0,0,0,0,0,0,1200,50,50)
Skill = (11,10,0,10,0,0,0,0,0,0,0,9,1200,50,50)
Skill = (12,0,2147483647,0,0,0,0,0,0,0,0,0,1000,2147483647,2147483647)
Skill = (13,21,0,10,0,0,0,0,0,0,0,423,1100,427,20)
Skill = (14,0,1200,0,0,0,0,0,0,0,0,0,0,0,0)
Skill = (15,0,2147483647,0,0,0,0,0,0,0,0,0,1000,2147483647,2147483647)
Skill = (16,0,2147483647,0,0,0,0,0,0,0,0,0,1000,2147483647,2147483647)
Skill = (17,0,2147483647,0,0,0,0,0,0,0,0,0,50,2147483647,2147483647)
Skill = (18,0,2147483647,0,0,0,0,0,0,0,0,0,1000,2147483647,2147483647)
Skill = (19,0,2147483647,0,0,0,0,0,0,0,0,0,1000,2147483647,2147483647)
Skill = (20,0,2147483647,0,0,0,0,0,0,0,0,0,1000,2147483647,2147483647)
Skill = (21,0,2147483647,0,0,0,0,0,0,0,0,0,1000,2147483647,2147483647)
Skill = (22,100,100,0,0,0,0,0,0,0,0,0,0,0,0)
Skill = (23,0,2147483647,0,0,0,0,0,0,0,0,0,1000,2147483647,2147483647)
Skill = (24,0,2147483647,0,0,0,0,0,0,0,0,0,1000,2147483647,2147483647)

Spells      = {42}
QuestValues = {(17,1),(20,1),(21,1),(22,1),(23,1),(27,1),(59,1),(60,1),(61,1),(224,1)}
Murders     = {}
