ID              = 8393677
Name            = "Sir Amaral"
Race            = 1
Profession      = 4
OriginalOutfit  = 128-39-4-7-58
CurrentOutfit   = 128-39-4-7-58
LastLogin       = 1131826246
LastLogout      = 1131826541
StartPosition   = [32360,31782,7]
CurrentPosition = [32014,31568,7]
PlayerkillerEnd = 0

Skill = (0,10,0,1,0,0,0,0,0,0,1,11423,0,13000,100)
Skill = (1,15,0,0,0,0,0,0,0,0,0,671,1100,718,20)
Skill = (2,169,195,0,0,0,0,0,0,0,5,0,0,0,0)
Skill = (3,95,95,0,0,0,0,0,0,0,30,0,0,0,0)
Skill = (4,79,79,0,0,0,0,0,0,0,1,0,0,0,0)
Skill = (5,490,490,0,0,0,0,0,0,0,10,0,0,0,0)
Skill = (6,19,0,10,0,0,0,0,0,0,0,8706,1500,11333,100)
Skill = (7,10,0,10,0,0,0,0,0,0,0,0,1800,30,30)
Skill = (8,11,0,10,0,0,0,0,0,0,0,58,1800,140,50)
Skill = (9,17,0,10,0,0,0,0,0,0,0,6427,1800,6824,50)
Skill = (10,10,0,10,0,0,0,0,0,0,0,0,1800,50,50)
Skill = (11,10,0,10,0,0,0,0,0,0,0,35,1500,50,50)
Skill = (12,0,2147483647,0,0,0,0,0,0,0,0,0,1000,2147483647,2147483647)
Skill = (13,35,0,10,0,0,0,0,0,0,0,2100,1100,2183,20)
Skill = (14,0,1200,0,0,0,0,0,0,0,0,0,0,0,0)
Skill = (15,0,2147483647,0,0,0,0,0,83,83,0,0,1000,2147483647,2147483647)
Skill = (16,0,2147483647,0,0,0,0,0,0,0,0,0,1000,2147483647,2147483647)
Skill = (17,0,2147483647,0,0,0,0,0,3,3,0,0,50,2147483647,2147483647)
Skill = (18,0,2147483647,0,0,0,0,0,0,0,0,0,1000,2147483647,2147483647)
Skill = (19,0,2147483647,0,0,0,0,0,0,0,0,0,1000,2147483647,2147483647)
Skill = (20,0,2147483647,0,0,0,0,0,0,0,0,0,1000,2147483647,2147483647)
Skill = (21,0,2147483647,0,0,0,0,0,0,0,0,0,1000,2147483647,2147483647)
Skill = (22,45,100,0,0,0,2,0,109,120,0,0,0,0,0)
Skill = (23,0,2147483647,0,0,0,0,0,0,0,0,0,1000,2147483647,2147483647)
Skill = (24,0,2147483647,0,0,0,0,0,0,0,0,0,1000,2147483647,2147483647)

Spells      = {5,7,8,10}
QuestValues = {(21,1),(22,1),(23,1),(24,1),(32,1),(33,1)}
Murders     = {}
