ID              = 8573877
Name            = "Shakal Marley"
Race            = 1
Profession      = 2
OriginalOutfit  = 129-114-114-63-64
CurrentOutfit   = 129-114-114-63-64
LastLogin       = 1121582052
LastLogout      = 1121582076
StartPosition   = [32957,32076,7]
CurrentPosition = [32957,32076,7]
PlayerkillerEnd = 1123724226

Skill = (0,8,0,1,0,0,0,0,0,0,1,6329,0,6400,100)
Skill = (1,2,0,0,0,0,0,0,0,0,0,66,1400,87,20)
Skill = (2,185,185,0,0,0,0,0,0,0,10,0,0,0,0)
Skill = (3,35,35,0,0,0,0,0,0,0,15,0,0,0,0)
Skill = (4,77,77,0,0,0,0,0,0,0,1,0,0,0,0)
Skill = (5,470,470,0,0,0,0,0,0,0,20,0,0,0,0)
Skill = (6,20,0,10,0,0,0,0,0,0,0,1747,1100,1853,100)
Skill = (7,29,0,10,0,0,0,0,0,0,0,1702,1100,1718,30)
Skill = (8,10,0,10,0,0,0,0,0,0,0,2,1200,50,50)
Skill = (9,10,0,10,0,0,0,0,0,0,0,49,1200,50,50)
Skill = (10,10,0,10,0,0,0,0,0,0,0,0,1200,50,50)
Skill = (11,10,0,10,0,0,0,0,0,0,0,23,1200,50,50)
Skill = (12,0,2147483647,0,0,0,0,0,0,0,0,0,1000,2147483647,2147483647)
Skill = (13,10,0,10,0,0,0,0,0,0,0,11,1100,20,20)
Skill = (14,0,1200,0,0,0,0,0,0,0,0,0,0,0,0)
Skill = (15,0,2147483647,0,0,0,0,0,0,0,0,0,1000,2147483647,2147483647)
Skill = (16,0,2147483647,0,0,0,0,0,0,0,0,0,1000,2147483647,2147483647)
Skill = (17,0,2147483647,0,0,0,0,0,0,0,0,0,50,2147483647,2147483647)
Skill = (18,0,2147483647,0,0,0,0,0,0,0,0,0,1000,2147483647,2147483647)
Skill = (19,0,2147483647,0,0,0,0,0,0,0,0,0,1000,2147483647,2147483647)
Skill = (20,0,2147483647,0,0,0,0,0,0,0,0,0,1000,2147483647,2147483647)
Skill = (21,0,2147483647,0,0,0,0,0,0,0,0,0,1000,2147483647,2147483647)
Skill = (22,200,200,0,0,0,0,0,0,0,0,0,0,0,0)
Skill = (23,0,2147483647,0,0,0,0,0,0,0,0,0,1000,2147483647,2147483647)
Skill = (24,0,2147483647,0,0,0,0,0,0,0,0,0,1000,2147483647,2147483647)

Spells      = {1,8,10,20,51}
QuestValues = {(20,1),(21,1),(22,1),(23,1),(93,1),(94,1),(95,1),(98,1),(115,1)}
Murders     = {1121132226}
