ID              = 8718577
Name            = "Loczek of Zenera"
Race            = 1
Profession      = 4
OriginalOutfit  = 128-114-95-76-114
CurrentOutfit   = 128-114-95-76-114
LastLogin       = 1131291763
LastLogout      = 1131291882
StartPosition   = [32360,31782,7]
CurrentPosition = [32332,31778,6]
PlayerkillerEnd = 0

Skill = (0,9,0,1,0,0,0,0,0,0,1,7598,0,9300,100)
Skill = (1,10,0,0,0,0,0,0,0,0,0,346,1100,370,20)
Skill = (2,190,190,0,0,0,0,0,0,0,5,0,0,0,0)
Skill = (3,14,65,0,0,0,0,0,0,0,30,0,0,0,0)
Skill = (4,78,78,0,0,0,0,0,0,0,1,0,0,0,0)
Skill = (5,480,480,0,0,0,0,0,0,0,10,0,0,0,0)
Skill = (6,14,0,10,0,0,0,0,0,0,0,885,1500,1318,100)
Skill = (7,11,0,10,0,0,0,0,0,0,0,45,1800,84,30)
Skill = (8,10,0,10,0,0,0,0,0,0,0,9,1800,50,50)
Skill = (9,14,0,10,0,0,0,0,0,0,0,784,1800,1118,50)
Skill = (10,10,0,10,0,0,0,0,0,0,0,0,1800,50,50)
Skill = (11,10,0,10,0,0,0,0,0,0,0,17,1500,50,50)
Skill = (12,0,2147483647,0,0,0,0,0,0,0,0,0,1000,2147483647,2147483647)
Skill = (13,20,0,10,0,0,0,0,0,0,0,363,1100,370,20)
Skill = (14,0,1200,0,0,0,706,0,0,0,0,0,0,0,0)
Skill = (15,0,2147483647,0,0,0,0,0,83,83,0,0,1000,2147483647,2147483647)
Skill = (16,0,2147483647,0,0,0,0,0,0,0,0,0,1000,2147483647,2147483647)
Skill = (17,0,2147483647,0,0,0,0,0,0,0,0,0,50,2147483647,2147483647)
Skill = (18,0,2147483647,0,0,0,0,0,0,0,0,0,1000,2147483647,2147483647)
Skill = (19,0,2147483647,0,0,0,0,0,0,0,0,0,1000,2147483647,2147483647)
Skill = (20,0,2147483647,0,0,0,0,0,0,0,0,0,1000,2147483647,2147483647)
Skill = (21,0,2147483647,0,0,0,0,0,0,0,0,0,1000,2147483647,2147483647)
Skill = (22,2,100,0,0,0,0,0,120,120,0,0,0,0,0)
Skill = (23,0,2147483647,0,0,0,0,0,0,0,0,0,1000,2147483647,2147483647)
Skill = (24,0,2147483647,0,0,0,0,0,0,0,0,0,1000,2147483647,2147483647)

Spells      = {3,4,5,8,9,10,17,25,27,30,38,42,44,45}
QuestValues = {(17,1),(18,1),(20,1),(23,1),(32,1),(33,1),(34,1),(60,1),(61,1),(190,1),(191,1)}
Murders     = {}
