ID              = 9818077
Name            = "Fatzo the inmortal"
Race            = 1
Profession      = 2
OriginalOutfit  = 129-114-79-128-0
CurrentOutfit   = 129-114-79-128-0
LastLogin       = 1129489758
LastLogout      = 1129489761
StartPosition   = [32957,32076,7]
CurrentPosition = [32906,32117,6]
PlayerkillerEnd = 0

Skill = (0,21,0,1,0,0,0,0,0,0,1,117180,0,135100,100)
Skill = (1,8,0,0,0,0,0,0,0,0,0,777,1400,983,20)
Skill = (2,315,315,0,0,0,0,0,0,0,10,0,0,0,0)
Skill = (3,150,230,0,0,0,0,0,0,0,15,0,0,0,0)
Skill = (4,90,90,0,0,0,0,0,0,0,1,0,0,0,0)
Skill = (5,730,730,0,0,0,0,0,0,0,20,0,0,0,0)
Skill = (6,36,0,10,0,0,0,0,0,0,0,11778,1100,12109,100)
Skill = (7,53,0,10,0,0,0,0,0,0,0,18733,1100,19579,30)
Skill = (8,10,0,10,0,0,0,0,0,0,0,13,1200,50,50)
Skill = (9,12,0,10,0,0,0,0,0,0,0,154,1200,181,50)
Skill = (10,10,0,10,0,0,0,0,0,0,0,2,1200,50,50)
Skill = (11,12,0,10,0,0,0,0,0,0,0,125,1200,181,50)
Skill = (12,0,2147483647,0,0,0,0,0,0,0,0,0,1000,2147483647,2147483647)
Skill = (13,26,0,10,0,0,0,0,0,0,0,803,1100,810,20)
Skill = (14,0,1200,0,0,0,0,0,0,0,0,0,0,0,0)
Skill = (15,0,2147483647,0,0,0,0,0,0,0,0,0,1000,2147483647,2147483647)
Skill = (16,0,2147483647,0,0,0,0,0,0,0,0,0,1000,2147483647,2147483647)
Skill = (17,0,2147483647,0,0,0,0,0,0,0,0,0,50,2147483647,2147483647)
Skill = (18,0,2147483647,0,0,0,0,0,0,0,0,0,1000,2147483647,2147483647)
Skill = (19,0,2147483647,0,0,0,0,0,0,0,0,0,1000,2147483647,2147483647)
Skill = (20,0,2147483647,0,0,0,0,0,0,0,0,0,1000,2147483647,2147483647)
Skill = (21,0,2147483647,0,0,0,0,0,0,0,0,0,1000,2147483647,2147483647)
Skill = (22,100,100,0,0,0,0,0,120,120,0,0,0,0,0)
Skill = (23,0,2147483647,0,0,0,0,0,0,0,0,0,1000,2147483647,2147483647)
Skill = (24,0,2147483647,0,0,0,0,0,0,0,0,0,1000,2147483647,2147483647)

Spells      = {1,2,3,7,8,10,15,29,42,51}
QuestValues = {(17,1),(20,1),(21,1),(22,1),(23,1),(27,1),(58,1),(59,1),(60,1),(93,1),(94,1),(95,1),(96,1),(97,1),(98,1),(115,1),(121,1),(125,1),(126,1),(190,1),(191,1),(208,1),(226,1)}
Murders     = {1127682968,1128284394}
