ID              = 10147662
Name            = "Satie"
Race            = 1
Profession      = 0
OriginalOutfit  = 136-114-0-38-0
CurrentOutfit   = 136-114-0-38-0
LastLogin       = 1123527305
LastLogout      = 1123527309
StartPosition   = [32097,32219,7]
CurrentPosition = [32097,32219,7]
PlayerkillerEnd = 0

Skill = (0,3,0,1,0,0,0,0,0,0,1,242,0,400,100)
Skill = (1,0,0,0,0,0,0,0,0,0,0,0,3000,20,20)
Skill = (2,160,160,0,0,0,0,0,0,0,5,0,0,0,0)
Skill = (3,10,10,0,0,0,0,0,0,0,5,0,0,0,0)
Skill = (4,72,72,0,0,0,0,0,0,0,1,0,0,0,0)
Skill = (5,420,420,0,0,0,0,0,0,0,10,0,0,0,0)
Skill = (6,10,0,10,0,0,0,0,0,0,0,84,1500,100,100)
Skill = (7,10,0,10,0,0,0,0,0,0,0,13,2000,30,30)
Skill = (8,12,0,10,0,0,0,0,0,0,0,152,2000,350,50)
Skill = (9,11,0,10,0,0,0,0,0,0,0,99,2000,150,50)
Skill = (10,10,0,10,0,0,0,0,0,0,0,0,2000,50,50)
Skill = (11,10,0,10,0,0,0,0,0,0,0,11,1500,50,50)
Skill = (12,0,2147483647,0,0,0,0,0,0,0,0,0,1000,2147483647,2147483647)
Skill = (13,10,0,10,0,0,0,0,0,0,0,0,1100,20,20)
Skill = (14,0,1200,0,0,0,0,0,0,0,0,0,0,0,0)
Skill = (15,0,2147483647,0,0,0,0,0,0,0,0,0,1000,2147483647,2147483647)
Skill = (16,0,2147483647,0,0,0,0,0,0,0,0,0,1000,2147483647,2147483647)
Skill = (17,0,2147483647,0,0,0,0,0,3,3,0,0,50,2147483647,2147483647)
Skill = (18,0,2147483647,0,0,0,0,0,0,0,0,0,1000,2147483647,2147483647)
Skill = (19,0,2147483647,0,0,0,0,0,0,0,0,0,1000,2147483647,2147483647)
Skill = (20,0,2147483647,0,0,0,0,0,120,120,0,0,1000,2147483647,2147483647)
Skill = (21,0,2147483647,0,0,0,0,0,0,0,0,0,1000,2147483647,2147483647)
Skill = (22,200,200,0,0,0,0,0,0,0,0,0,0,0,0)
Skill = (23,0,2147483647,0,0,0,0,0,0,0,0,0,1000,2147483647,2147483647)
Skill = (24,0,2147483647,0,0,0,0,0,0,0,0,0,1000,2147483647,2147483647)

Spells      = {}
QuestValues = {(59,1)}
Murders     = {}
