ID              = 10342162
Name            = "Bous Smius"
Race            = 1
Profession      = 2
OriginalOutfit  = 130-78-69-58-76
CurrentOutfit   = 130-78-69-58-76
LastLogin       = 1131893820
LastLogout      = 1131894042
StartPosition   = [32360,31782,7]
CurrentPosition = [32508,31774,7]
PlayerkillerEnd = 0

Skill = (0,7,0,1,0,0,0,0,0,0,1,4127,0,4200,100)
Skill = (1,0,0,0,0,0,0,0,0,0,0,0,1400,20,20)
Skill = (2,175,175,0,0,0,0,0,0,0,10,0,0,0,0)
Skill = (3,20,20,0,0,0,0,0,0,0,15,0,0,0,0)
Skill = (4,76,76,0,0,0,0,0,0,0,1,0,0,0,0)
Skill = (5,450,450,0,0,0,0,0,0,0,20,0,0,0,0)
Skill = (6,18,0,10,0,0,0,0,0,0,0,1239,1100,1357,100)
Skill = (7,13,0,10,0,0,0,0,0,0,0,130,1100,139,30)
Skill = (8,13,0,10,0,0,0,0,0,0,0,229,1200,268,50)
Skill = (9,17,0,10,0,0,0,0,0,0,0,778,1200,824,50)
Skill = (10,10,0,10,0,0,0,0,0,0,0,0,1200,50,50)
Skill = (11,10,0,10,0,0,0,0,0,0,0,47,1200,50,50)
Skill = (12,0,2147483647,0,0,0,0,0,0,0,0,0,1000,2147483647,2147483647)
Skill = (13,10,0,10,0,0,0,0,0,0,0,0,1100,20,20)
Skill = (14,0,1200,0,0,0,312,0,0,0,0,0,0,0,0)
Skill = (15,0,2147483647,0,0,0,0,0,0,0,0,0,1000,2147483647,2147483647)
Skill = (16,0,2147483647,0,0,0,0,0,0,0,0,0,1000,2147483647,2147483647)
Skill = (17,0,2147483647,0,0,0,0,0,0,0,0,0,50,2147483647,2147483647)
Skill = (18,0,2147483647,0,0,0,0,0,0,0,0,0,1000,2147483647,2147483647)
Skill = (19,0,2147483647,0,0,0,0,0,0,0,0,0,1000,2147483647,2147483647)
Skill = (20,0,2147483647,0,0,0,0,0,0,0,0,0,1000,2147483647,2147483647)
Skill = (21,0,2147483647,0,0,0,0,0,0,0,0,0,1000,2147483647,2147483647)
Skill = (22,100,100,0,0,0,0,0,120,120,0,0,0,0,0)
Skill = (23,0,2147483647,0,0,0,0,0,0,0,0,0,1000,2147483647,2147483647)
Skill = (24,0,2147483647,0,0,0,0,0,0,0,0,0,1000,2147483647,2147483647)

Spells      = {}
QuestValues = {(35,1),(59,1),(224,1)}
Murders     = {}
