ID              = 10495262
Name            = "Jarksho"
Race            = 1
Profession      = 2
OriginalOutfit  = 128-114-114-114-114
CurrentOutfit   = 128-114-114-114-114
LastLogin       = 1131160256
LastLogout      = 1131160427
StartPosition   = [32732,31634,7]
CurrentPosition = [32679,31683,7]
PlayerkillerEnd = 1131849341

Skill = (0,9,0,1,0,0,0,0,0,0,1,7794,0,9300,100)
Skill = (1,3,0,0,0,0,0,0,0,0,0,127,1400,142,20)
Skill = (2,42,195,0,0,0,0,0,0,0,10,0,0,0,0)
Skill = (3,50,50,0,0,0,0,0,0,0,15,0,0,0,0)
Skill = (4,78,78,0,0,0,0,0,0,0,1,0,0,0,0)
Skill = (5,490,490,0,0,0,0,0,0,0,20,0,0,0,0)
Skill = (6,23,0,10,0,0,0,0,0,0,0,2750,1100,2797,100)
Skill = (7,32,0,10,0,0,0,0,0,0,0,2285,1100,2386,30)
Skill = (8,10,0,10,0,0,0,0,0,0,0,0,1200,50,50)
Skill = (9,17,0,10,0,0,0,0,0,0,0,807,1200,824,50)
Skill = (10,10,0,10,0,0,0,0,0,0,0,0,1200,50,50)
Skill = (11,14,0,10,0,0,0,0,0,0,0,275,1200,372,50)
Skill = (12,0,2147483647,0,0,0,0,0,0,0,0,0,1000,2147483647,2147483647)
Skill = (13,10,0,10,0,0,0,0,0,0,0,0,1100,20,20)
Skill = (14,0,1200,0,0,0,0,0,0,0,0,0,0,0,0)
Skill = (15,0,2147483647,0,0,0,0,0,0,0,0,0,1000,2147483647,2147483647)
Skill = (16,0,2147483647,0,0,0,0,0,0,0,0,0,1000,2147483647,2147483647)
Skill = (17,0,2147483647,0,0,0,0,0,0,0,0,0,50,2147483647,2147483647)
Skill = (18,0,2147483647,0,0,0,0,0,0,0,0,0,1000,2147483647,2147483647)
Skill = (19,0,2147483647,0,0,0,0,0,0,0,0,0,1000,2147483647,2147483647)
Skill = (20,0,2147483647,0,0,0,0,0,0,0,0,0,1000,2147483647,2147483647)
Skill = (21,0,2147483647,0,0,0,0,0,0,0,0,0,1000,2147483647,2147483647)
Skill = (22,100,100,0,0,0,0,0,0,0,0,0,0,0,0)
Skill = (23,0,2147483647,0,0,0,0,0,0,0,0,0,1000,2147483647,2147483647)
Skill = (24,0,2147483647,0,0,0,0,0,0,0,0,0,1000,2147483647,2147483647)

Spells      = {2,10,20,42,51}
QuestValues = {(20,1),(22,1),(23,1)}
Murders     = {1128765555,1129253180,1129255337,1129255504,1129255901,1129256173,1129257341}
