ID              = 10811062
Name            = "Lucky elo"
Race            = 1
Profession      = 1
OriginalOutfit  = 128-116-116-116-116
CurrentOutfit   = 128-116-116-116-116
LastLogin       = 1132139935
LastLogout      = 1132143900
StartPosition   = [32369,32241,7]
CurrentPosition = [32480,32288,11]
PlayerkillerEnd = 0

Skill = (0,20,0,1,0,0,0,0,0,0,1,113597,0,116000,100)
Skill = (1,3,0,0,0,0,0,0,0,0,0,729,3000,800,20)
Skill = (2,365,365,0,0,0,0,0,0,0,15,0,0,0,0)
Skill = (3,36,95,0,0,0,0,0,0,0,5,0,0,0,0)
Skill = (4,89,89,0,0,0,0,0,0,0,1,0,0,0,0)
Skill = (5,770,770,0,0,0,0,0,0,0,25,0,0,0,0)
Skill = (6,59,0,10,0,0,0,0,0,0,0,106713,1100,116390,100)
Skill = (7,10,0,10,0,0,0,0,0,0,0,10,1400,30,30)
Skill = (8,60,0,10,0,0,0,0,0,0,0,58604,1100,64064,50)
Skill = (9,11,0,10,0,0,0,0,0,0,0,50,1100,105,50)
Skill = (10,10,0,10,0,0,0,0,0,0,0,6,1100,50,50)
Skill = (11,10,0,10,0,0,0,0,0,0,0,9,1100,50,50)
Skill = (12,0,2147483647,0,0,0,0,0,0,0,0,0,1000,2147483647,2147483647)
Skill = (13,16,0,10,0,0,0,0,0,0,0,188,1100,189,20)
Skill = (14,0,1200,0,0,0,402,0,0,0,0,0,0,0,0)
Skill = (15,0,2147483647,0,0,0,5,0,44,83,0,0,1000,2147483647,2147483647)
Skill = (16,0,2147483647,0,0,0,0,0,0,0,0,0,1000,2147483647,2147483647)
Skill = (17,0,2147483647,0,0,0,0,0,0,0,0,0,50,2147483647,2147483647)
Skill = (18,0,2147483647,0,0,0,0,0,8,8,0,0,1000,2147483647,2147483647)
Skill = (19,0,2147483647,0,0,0,0,0,0,0,0,0,1000,2147483647,2147483647)
Skill = (20,0,2147483647,0,0,0,0,0,0,0,0,0,1000,2147483647,2147483647)
Skill = (21,0,2147483647,0,0,0,0,0,0,0,0,0,1000,2147483647,2147483647)
Skill = (22,100,100,0,0,0,1,0,84,120,0,0,0,0,0)
Skill = (23,0,2147483647,0,0,0,0,0,0,0,0,0,1000,2147483647,2147483647)
Skill = (24,0,2147483647,0,0,0,0,0,0,0,0,0,1000,2147483647,2147483647)

Spells      = {1,10,20,29}
QuestValues = {(20,1),(21,1),(22,1),(23,1),(32,1),(33,1),(37,1),(58,1),(59,1),(192,1)}
Murders     = {}
