ID              = 7955162
Name            = "Gollux Ravena"
Race            = 1
Profession      = 4
OriginalOutfit  = 133-79-79-0-0
CurrentOutfit   = 133-79-79-0-0
LastLogin       = 1131134396
LastLogout      = 1131134402
StartPosition   = [32369,32241,7]
CurrentPosition = [32373,32228,7]
PlayerkillerEnd = 0

Skill = (0,15,0,1,0,0,0,0,0,0,1,43080,0,47000,100)
Skill = (1,23,0,0,0,0,0,0,0,0,0,1677,1100,1769,20)
Skill = (2,220,220,0,0,0,0,0,0,0,5,0,0,0,0)
Skill = (3,194,245,0,0,0,0,0,0,0,30,0,0,0,0)
Skill = (4,84,84,0,0,0,0,0,0,0,1,0,0,0,0)
Skill = (5,540,540,0,0,0,0,0,0,0,10,0,0,0,0)
Skill = (6,20,0,10,0,0,0,0,0,0,0,16930,1500,17099,100)
Skill = (7,10,0,10,0,0,0,0,0,0,0,0,1800,30,30)
Skill = (8,10,0,10,0,0,0,0,0,0,0,14,1800,50,50)
Skill = (9,19,0,10,0,0,0,0,0,0,0,17401,1800,22252,50)
Skill = (10,10,0,10,0,0,0,0,0,0,0,0,1800,50,50)
Skill = (11,11,0,10,0,0,0,0,0,0,0,52,1500,125,50)
Skill = (12,0,2147483647,0,0,0,0,0,0,0,0,0,1000,2147483647,2147483647)
Skill = (13,39,0,10,0,0,0,0,0,0,0,3115,1100,3289,20)
Skill = (14,0,1200,0,0,0,0,0,0,0,0,0,0,0,0)
Skill = (15,0,2147483647,0,0,0,0,0,83,83,0,0,1000,2147483647,2147483647)
Skill = (16,0,2147483647,0,0,0,0,0,0,0,0,0,1000,2147483647,2147483647)
Skill = (17,0,2147483647,0,0,0,0,0,3,3,0,0,50,2147483647,2147483647)
Skill = (18,0,2147483647,0,0,0,0,0,0,0,0,0,1000,2147483647,2147483647)
Skill = (19,0,2147483647,0,0,0,0,0,0,0,0,0,1000,2147483647,2147483647)
Skill = (20,0,2147483647,0,0,0,0,0,0,0,0,0,1000,2147483647,2147483647)
Skill = (21,0,2147483647,0,0,0,0,0,0,0,0,0,1000,2147483647,2147483647)
Skill = (22,100,100,0,0,0,0,0,0,0,0,0,0,0,0)
Skill = (23,0,2147483647,0,0,0,0,0,0,0,0,0,1000,2147483647,2147483647)
Skill = (24,0,2147483647,0,0,0,0,0,0,0,0,0,1000,2147483647,2147483647)

Spells      = {1,4,5,7,10,20}
QuestValues = {(19,1),(20,1),(21,1),(22,1),(23,1),(25,1),(26,1),(27,1),(32,1),(33,1),(34,1),(84,1),(85,1),(86,1),(87,1),(99,1),(224,1),(254,1)}
Murders     = {}
