ID              = 8055762
Name            = "Heroe de Leyenda"
Race            = 1
Profession      = 12
OriginalOutfit  = 134-86-87-95-0
CurrentOutfit   = 134-86-87-95-0
LastLogin       = 1131714104
LastLogout      = 1131714115
StartPosition   = [32957,32076,7]
CurrentPosition = [32416,32261,6]
PlayerkillerEnd = 0

Skill = (0,37,0,1,0,0,0,0,0,0,1,740136,0,780700,100)
Skill = (1,15,0,0,0,0,0,0,0,0,0,7997,1400,10839,20)
Skill = (2,475,475,0,0,0,0,0,0,0,10,0,0,0,0)
Skill = (3,144,470,0,0,0,0,0,0,0,15,0,0,0,0)
Skill = (4,106,106,0,0,0,0,0,10,10,1,0,0,0,0)
Skill = (5,1050,1050,0,0,0,0,0,0,0,20,0,0,0,0)
Skill = (6,57,0,10,0,0,0,0,0,0,0,94526,1100,96017,100)
Skill = (7,73,0,10,0,0,0,0,0,0,0,121634,1100,133437,30)
Skill = (8,23,0,10,0,0,0,0,0,0,0,2511,1200,2959,50)
Skill = (9,11,0,10,0,0,0,0,0,0,0,64,1200,109,50)
Skill = (10,10,0,10,0,0,0,0,0,0,0,26,1200,50,50)
Skill = (11,28,0,10,0,0,0,0,0,0,0,7264,1200,7736,50)
Skill = (12,0,2147483647,0,0,0,0,0,0,0,0,0,1000,2147483647,2147483647)
Skill = (13,55,0,10,0,0,0,0,0,0,0,14709,1100,15835,20)
Skill = (14,0,1200,0,0,0,0,0,0,0,0,0,0,0,0)
Skill = (15,0,2147483647,0,0,0,0,0,83,83,0,0,1000,2147483647,2147483647)
Skill = (16,0,2147483647,0,0,0,0,0,200,200,0,0,1000,2147483647,2147483647)
Skill = (17,0,2147483647,0,0,0,0,0,3,3,0,0,50,2147483647,2147483647)
Skill = (18,0,2147483647,0,0,0,0,0,8,8,0,0,1000,2147483647,2147483647)
Skill = (19,0,2147483647,0,0,0,0,0,10,10,0,0,1000,2147483647,2147483647)
Skill = (20,0,2147483647,0,0,0,0,0,120,120,0,0,1000,2147483647,2147483647)
Skill = (21,0,2147483647,0,0,0,0,0,0,0,0,0,1000,2147483647,2147483647)
Skill = (22,200,200,0,0,0,0,0,15,15,0,0,0,0,0)
Skill = (23,0,2147483647,0,0,0,0,0,0,0,0,0,1000,2147483647,2147483647)
Skill = (24,0,2147483647,0,0,0,0,0,0,0,0,0,1000,2147483647,2147483647)

Spells      = {1,2,3,6,8,10,20,29,30,42,45,51,79,81,95}
QuestValues = {(17,1),(19,1),(20,1),(21,1),(22,1),(23,1),(27,1),(32,1),(33,1),(34,1),(37,1),(39,1),(59,1),(69,1),(72,1),(73,1),(74,1),(75,1),(88,1),(89,1),(90,1),(91,1),(92,1),(93,1),(94,1),(95,1),(96,1),(97,1),(98,1),(106,1),(107,1),(109,1),(115,1),(128,1),(135,1),(136,1),(137,1),(143,1),(145,1),(146,1),(147,1),(151,1),(152,1),(153,1),(179,1),(180,1),(190,1),(191,1),(222,1),(224,1),(227,5),(228,2),(229,3),(230,21),(231,2),(232,1),(233,10),(234,7),(235,1),(236,1),(237,1),(238,1),(239,1),(240,1),(241,1),(242,1),(243,1),(244,2),(245,2),(246,1),(247,1),(248,1),(249,5),(250,5),(251,3),(253,1),(257,1)}
Murders     = {}
