ID              = 8282162
Name            = "Pipirisnaiz"
Race            = 1
Profession      = 11
OriginalOutfit  = 137-59-95-114-59
CurrentOutfit   = 137-59-95-114-59
LastLogin       = 1132121194
LastLogout      = 1132121254
StartPosition   = [32369,32241,7]
CurrentPosition = [32679,31683,7]
PlayerkillerEnd = 0

Skill = (0,40,0,1,0,0,0,0,0,0,1,966770,0,992000,100)
Skill = (1,5,0,0,0,0,0,0,0,0,0,2549,3000,7280,20)
Skill = (2,665,665,0,0,0,0,0,0,0,15,0,0,0,0)
Skill = (3,81,195,0,0,0,0,0,0,0,5,0,0,0,0)
Skill = (4,109,109,0,0,0,0,0,0,0,1,0,0,0,0)
Skill = (5,1270,1270,0,0,0,0,0,0,0,25,0,0,0,0)
Skill = (6,62,0,10,0,0,0,0,0,0,0,143429,1100,155247,100)
Skill = (7,12,0,10,0,0,0,0,0,0,0,118,1400,130,30)
Skill = (8,64,0,10,0,0,0,0,0,0,0,91849,1100,94029,50)
Skill = (9,14,0,10,0,0,0,0,0,0,0,261,1100,305,50)
Skill = (10,10,0,10,0,0,0,0,0,0,0,42,1100,50,50)
Skill = (11,14,0,10,0,0,0,0,0,0,0,253,1100,305,50)
Skill = (12,0,2147483647,0,0,0,0,0,0,0,0,0,1000,2147483647,2147483647)
Skill = (13,33,0,10,0,0,0,0,0,0,0,1722,1100,1769,20)
Skill = (14,0,1200,0,0,0,0,0,0,0,0,0,0,0,0)
Skill = (15,0,2147483647,0,0,0,0,0,0,0,0,0,1000,2147483647,2147483647)
Skill = (16,0,2147483647,0,0,0,0,0,0,0,0,0,1000,2147483647,2147483647)
Skill = (17,0,2147483647,0,0,0,0,0,0,0,0,0,50,2147483647,2147483647)
Skill = (18,0,2147483647,0,0,0,0,0,0,0,0,0,1000,2147483647,2147483647)
Skill = (19,0,2147483647,0,0,0,0,0,0,0,0,0,1000,2147483647,2147483647)
Skill = (20,0,2147483647,0,0,0,0,0,120,120,0,0,1000,2147483647,2147483647)
Skill = (21,0,2147483647,0,0,0,0,0,0,0,0,0,1000,2147483647,2147483647)
Skill = (22,100,100,0,0,0,0,0,120,120,0,0,0,0,0)
Skill = (23,0,2147483647,0,0,0,0,0,0,0,0,0,1000,2147483647,2147483647)
Skill = (24,0,2147483647,0,0,0,0,0,0,0,0,0,1000,2147483647,2147483647)

Spells      = {1,6,10,20,29,76,80,81}
QuestValues = {(18,1),(46,1),(61,1),(72,1),(73,1),(74,1),(75,1),(77,1),(78,1),(86,1),(87,1),(88,1),(89,1),(90,1),(96,1),(97,1),(98,1),(100,1),(106,1),(107,1),(109,1),(111,1),(112,1),(115,1),(125,1),(126,1),(137,1),(151,1),(152,1),(153,1),(190,1),(191,1),(200,1),(201,1),(202,1),(208,1),(222,1),(254,1)}
Murders     = {}
