ID              = 8858162
Name            = "Alexdip"
Race            = 1
Profession      = 3
OriginalOutfit  = 128-39-86-0-0
CurrentOutfit   = 128-39-86-0-0
LastLogin       = 1132083246
LastLogout      = 1132083480
StartPosition   = [32732,31634,7]
CurrentPosition = [32639,31673,6]
PlayerkillerEnd = 0

Skill = (0,29,0,1,0,0,0,0,0,0,1,365918,0,368300,100)
Skill = (1,35,0,0,0,0,0,0,0,0,0,5931,1100,5982,20)
Skill = (2,290,290,0,0,0,0,0,0,0,5,0,0,0,0)
Skill = (3,522,665,0,0,0,0,0,0,0,30,0,0,0,0)
Skill = (4,98,98,0,0,0,0,0,0,0,1,0,0,0,0)
Skill = (5,680,680,0,0,0,0,0,0,0,10,0,0,0,0)
Skill = (6,18,0,10,0,0,0,0,0,0,0,6170,1500,7488,100)
Skill = (7,14,0,10,0,0,0,0,0,0,0,602,2000,930,30)
Skill = (8,10,0,10,0,0,0,0,0,0,0,17,2000,50,50)
Skill = (9,19,0,10,0,0,0,0,0,0,0,29879,2000,51150,50)
Skill = (10,10,0,10,0,0,0,0,0,0,0,0,2000,50,50)
Skill = (11,14,0,10,0,0,0,0,0,0,0,445,1500,659,50)
Skill = (12,0,2147483647,0,0,0,0,0,0,0,0,0,1000,2147483647,2147483647)
Skill = (13,42,0,10,0,0,0,0,0,0,0,4370,1100,4445,20)
Skill = (14,0,1200,0,0,0,0,0,0,0,0,0,0,0,0)
Skill = (15,0,2147483647,0,0,0,0,0,0,0,0,0,1000,2147483647,2147483647)
Skill = (16,0,2147483647,0,0,0,0,0,200,200,0,0,1000,2147483647,2147483647)
Skill = (17,0,2147483647,0,0,0,0,0,3,3,0,0,50,2147483647,2147483647)
Skill = (18,0,2147483647,0,0,0,0,0,8,8,0,0,1000,2147483647,2147483647)
Skill = (19,0,2147483647,0,0,0,0,0,0,0,0,0,1000,2147483647,2147483647)
Skill = (20,0,2147483647,0,0,0,0,0,0,0,0,0,1000,2147483647,2147483647)
Skill = (21,0,2147483647,0,0,0,0,0,200,200,0,0,1000,2147483647,2147483647)
Skill = (22,4,100,0,0,0,0,0,120,120,0,0,0,0,0)
Skill = (23,0,2147483647,0,0,0,0,0,0,0,0,0,1000,2147483647,2147483647)
Skill = (24,0,2147483647,0,0,0,0,0,0,0,0,0,1000,2147483647,2147483647)

Spells      = {1,3,7,8,9,10,13,16,18,20,21,29,44,45}
QuestValues = {(14,1),(15,1),(17,1),(20,1),(21,1),(22,1),(23,1),(32,1),(33,1),(34,1),(46,1),(52,1),(53,1),(54,1),(59,1),(67,1),(68,1),(69,1),(70,1),(71,1),(96,1),(97,1),(98,1),(99,1),(113,1),(114,1),(121,1),(125,1),(126,1),(153,1),(190,1),(191,1)}
Murders     = {1131056423}
