ID              = 8940862
Name            = "Bato-loco"
Race            = 1
Profession      = 1
OriginalOutfit  = 129-86-94-81-79
CurrentOutfit   = 129-86-94-81-79
LastLogin       = 1131850135
LastLogout      = 1131850231
StartPosition   = [32957,32076,7]
CurrentPosition = [32341,32230,7]
PlayerkillerEnd = 0

Skill = (0,18,0,1,0,0,0,0,0,0,1,73188,0,83400,100)
Skill = (1,3,0,0,0,0,0,0,0,0,0,316,3000,800,20)
Skill = (2,243,335,0,0,0,0,0,0,0,15,0,0,0,0)
Skill = (3,1,85,0,0,0,0,0,0,0,5,0,0,0,0)
Skill = (4,87,87,0,0,0,0,0,0,0,1,0,0,0,0)
Skill = (5,720,720,0,0,0,0,0,0,0,25,0,0,0,0)
Skill = (6,41,0,10,0,0,0,0,0,0,0,18530,1100,20113,100)
Skill = (7,10,0,10,0,0,0,0,0,0,0,18,1400,30,30)
Skill = (8,10,0,10,0,0,0,0,0,0,0,0,1100,50,50)
Skill = (9,43,0,10,0,0,0,0,0,0,0,11555,1100,12273,50)
Skill = (10,10,0,10,0,0,0,0,0,0,0,0,1100,50,50)
Skill = (11,10,0,10,0,0,0,0,0,0,0,35,1100,50,50)
Skill = (12,0,2147483647,0,0,0,0,0,0,0,0,0,1000,2147483647,2147483647)
Skill = (13,25,0,10,0,0,0,0,0,0,0,704,1100,718,20)
Skill = (14,0,1200,0,0,0,232,0,0,0,0,0,0,0,0)
Skill = (15,0,2147483647,0,0,0,0,0,0,0,0,0,1000,2147483647,2147483647)
Skill = (16,0,2147483647,0,0,0,0,0,0,0,0,0,1000,2147483647,2147483647)
Skill = (17,0,2147483647,0,0,0,0,0,0,0,0,0,50,2147483647,2147483647)
Skill = (18,0,2147483647,0,0,0,0,0,0,0,0,0,1000,2147483647,2147483647)
Skill = (19,0,2147483647,0,0,0,0,0,0,0,0,0,1000,2147483647,2147483647)
Skill = (20,0,2147483647,0,0,0,0,0,0,0,0,0,1000,2147483647,2147483647)
Skill = (21,0,2147483647,0,0,0,0,0,0,0,0,0,1000,2147483647,2147483647)
Skill = (22,100,100,0,0,0,0,0,0,0,0,0,0,0,0)
Skill = (23,0,2147483647,0,0,0,0,0,0,0,0,0,1000,2147483647,2147483647)
Skill = (24,0,2147483647,0,0,0,0,0,0,0,0,0,1000,2147483647,2147483647)

Spells      = {1,10,20,29}
QuestValues = {(20,1),(21,1),(22,1),(23,1),(32,1),(33,1),(34,1),(55,1),(59,1),(93,1),(94,1),(95,1),(96,1),(97,1),(99,1),(100,1),(106,1),(107,1),(140,1),(141,1)}
Murders     = {}
