ID              = 9463162
Name            = "Master Teko"
Race            = 1
Profession      = 3
OriginalOutfit  = 134-4-129-114-114
CurrentOutfit   = 134-4-129-114-114
LastLogin       = 1131804824
LastLogout      = 1131804837
StartPosition   = [32360,31782,7]
CurrentPosition = [32336,31784,7]
PlayerkillerEnd = 1133568832

Skill = (0,10,0,1,0,0,0,0,0,0,1,10783,0,13000,100)
Skill = (1,10,0,0,0,0,0,0,0,0,0,364,1100,370,20)
Skill = (2,63,195,0,0,0,0,0,0,0,5,0,0,0,0)
Skill = (3,15,95,0,0,0,0,0,0,0,30,0,0,0,0)
Skill = (4,79,79,0,0,0,0,0,0,0,1,0,0,0,0)
Skill = (5,490,490,0,0,0,0,0,0,0,10,0,0,0,0)
Skill = (6,17,0,10,0,0,0,0,0,0,0,3779,1500,4925,100)
Skill = (7,10,0,10,0,0,0,0,0,0,0,4,2000,30,30)
Skill = (8,10,0,10,0,0,0,0,0,0,0,34,2000,50,50)
Skill = (9,16,0,10,0,0,0,0,0,0,0,3466,2000,6350,50)
Skill = (10,10,0,10,0,0,0,0,0,0,0,18,2000,50,50)
Skill = (11,10,0,10,0,0,0,0,0,0,0,20,1500,50,50)
Skill = (12,0,2147483647,0,0,0,0,0,0,0,0,0,1000,2147483647,2147483647)
Skill = (13,26,0,10,0,0,0,0,0,0,0,774,1100,810,20)
Skill = (14,0,1200,0,0,0,0,0,0,0,0,0,0,0,0)
Skill = (15,0,2147483647,0,0,0,0,0,0,0,0,0,1000,2147483647,2147483647)
Skill = (16,0,2147483647,0,0,0,0,0,0,0,0,0,1000,2147483647,2147483647)
Skill = (17,0,2147483647,0,0,0,0,0,0,0,0,0,50,2147483647,2147483647)
Skill = (18,0,2147483647,0,0,0,0,0,0,0,0,0,1000,2147483647,2147483647)
Skill = (19,0,2147483647,0,0,0,0,0,0,0,0,0,1000,2147483647,2147483647)
Skill = (20,0,2147483647,0,0,0,0,0,0,0,0,0,1000,2147483647,2147483647)
Skill = (21,0,2147483647,0,0,0,0,0,0,0,0,0,1000,2147483647,2147483647)
Skill = (22,64,100,0,0,0,0,0,0,0,0,0,0,0,0)
Skill = (23,0,2147483647,0,0,0,0,0,0,0,0,0,1000,2147483647,2147483647)
Skill = (24,0,2147483647,0,0,0,0,0,0,0,0,0,1000,2147483647,2147483647)

Spells      = {2,3,8,10,18,19,20,27,29,44}
QuestValues = {(18,1),(20,1),(21,1),(22,1),(23,1),(24,1),(32,1),(33,1),(34,1),(35,1)}
Murders     = {1130625076,1130626639,1130973416,1130974402,1130976366,1130976832}
