ID              = 10226154
Name            = "Blin Blin"
Race            = 1
Profession      = 3
OriginalOutfit  = 130-78-114-97-0
CurrentOutfit   = 130-78-114-97-0
LastLogin       = 1131918274
LastLogout      = 1131918349
StartPosition   = [32732,31634,7]
CurrentPosition = [32679,31687,7]
PlayerkillerEnd = 1134361097

Skill = (0,25,0,1,0,0,0,0,0,0,1,216820,0,232500,100)
Skill = (1,28,0,0,0,0,0,0,0,0,0,2851,1100,2972,20)
Skill = (2,270,270,0,0,0,0,0,0,0,5,0,0,0,0)
Skill = (3,545,545,0,0,0,0,0,0,0,30,0,0,0,0)
Skill = (4,94,94,0,0,0,0,0,0,0,1,0,0,0,0)
Skill = (5,640,640,0,0,0,0,0,0,0,10,0,0,0,0)
Skill = (6,23,0,10,0,0,0,0,0,0,0,38830,1500,58185,100)
Skill = (7,10,0,10,0,0,0,0,0,0,0,0,2000,30,30)
Skill = (8,15,0,10,0,0,0,0,0,0,0,2003,2000,3150,50)
Skill = (9,19,0,10,0,0,0,0,0,0,0,29382,2000,51150,50)
Skill = (10,10,0,10,0,0,0,0,0,0,0,0,2000,50,50)
Skill = (11,11,0,10,0,0,0,0,0,0,0,52,1500,125,50)
Skill = (12,0,2147483647,0,0,0,0,0,0,0,0,0,1000,2147483647,2147483647)
Skill = (13,32,0,10,0,0,0,0,0,0,0,1491,1100,1590,20)
Skill = (14,0,1200,0,0,0,0,0,0,0,0,0,0,0,0)
Skill = (15,0,2147483647,0,0,0,0,0,0,0,0,0,1000,2147483647,2147483647)
Skill = (16,0,2147483647,0,0,0,0,0,0,0,0,0,1000,2147483647,2147483647)
Skill = (17,0,2147483647,0,0,0,0,0,0,0,0,0,50,2147483647,2147483647)
Skill = (18,0,2147483647,0,0,0,0,0,0,0,0,0,1000,2147483647,2147483647)
Skill = (19,0,2147483647,0,0,0,0,0,0,0,0,0,1000,2147483647,2147483647)
Skill = (20,0,2147483647,0,0,0,0,0,0,0,0,0,1000,2147483647,2147483647)
Skill = (21,0,2147483647,0,0,0,0,0,0,0,0,0,1000,2147483647,2147483647)
Skill = (22,96,100,0,0,0,0,0,0,0,0,0,0,0,0)
Skill = (23,0,2147483647,0,0,0,0,0,0,0,0,0,1000,2147483647,2147483647)
Skill = (24,0,2147483647,0,0,0,0,0,0,0,0,0,1000,2147483647,2147483647)

Spells      = {2,3,8,9,10,16,17,18,20,21,29,45}
QuestValues = {(67,1),(71,1),(96,1),(97,1),(98,1),(190,1),(191,1)}
Murders     = {1130196364,1131256721,1131257981,1131759116,1131768933,1131769097}
