ID              = 8062154
Name            = "Cristiano Ferro"
Race            = 1
Profession      = 2
OriginalOutfit  = 129-0-0-0-114
CurrentOutfit   = 129-0-0-0-114
LastLogin       = 1132008051
LastLogout      = 1132008059
StartPosition   = [32957,32076,7]
CurrentPosition = [32919,32072,7]
PlayerkillerEnd = 0

Skill = (0,27,0,1,0,0,0,0,0,0,1,264210,0,295200,100)
Skill = (1,11,0,0,0,0,0,0,0,0,0,2238,1400,2784,20)
Skill = (2,375,375,0,0,0,0,0,0,0,10,0,0,0,0)
Skill = (3,219,320,0,0,0,0,0,0,0,15,0,0,0,0)
Skill = (4,96,96,0,0,0,0,0,0,0,1,0,0,0,0)
Skill = (5,850,850,0,0,0,0,0,0,0,20,0,0,0,0)
Skill = (6,42,0,10,0,0,0,0,0,0,0,21391,1100,22225,100)
Skill = (7,61,0,10,0,0,0,0,0,0,0,38940,1100,42312,30)
Skill = (8,10,0,10,0,0,0,0,0,0,0,48,1200,50,50)
Skill = (9,17,0,10,0,0,0,0,0,0,0,728,1200,824,50)
Skill = (10,10,0,10,0,0,0,0,0,0,0,19,1200,50,50)
Skill = (11,17,0,10,0,0,0,0,0,0,0,756,1200,824,50)
Skill = (12,0,2147483647,0,0,0,0,0,0,0,0,0,1000,2147483647,2147483647)
Skill = (13,33,0,10,0,0,0,0,0,0,0,1734,1100,1769,20)
Skill = (14,0,1200,0,0,0,0,0,0,0,0,0,0,0,0)
Skill = (15,0,2147483647,0,0,0,0,0,83,83,0,0,1000,2147483647,2147483647)
Skill = (16,0,2147483647,0,0,0,0,0,0,0,0,0,1000,2147483647,2147483647)
Skill = (17,0,2147483647,0,0,0,0,0,3,3,0,0,50,2147483647,2147483647)
Skill = (18,0,2147483647,0,0,0,0,0,8,8,0,0,1000,2147483647,2147483647)
Skill = (19,0,2147483647,0,0,0,0,0,10,10,0,0,1000,2147483647,2147483647)
Skill = (20,0,2147483647,0,0,0,0,0,0,0,0,0,1000,2147483647,2147483647)
Skill = (21,0,2147483647,0,0,0,0,0,0,0,0,0,1000,2147483647,2147483647)
Skill = (22,100,100,0,0,0,0,0,120,120,0,0,0,0,0)
Skill = (23,0,2147483647,0,0,0,0,0,0,0,0,0,1000,2147483647,2147483647)
Skill = (24,0,2147483647,0,0,0,0,0,0,0,0,0,1000,2147483647,2147483647)

Spells      = {2,3,8,10,29,51}
QuestValues = {(18,1),(20,1),(21,1),(22,1),(23,1),(33,1),(59,1),(93,1),(94,1),(115,1),(116,1),(117,1),(118,1),(121,1),(153,1),(190,1),(191,1),(213,1),(214,1),(215,1),(226,1)}
Murders     = {}
