ID              = 8091954
Name            = "Juris"
Race            = 1
Profession      = 1
OriginalOutfit  = 134-104-88-88-88
CurrentOutfit   = 134-104-88-88-88
LastLogin       = 1129615917
LastLogout      = 1129615943
StartPosition   = [33213,32454,1]
CurrentPosition = [33214,32454,1]
PlayerkillerEnd = 0

Skill = (0,9,0,1,0,0,0,0,0,0,1,8181,0,9300,100)
Skill = (1,1,0,0,0,0,0,0,0,0,0,38,3000,80,20)
Skill = (2,200,200,0,0,0,0,0,0,0,15,0,0,0,0)
Skill = (3,40,40,0,0,0,0,0,0,0,5,0,0,0,0)
Skill = (4,78,78,0,0,0,0,0,0,0,1,0,0,0,0)
Skill = (5,495,495,0,0,0,0,0,0,0,25,0,0,0,0)
Skill = (6,29,0,10,0,0,0,0,0,0,0,5393,1100,5727,100)
Skill = (7,10,0,10,0,0,0,0,0,0,0,3,1400,30,30)
Skill = (8,10,0,10,0,0,0,0,0,0,0,0,1100,50,50)
Skill = (9,14,0,10,0,0,0,0,0,0,0,271,1100,305,50)
Skill = (10,32,0,10,0,0,0,0,0,0,0,3593,1100,3977,50)
Skill = (11,10,0,10,0,0,0,0,0,0,0,49,1100,50,50)
Skill = (12,0,2147483647,0,0,0,0,0,0,0,0,0,1000,2147483647,2147483647)
Skill = (13,10,0,10,0,0,0,0,0,0,0,0,1100,20,20)
Skill = (14,0,1200,0,0,0,0,0,0,0,0,0,0,0,0)
Skill = (15,0,2147483647,0,0,0,0,0,0,0,0,0,1000,2147483647,2147483647)
Skill = (16,0,2147483647,0,0,0,0,0,0,0,0,0,1000,2147483647,2147483647)
Skill = (17,0,2147483647,0,0,0,0,0,0,0,0,0,50,2147483647,2147483647)
Skill = (18,0,2147483647,0,0,0,0,0,0,0,0,0,1000,2147483647,2147483647)
Skill = (19,0,2147483647,0,0,0,0,0,0,0,0,0,1000,2147483647,2147483647)
Skill = (20,0,2147483647,0,0,0,0,0,0,0,0,0,1000,2147483647,2147483647)
Skill = (21,0,2147483647,0,0,0,0,0,0,0,0,0,1000,2147483647,2147483647)
Skill = (22,100,100,0,0,0,0,0,0,0,0,0,0,0,0)
Skill = (23,0,2147483647,0,0,0,0,0,0,0,0,0,1000,2147483647,2147483647)
Skill = (24,0,2147483647,0,0,0,0,0,0,0,0,0,1000,2147483647,2147483647)

Spells      = {1,10}
QuestValues = {(86,1),(87,1)}
Murders     = {}
