ID              = 9013954
Name            = "Larxter"
Race            = 1
Profession      = 4
OriginalOutfit  = 129-0-0-94-94
CurrentOutfit   = 129-0-0-94-94
LastLogin       = 1132069385
LastLogout      = 1132069396
StartPosition   = [32649,31925,11]
CurrentPosition = [32656,31907,8]
PlayerkillerEnd = 0

Skill = (0,8,0,1,0,0,0,0,0,0,1,4308,0,6400,100)
Skill = (1,0,0,0,0,0,0,0,0,0,0,0,1100,20,20)
Skill = (2,58,185,0,0,0,0,0,0,0,5,0,0,0,0)
Skill = (3,-40,-40,0,0,0,0,0,0,0,30,0,0,0,0)
Skill = (4,77,77,0,0,0,0,0,0,0,1,0,0,0,0)
Skill = (5,470,470,0,0,0,0,0,0,0,10,0,0,0,0)
Skill = (6,16,0,10,0,0,0,0,0,0,0,2439,1500,3217,100)
Skill = (7,10,0,10,0,0,0,0,0,0,0,25,1800,30,30)
Skill = (8,15,0,10,0,0,0,0,0,0,0,1254,1800,2063,50)
Skill = (9,11,0,10,0,0,0,0,0,0,0,89,1800,140,50)
Skill = (10,10,0,10,0,0,0,0,0,0,0,18,1800,50,50)
Skill = (11,10,0,10,0,0,0,0,0,0,0,5,1500,50,50)
Skill = (12,0,2147483647,0,0,0,0,0,0,0,0,0,1000,2147483647,2147483647)
Skill = (13,12,0,10,0,0,0,0,0,0,0,57,1100,66,20)
Skill = (14,0,1200,0,0,0,0,0,0,0,0,0,0,0,0)
Skill = (15,0,2147483647,0,0,0,0,0,0,0,0,0,1000,2147483647,2147483647)
Skill = (16,0,2147483647,0,0,0,0,0,0,0,0,0,1000,2147483647,2147483647)
Skill = (17,0,2147483647,0,0,0,0,0,0,0,0,0,50,2147483647,2147483647)
Skill = (18,0,2147483647,0,0,0,0,0,0,0,0,0,1000,2147483647,2147483647)
Skill = (19,0,2147483647,0,0,0,0,0,0,0,0,0,1000,2147483647,2147483647)
Skill = (20,0,2147483647,0,0,0,0,0,0,0,0,0,1000,2147483647,2147483647)
Skill = (21,0,2147483647,0,0,0,0,0,0,0,0,0,1000,2147483647,2147483647)
Skill = (22,100,100,0,0,0,0,0,0,0,0,0,0,0,0)
Skill = (23,0,2147483647,0,0,0,0,0,0,0,0,0,1000,2147483647,2147483647)
Skill = (24,0,2147483647,0,0,0,0,0,0,0,0,0,1000,2147483647,2147483647)

Spells      = {}
QuestValues = {(17,1),(18,1),(20,1),(21,1),(22,1),(23,1),(24,1),(28,1),(29,1),(30,1),(35,1),(59,1),(115,1),(224,1)}
Murders     = {}
