ID              = 9235654
Name            = "Jedijin"
Race            = 1
Profession      = 3
OriginalOutfit  = 129-59-119-114-119
CurrentOutfit   = 129-59-119-114-119
LastLogin       = 1130508471
LastLogout      = 1130508635
StartPosition   = [32360,31782,7]
CurrentPosition = [32701,32037,7]
PlayerkillerEnd = 0

Skill = (0,11,0,1,0,0,0,0,0,0,1,15404,0,17600,100)
Skill = (1,8,0,0,0,0,0,0,0,0,0,243,1100,271,20)
Skill = (2,182,200,0,0,0,0,0,0,0,5,0,0,0,0)
Skill = (3,57,125,0,0,0,0,0,0,0,30,0,0,0,0)
Skill = (4,80,80,0,0,0,0,0,0,0,1,0,0,0,0)
Skill = (5,500,500,0,0,0,0,0,0,0,10,0,0,0,0)
Skill = (6,16,0,10,0,0,0,0,0,0,0,2147,1500,3217,100)
Skill = (7,10,0,10,0,0,0,0,0,0,0,9,2000,30,30)
Skill = (8,16,0,10,0,0,0,0,0,0,0,4164,2000,6350,50)
Skill = (9,11,0,10,0,0,0,0,0,0,0,113,2000,150,50)
Skill = (10,14,0,10,0,0,0,0,0,0,0,1014,2000,1550,50)
Skill = (11,10,0,10,0,0,0,0,0,0,0,1,1500,50,50)
Skill = (12,0,2147483647,0,0,0,0,0,0,0,0,0,1000,2147483647,2147483647)
Skill = (13,12,0,10,0,0,0,0,0,0,0,64,1100,66,20)
Skill = (14,0,1200,0,0,0,0,0,0,0,0,0,0,0,0)
Skill = (15,0,2147483647,0,0,0,0,0,83,83,0,0,1000,2147483647,2147483647)
Skill = (16,0,2147483647,0,0,0,0,0,0,0,0,0,1000,2147483647,2147483647)
Skill = (17,0,2147483647,0,0,0,0,0,0,0,0,0,50,2147483647,2147483647)
Skill = (18,0,2147483647,0,0,0,0,0,0,0,0,0,1000,2147483647,2147483647)
Skill = (19,0,2147483647,0,0,0,0,0,0,0,0,0,1000,2147483647,2147483647)
Skill = (20,0,2147483647,0,0,0,0,0,0,0,0,0,1000,2147483647,2147483647)
Skill = (21,0,2147483647,0,0,0,0,0,0,0,0,0,1000,2147483647,2147483647)
Skill = (22,96,100,0,0,0,0,0,120,120,0,0,0,0,0)
Skill = (23,0,2147483647,0,0,0,0,0,0,0,0,0,1000,2147483647,2147483647)
Skill = (24,0,2147483647,0,0,0,0,0,0,0,0,0,1000,2147483647,2147483647)

Spells      = {8,10,27}
QuestValues = {(18,1),(19,1),(20,1),(35,1),(59,1),(223,1)}
Murders     = {}
