ID              = 9651154
Name            = "Vannesteroy Steban"
Race            = 1
Profession      = 3
OriginalOutfit  = 128-88-88-88-88
CurrentOutfit   = 128-88-88-88-88
LastLogin       = 1131999914
LastLogout      = 1132000540
StartPosition   = [32957,32076,7]
CurrentPosition = [32914,32232,7]
PlayerkillerEnd = 0

Skill = (0,16,0,1,0,0,0,0,0,0,1,56534,0,57600,100)
Skill = (1,19,0,0,0,0,0,0,0,0,0,1070,1100,1145,20)
Skill = (2,225,225,0,0,0,0,0,0,0,5,0,0,0,0)
Skill = (3,115,275,0,0,0,0,0,0,0,30,0,0,0,0)
Skill = (4,85,85,0,0,0,0,0,0,0,1,0,0,0,0)
Skill = (5,550,550,0,0,0,0,0,0,0,10,0,0,0,0)
Skill = (6,21,0,10,0,0,0,0,0,0,0,17880,1500,25749,100)
Skill = (7,10,0,10,0,0,0,0,0,0,0,17,2000,30,30)
Skill = (8,15,0,10,0,0,0,0,0,0,0,2281,2000,3150,50)
Skill = (9,18,0,10,0,0,0,0,0,0,0,13225,2000,25550,50)
Skill = (10,14,0,10,0,0,0,0,0,0,0,1103,2000,1550,50)
Skill = (11,11,0,10,0,0,0,0,0,0,0,82,1500,125,50)
Skill = (12,0,2147483647,0,0,0,0,0,0,0,0,0,1000,2147483647,2147483647)
Skill = (13,14,0,10,0,0,0,0,0,0,0,106,1100,122,20)
Skill = (14,0,1200,0,0,0,442,0,0,0,0,0,0,0,0)
Skill = (15,0,2147483647,0,0,0,3,0,5,83,0,0,1000,2147483647,2147483647)
Skill = (16,0,2147483647,0,0,0,0,0,0,0,0,0,1000,2147483647,2147483647)
Skill = (17,0,2147483647,0,0,0,0,0,0,0,0,0,50,2147483647,2147483647)
Skill = (18,0,2147483647,0,0,0,0,0,0,0,0,0,1000,2147483647,2147483647)
Skill = (19,0,2147483647,0,0,0,0,0,0,0,0,0,1000,2147483647,2147483647)
Skill = (20,0,2147483647,0,0,0,0,0,0,0,0,0,1000,2147483647,2147483647)
Skill = (21,0,2147483647,0,0,0,0,0,0,0,0,0,1000,2147483647,2147483647)
Skill = (22,98,100,0,0,0,1,0,78,120,0,0,0,0,0)
Skill = (23,0,2147483647,0,0,0,0,0,0,0,0,0,1000,2147483647,2147483647)
Skill = (24,0,2147483647,0,0,0,0,0,0,0,0,0,1000,2147483647,2147483647)

Spells      = {1,2,3,7,8,9,10,13,16,20,25,29,30,44}
QuestValues = {(19,1),(20,1),(21,1),(22,1),(23,1),(32,1),(33,1),(34,1),(35,1),(59,1),(99,1),(223,1),(224,1)}
Murders     = {}
