ID              = 10678679
Name            = "Grim Reapir"
Race            = 1
Profession      = 2
OriginalOutfit  = 128-0-114-0-114
CurrentOutfit   = 128-0-114-0-114
LastLogin       = 1131881546
LastLogout      = 1131881660
StartPosition   = [32360,31782,7]
CurrentPosition = [32341,31785,7]
PlayerkillerEnd = 0

Skill = (0,9,0,1,0,0,0,0,0,0,1,9294,0,9300,100)
Skill = (1,5,0,0,0,0,0,0,0,0,0,255,1400,326,20)
Skill = (2,195,195,0,0,0,0,0,0,0,10,0,0,0,0)
Skill = (3,50,50,0,0,0,0,0,0,0,15,0,0,0,0)
Skill = (4,78,78,0,0,0,0,0,0,0,1,0,0,0,0)
Skill = (5,490,490,0,0,0,0,0,0,0,20,0,0,0,0)
Skill = (6,16,0,10,0,0,0,0,0,0,0,841,1100,948,100)
Skill = (7,32,0,10,0,0,0,0,0,0,0,2240,1100,2386,30)
Skill = (8,15,0,10,0,0,0,0,0,0,0,435,1200,496,50)
Skill = (9,10,0,10,0,0,0,0,0,0,0,20,1200,50,50)
Skill = (10,13,0,10,0,0,0,0,0,0,0,234,1200,268,50)
Skill = (11,14,0,10,0,0,0,0,0,0,0,284,1200,372,50)
Skill = (12,0,2147483647,0,0,0,0,0,0,0,0,0,1000,2147483647,2147483647)
Skill = (13,10,0,10,0,0,0,0,0,0,0,0,1100,20,20)
Skill = (14,0,1200,0,0,0,0,0,0,0,0,0,0,0,0)
Skill = (15,0,2147483647,0,0,0,0,0,0,0,0,0,1000,2147483647,2147483647)
Skill = (16,0,2147483647,0,0,0,0,0,0,0,0,0,1000,2147483647,2147483647)
Skill = (17,0,2147483647,0,0,0,0,0,0,0,0,0,50,2147483647,2147483647)
Skill = (18,0,2147483647,0,0,0,0,0,0,0,0,0,1000,2147483647,2147483647)
Skill = (19,0,2147483647,0,0,0,0,0,0,0,0,0,1000,2147483647,2147483647)
Skill = (20,0,2147483647,0,0,0,0,0,0,0,0,0,1000,2147483647,2147483647)
Skill = (21,0,2147483647,0,0,0,0,0,0,0,0,0,1000,2147483647,2147483647)
Skill = (22,100,100,0,0,0,0,0,0,0,0,0,0,0,0)
Skill = (23,0,2147483647,0,0,0,0,0,0,0,0,0,1000,2147483647,2147483647)
Skill = (24,0,2147483647,0,0,0,0,0,0,0,0,0,1000,2147483647,2147483647)

Spells      = {42,51}
QuestValues = {(35,1),(59,1)}
Murders     = {}
