ID              = 7945279
Name            = "Peter Deimos"
Race            = 1
Profession      = 2
OriginalOutfit  = 133-114-96-0-96
CurrentOutfit   = 133-114-96-0-96
LastLogin       = 1131843502
LastLogout      = 1131843509
StartPosition   = [32369,32241,7]
CurrentPosition = [32345,32226,7]
PlayerkillerEnd = 0

Skill = (0,9,0,1,0,0,0,0,0,0,1,7227,0,9300,100)
Skill = (1,4,0,0,0,0,0,0,0,0,0,199,1400,218,20)
Skill = (2,195,195,0,0,0,0,0,0,0,10,0,0,0,0)
Skill = (3,0,50,0,0,0,0,0,0,0,15,0,0,0,0)
Skill = (4,78,78,0,0,0,0,0,0,0,1,0,0,0,0)
Skill = (5,490,490,0,0,0,0,0,0,0,20,0,0,0,0)
Skill = (6,31,0,10,0,0,0,0,0,0,0,6474,1100,7140,100)
Skill = (7,38,0,10,0,0,0,0,0,0,0,4385,1100,4458,30)
Skill = (8,16,0,10,0,0,0,0,0,0,0,562,1200,645,50)
Skill = (9,12,0,10,0,0,0,0,0,0,0,176,1200,181,50)
Skill = (10,10,0,10,0,0,0,0,0,0,0,0,1200,50,50)
Skill = (11,12,0,10,0,0,0,0,0,0,0,119,1200,181,50)
Skill = (12,0,2147483647,0,0,0,0,0,0,0,0,0,1000,2147483647,2147483647)
Skill = (13,26,0,10,0,0,0,0,0,0,0,793,1100,810,20)
Skill = (14,0,1200,0,0,0,0,0,0,0,0,0,0,0,0)
Skill = (15,0,2147483647,0,0,0,0,0,0,0,0,0,1000,2147483647,2147483647)
Skill = (16,0,2147483647,0,0,0,0,0,0,0,0,0,1000,2147483647,2147483647)
Skill = (17,0,2147483647,0,0,0,0,0,0,0,0,0,50,2147483647,2147483647)
Skill = (18,0,2147483647,0,0,0,0,0,0,0,0,0,1000,2147483647,2147483647)
Skill = (19,0,2147483647,0,0,0,0,0,0,0,0,0,1000,2147483647,2147483647)
Skill = (20,0,2147483647,0,0,0,0,0,0,0,0,0,1000,2147483647,2147483647)
Skill = (21,0,2147483647,0,0,0,0,0,0,0,0,0,1000,2147483647,2147483647)
Skill = (22,100,100,0,0,0,0,0,0,0,0,0,0,0,0)
Skill = (23,0,2147483647,0,0,0,0,0,0,0,0,0,1000,2147483647,2147483647)
Skill = (24,0,2147483647,0,0,0,0,0,0,0,0,0,1000,2147483647,2147483647)

Spells      = {1,10,29,42,51}
QuestValues = {(17,1),(18,1),(20,1),(21,1),(22,1),(23,1),(27,1),(31,1),(32,1),(33,1),(34,1),(37,1),(59,1),(60,1),(61,1),(87,1),(100,1),(106,1),(107,1),(223,1),(224,1)}
Murders     = {}
