ID              = 8333879
Name            = "Cara de chango"
Race            = 1
Profession      = 4
OriginalOutfit  = 134-0-94-88-77
CurrentOutfit   = 134-0-94-88-77
LastLogin       = 1132099038
LastLogout      = 1132099442
StartPosition   = [32369,32241,7]
CurrentPosition = [32200,32342,9]
PlayerkillerEnd = 0

Skill = (0,22,0,1,0,0,0,0,0,0,1,147506,0,156200,100)
Skill = (1,25,0,0,0,0,0,0,0,0,0,2042,1100,2183,20)
Skill = (2,233,255,0,0,0,0,0,0,0,5,0,0,0,0)
Skill = (3,80,455,0,0,0,0,0,0,0,30,0,0,0,0)
Skill = (4,91,91,0,0,0,0,0,0,0,1,0,0,0,0)
Skill = (5,610,610,0,0,0,0,0,0,0,10,0,0,0,0)
Skill = (6,21,0,10,0,0,0,0,0,0,0,21665,1500,25749,100)
Skill = (7,10,0,10,0,0,0,0,0,0,0,4,1800,30,30)
Skill = (8,10,0,10,0,0,0,0,0,0,0,0,1800,50,50)
Skill = (9,19,0,10,0,0,0,0,0,0,0,20449,1800,22252,50)
Skill = (10,10,0,10,0,0,0,0,0,0,0,0,1800,50,50)
Skill = (11,11,0,10,0,0,0,0,0,0,0,54,1500,125,50)
Skill = (12,0,2147483647,0,0,0,0,0,0,0,0,0,1000,2147483647,2147483647)
Skill = (13,27,0,10,0,0,0,0,0,0,0,825,1100,911,20)
Skill = (14,0,1200,0,0,0,1001,0,0,0,0,0,0,0,0)
Skill = (15,0,2147483647,0,0,0,0,0,83,83,0,0,1000,2147483647,2147483647)
Skill = (16,0,2147483647,0,0,0,0,0,0,0,0,0,1000,2147483647,2147483647)
Skill = (17,0,2147483647,0,0,0,0,0,3,3,0,0,50,2147483647,2147483647)
Skill = (18,0,2147483647,0,0,0,0,0,8,8,0,0,1000,2147483647,2147483647)
Skill = (19,0,2147483647,0,0,0,0,0,0,0,0,0,1000,2147483647,2147483647)
Skill = (20,0,2147483647,0,0,0,0,0,0,0,0,0,1000,2147483647,2147483647)
Skill = (21,0,2147483647,0,0,0,0,0,0,0,0,0,1000,2147483647,2147483647)
Skill = (22,76,100,0,0,0,2,0,4,120,0,0,0,0,0)
Skill = (23,0,2147483647,0,0,0,0,0,0,0,0,0,1000,2147483647,2147483647)
Skill = (24,0,2147483647,0,0,0,0,0,0,0,0,0,1000,2147483647,2147483647)

Spells      = {2,3,5,6,8,9,10,17,29,76,81,88}
QuestValues = {(20,1),(21,1),(22,1),(23,1),(37,1),(59,1),(84,1),(85,1),(190,1),(191,1)}
Murders     = {1131214619}
