ID              = 8568179
Name            = "Samuel Airow"
Race            = 1
Profession      = 4
OriginalOutfit  = 130-114-114-114-114
CurrentOutfit   = 130-114-114-114-114
LastLogin       = 1124820117
LastLogout      = 1124820951
StartPosition   = [32360,31782,7]
CurrentPosition = [32343,31784,8]
PlayerkillerEnd = 0

Skill = (0,18,0,1,0,0,0,0,0,0,1,81331,0,83400,100)
Skill = (1,24,0,0,0,0,0,0,0,0,0,1856,1100,1966,20)
Skill = (2,235,235,0,0,0,0,0,0,0,5,0,0,0,0)
Skill = (3,335,335,0,0,0,0,0,0,0,30,0,0,0,0)
Skill = (4,87,87,0,0,0,0,0,0,0,1,0,0,0,0)
Skill = (5,570,570,0,0,0,0,0,0,0,10,0,0,0,0)
Skill = (6,20,0,10,0,0,0,0,0,0,0,13050,1500,17099,100)
Skill = (7,14,0,10,0,0,0,0,0,0,0,391,1800,671,30)
Skill = (8,19,0,10,0,0,0,0,0,0,0,17775,1800,22252,50)
Skill = (9,12,0,10,0,0,0,0,0,0,0,172,1800,302,50)
Skill = (10,14,0,10,0,0,0,0,0,0,0,1008,1800,1118,50)
Skill = (11,14,0,10,0,0,0,0,0,0,0,653,1500,659,50)
Skill = (12,0,2147483647,0,0,0,0,0,0,0,0,0,1000,2147483647,2147483647)
Skill = (13,36,0,10,0,0,0,0,0,0,0,2340,1100,2421,20)
Skill = (14,0,1200,0,0,0,0,0,0,0,0,0,0,0,0)
Skill = (15,0,2147483647,0,0,0,0,0,0,0,0,0,1000,2147483647,2147483647)
Skill = (16,0,2147483647,0,0,0,0,0,0,0,0,0,1000,2147483647,2147483647)
Skill = (17,0,2147483647,0,0,0,0,0,0,0,0,0,50,2147483647,2147483647)
Skill = (18,0,2147483647,0,0,0,0,0,0,0,0,0,1000,2147483647,2147483647)
Skill = (19,0,2147483647,0,0,0,0,0,0,0,0,0,1000,2147483647,2147483647)
Skill = (20,0,2147483647,0,0,0,0,0,0,0,0,0,1000,2147483647,2147483647)
Skill = (21,0,2147483647,0,0,0,0,0,0,0,0,0,1000,2147483647,2147483647)
Skill = (22,94,100,0,0,0,0,0,0,0,0,0,0,0,0)
Skill = (23,0,2147483647,0,0,0,0,0,0,0,0,0,1000,2147483647,2147483647)
Skill = (24,0,2147483647,0,0,0,0,0,0,0,0,0,1000,2147483647,2147483647)

Spells      = {1,2,3,4,5,7,8,9,10,11,12,14,15,16,17,18,20,25,26,27,28,29,30,31,32,33,38,42,44,45}
QuestValues = {(18,1),(27,1),(32,1),(33,1),(34,1),(35,1),(37,1),(54,1),(58,1),(60,1),(61,1),(93,1),(94,1),(95,1),(125,1),(126,1),(223,1),(253,1)}
Murders     = {}
