ID              = 8725079
Name            = "Lord Merdok"
Race            = 1
Profession      = 2
OriginalOutfit  = 128-57-89-114-57
CurrentOutfit   = 128-57-89-114-57
LastLogin       = 1130704011
LastLogout      = 1130704020
StartPosition   = [32369,32241,7]
CurrentPosition = [32479,32256,8]
PlayerkillerEnd = 0

Skill = (0,9,0,1,0,0,0,0,0,0,1,8647,0,9300,100)
Skill = (1,0,0,0,0,0,0,0,0,0,0,11,1400,20,20)
Skill = (2,159,190,0,0,0,0,0,0,0,10,0,0,0,0)
Skill = (3,6,40,0,0,0,0,0,0,0,15,0,0,0,0)
Skill = (4,78,78,0,0,0,0,0,0,0,1,0,0,0,0)
Skill = (5,480,480,0,0,0,0,0,0,0,20,0,0,0,0)
Skill = (6,17,0,10,0,0,0,0,0,0,0,1096,1100,1143,100)
Skill = (7,17,0,10,0,0,0,0,0,0,0,298,1100,343,30)
Skill = (8,12,0,10,0,0,0,0,0,0,0,155,1200,181,50)
Skill = (9,17,0,10,0,0,0,0,0,0,0,721,1200,824,50)
Skill = (10,10,0,10,0,0,0,0,0,0,0,0,1200,50,50)
Skill = (11,17,0,10,0,0,0,0,0,0,0,793,1200,824,50)
Skill = (12,0,2147483647,0,0,0,0,0,0,0,0,0,1000,2147483647,2147483647)
Skill = (13,10,0,10,0,0,0,0,0,0,0,0,1100,20,20)
Skill = (14,0,1200,0,0,0,0,0,0,0,0,0,0,0,0)
Skill = (15,0,2147483647,0,0,0,0,0,0,0,0,0,1000,2147483647,2147483647)
Skill = (16,0,2147483647,0,0,0,0,0,0,0,0,0,1000,2147483647,2147483647)
Skill = (17,0,2147483647,0,0,0,0,0,0,0,0,0,50,2147483647,2147483647)
Skill = (18,0,2147483647,0,0,0,0,0,8,8,0,0,1000,2147483647,2147483647)
Skill = (19,0,2147483647,0,0,0,0,0,10,10,0,0,1000,2147483647,2147483647)
Skill = (20,0,2147483647,0,0,0,0,0,0,0,0,0,1000,2147483647,2147483647)
Skill = (21,0,2147483647,0,0,0,0,0,0,0,0,0,1000,2147483647,2147483647)
Skill = (22,100,100,0,0,0,0,0,0,0,0,0,0,0,0)
Skill = (23,0,2147483647,0,0,0,0,0,0,0,0,0,1000,2147483647,2147483647)
Skill = (24,0,2147483647,0,0,0,0,0,0,0,0,0,1000,2147483647,2147483647)

Spells      = {42}
QuestValues = {(17,1),(18,1),(19,1),(20,1),(22,1),(23,1),(35,1),(59,1),(223,1)}
Murders     = {}
