ID              = 9425379
Name            = "Malina Uland"
Race            = 1
Profession      = 1
OriginalOutfit  = 128-0-76-95-114
CurrentOutfit   = 128-0-76-95-114
LastLogin       = 1132090556
LastLogout      = 1132093204
StartPosition   = [32369,32241,7]
CurrentPosition = [32339,31784,7]
PlayerkillerEnd = 0

Skill = (0,33,0,1,0,0,0,0,0,0,1,545250,0,548900,100)
Skill = (1,4,0,0,0,0,0,0,0,0,0,1670,3000,2420,20)
Skill = (2,511,560,0,0,0,0,0,0,0,15,0,0,0,0)
Skill = (3,155,160,0,0,0,0,0,0,0,5,0,0,0,0)
Skill = (4,102,102,0,0,0,0,0,0,0,1,0,0,0,0)
Skill = (5,1095,1095,0,0,0,0,0,0,0,25,0,0,0,0)
Skill = (6,58,0,10,0,0,0,0,0,0,0,104528,1100,105718,100)
Skill = (7,10,0,10,0,0,0,0,0,0,0,9,1400,30,30)
Skill = (8,62,0,10,0,0,0,0,0,0,0,72976,1100,77623,50)
Skill = (9,10,0,10,0,0,0,0,0,0,0,42,1100,50,50)
Skill = (10,10,0,10,0,0,0,0,0,0,0,8,1100,50,50)
Skill = (11,11,0,10,0,0,0,0,0,0,0,55,1100,105,50)
Skill = (12,0,2147483647,0,0,0,0,0,0,0,0,0,1000,2147483647,2147483647)
Skill = (13,37,0,10,0,0,0,0,0,0,0,2651,1100,2684,20)
Skill = (14,0,1200,0,0,0,0,0,0,0,0,0,0,0,0)
Skill = (15,0,2147483647,0,0,0,0,0,83,83,0,0,1000,2147483647,2147483647)
Skill = (16,0,2147483647,0,0,0,0,0,0,0,0,0,1000,2147483647,2147483647)
Skill = (17,0,2147483647,0,0,0,0,0,0,0,0,0,50,2147483647,2147483647)
Skill = (18,0,2147483647,0,0,0,0,0,8,8,0,0,1000,2147483647,2147483647)
Skill = (19,0,2147483647,0,0,0,0,0,0,0,0,0,1000,2147483647,2147483647)
Skill = (20,0,2147483647,0,0,0,0,0,3,3,0,0,1000,2147483647,2147483647)
Skill = (21,0,2147483647,0,0,0,0,0,0,0,0,0,1000,2147483647,2147483647)
Skill = (22,100,100,0,0,0,0,0,120,120,0,0,0,0,0)
Skill = (23,0,2147483647,0,0,0,0,0,0,0,0,0,1000,2147483647,2147483647)
Skill = (24,0,2147483647,0,0,0,0,0,0,0,0,0,1000,2147483647,2147483647)

Spells      = {1,10,29}
QuestValues = {(32,1),(33,1),(34,1),(35,1),(59,1),(60,1),(125,1),(126,1),(223,1)}
Murders     = {1131909380}
