ID              = 9445179
Name            = "Skro Skorpin"
Race            = 1
Profession      = 1
OriginalOutfit  = 129-94-79-94-79
CurrentOutfit   = 129-94-79-94-79
LastLogin       = 1131842062
LastLogout      = 1131842077
StartPosition   = [32957,32076,7]
CurrentPosition = [32953,32086,6]
PlayerkillerEnd = 0

Skill = (0,9,0,1,0,0,0,0,0,0,1,7354,0,9300,100)
Skill = (1,0,0,0,0,0,0,0,0,0,0,16,3000,20,20)
Skill = (2,200,200,0,0,0,0,0,0,0,15,0,0,0,0)
Skill = (3,40,40,0,0,0,0,0,0,0,5,0,0,0,0)
Skill = (4,78,78,0,0,0,0,0,0,0,1,0,0,0,0)
Skill = (5,495,495,0,0,0,0,0,0,0,25,0,0,0,0)
Skill = (6,21,0,10,0,0,0,0,0,0,0,1958,1100,2138,100)
Skill = (7,10,0,10,0,0,0,0,0,0,0,0,1400,30,30)
Skill = (8,10,0,10,0,0,0,0,0,0,0,0,1100,50,50)
Skill = (9,23,0,10,0,0,0,0,0,0,0,1309,1100,1398,50)
Skill = (10,10,0,10,0,0,0,0,0,0,0,0,1100,50,50)
Skill = (11,10,0,10,0,0,0,0,0,0,0,4,1100,50,50)
Skill = (12,0,2147483647,0,0,0,0,0,0,0,0,0,1000,2147483647,2147483647)
Skill = (13,12,0,10,0,0,0,0,0,0,0,63,1100,66,20)
Skill = (14,0,1200,0,0,0,0,0,0,0,0,0,0,0,0)
Skill = (15,0,2147483647,0,0,0,0,0,0,0,0,0,1000,2147483647,2147483647)
Skill = (16,0,2147483647,0,0,0,0,0,0,0,0,0,1000,2147483647,2147483647)
Skill = (17,0,2147483647,0,0,0,0,0,0,0,0,0,50,2147483647,2147483647)
Skill = (18,0,2147483647,0,0,0,0,0,0,0,0,0,1000,2147483647,2147483647)
Skill = (19,0,2147483647,0,0,0,0,0,0,0,0,0,1000,2147483647,2147483647)
Skill = (20,0,2147483647,0,0,0,0,0,0,0,0,0,1000,2147483647,2147483647)
Skill = (21,0,2147483647,0,0,0,0,0,0,0,0,0,1000,2147483647,2147483647)
Skill = (22,100,100,0,0,0,0,0,0,0,0,0,0,0,0)
Skill = (23,0,2147483647,0,0,0,0,0,0,0,0,0,1000,2147483647,2147483647)
Skill = (24,0,2147483647,0,0,0,0,0,0,0,0,0,1000,2147483647,2147483647)

Spells      = {10}
QuestValues = {(20,1),(21,1),(22,1),(23,1),(58,1),(59,1)}
Murders     = {}
