ID              = 9768679
Name            = "Ckronos"
Race            = 1
Profession      = 1
OriginalOutfit  = 129-19-0-105-0
CurrentOutfit   = 129-19-0-105-0
LastLogin       = 1124671632
LastLogout      = 1124679839
StartPosition   = [32957,32076,7]
CurrentPosition = [32922,32077,7]
PlayerkillerEnd = 0

Skill = (0,14,0,1,0,0,0,0,0,0,1,32671,0,37800,100)
Skill = (1,1,0,0,0,0,0,0,0,0,0,49,3000,80,20)
Skill = (2,122,275,0,0,0,0,0,0,0,15,0,0,0,0)
Skill = (3,30,65,0,0,0,0,0,0,0,5,0,0,0,0)
Skill = (4,83,83,0,0,0,0,0,0,0,1,0,0,0,0)
Skill = (5,620,620,0,0,0,0,0,0,0,25,0,0,0,0)
Skill = (6,32,0,10,0,0,0,0,0,0,0,7347,1100,7954,100)
Skill = (7,12,0,10,0,0,0,0,0,0,0,108,1400,130,30)
Skill = (8,18,0,10,0,0,0,0,0,0,0,604,1100,678,50)
Skill = (9,33,0,10,0,0,0,0,0,0,0,4213,1100,4424,50)
Skill = (10,22,0,10,0,0,0,0,0,0,0,1131,1100,1226,50)
Skill = (11,13,0,10,0,0,0,0,0,0,0,216,1100,232,50)
Skill = (12,0,2147483647,0,0,0,0,0,0,0,0,0,1000,2147483647,2147483647)
Skill = (13,11,0,10,0,0,0,0,0,0,0,41,1100,42,20)
Skill = (14,0,1200,0,0,0,0,0,0,0,0,0,0,0,0)
Skill = (15,0,2147483647,0,0,0,0,0,83,83,0,0,1000,2147483647,2147483647)
Skill = (16,0,2147483647,0,0,0,0,0,0,0,0,0,1000,2147483647,2147483647)
Skill = (17,0,2147483647,0,0,0,0,0,3,3,0,0,50,2147483647,2147483647)
Skill = (18,0,2147483647,0,0,0,0,0,8,8,0,0,1000,2147483647,2147483647)
Skill = (19,0,2147483647,0,0,0,0,0,0,0,0,0,1000,2147483647,2147483647)
Skill = (20,0,2147483647,0,0,0,0,0,0,0,0,0,1000,2147483647,2147483647)
Skill = (21,0,2147483647,0,0,0,0,0,0,0,0,0,1000,2147483647,2147483647)
Skill = (22,100,100,0,0,0,0,0,120,120,0,0,0,0,0)
Skill = (23,0,2147483647,0,0,0,0,0,0,0,0,0,1000,2147483647,2147483647)
Skill = (24,0,2147483647,0,0,0,0,0,0,0,0,0,1000,2147483647,2147483647)

Spells      = {1,10}
QuestValues = {(18,1),(59,1),(88,1),(89,1),(90,1),(92,1),(96,1),(97,1),(99,1),(125,1),(126,1),(223,1)}
Murders     = {}
