ID              = 9909679
Name            = "Berseker lord drackgl"
Race            = 1
Profession      = 2
OriginalOutfit  = 129-116-114-76-114
CurrentOutfit   = 129-116-114-76-114
LastLogin       = 1131320481
LastLogout      = 1131320496
StartPosition   = [32360,31782,7]
CurrentPosition = [32670,31623,11]
PlayerkillerEnd = 0

Skill = (0,10,0,1,0,0,0,0,0,0,1,10527,0,13000,100)
Skill = (1,4,0,0,0,0,0,0,0,0,0,149,1400,218,20)
Skill = (2,168,205,0,0,0,0,0,0,0,10,0,0,0,0)
Skill = (3,27,65,0,0,0,0,0,0,0,15,0,0,0,0)
Skill = (4,79,79,0,0,0,0,0,0,0,1,0,0,0,0)
Skill = (5,510,510,0,0,0,0,0,0,0,20,0,0,0,0)
Skill = (6,19,0,10,0,0,0,0,0,0,0,1478,1100,1593,100)
Skill = (7,26,0,10,0,0,0,0,0,0,0,1112,1100,1216,30)
Skill = (8,12,0,10,0,0,0,0,0,0,0,128,1200,181,50)
Skill = (9,14,0,10,0,0,0,0,0,0,0,321,1200,372,50)
Skill = (10,20,0,10,0,0,0,0,0,0,0,1456,1200,1607,50)
Skill = (11,13,0,10,0,0,0,0,0,0,0,216,1200,268,50)
Skill = (12,0,2147483647,0,0,0,0,0,0,0,0,0,1000,2147483647,2147483647)
Skill = (13,10,0,10,0,0,0,0,0,0,0,5,1100,20,20)
Skill = (14,0,1200,0,0,0,969,0,0,0,0,0,0,0,0)
Skill = (15,0,2147483647,0,0,0,0,0,0,0,0,0,1000,2147483647,2147483647)
Skill = (16,0,2147483647,0,0,0,0,0,0,0,0,0,1000,2147483647,2147483647)
Skill = (17,0,2147483647,0,0,0,0,0,3,3,0,0,50,2147483647,2147483647)
Skill = (18,0,2147483647,0,0,0,0,0,8,8,0,0,1000,2147483647,2147483647)
Skill = (19,0,2147483647,0,0,0,0,0,0,0,0,0,1000,2147483647,2147483647)
Skill = (20,0,2147483647,0,0,0,0,0,0,0,0,0,1000,2147483647,2147483647)
Skill = (21,0,2147483647,0,0,0,0,0,0,0,0,0,1000,2147483647,2147483647)
Skill = (22,100,100,0,0,0,1,0,81,120,0,0,0,0,0)
Skill = (23,0,2147483647,0,0,0,0,0,0,0,0,0,1000,2147483647,2147483647)
Skill = (24,0,2147483647,0,0,0,0,0,0,0,0,0,1000,2147483647,2147483647)

Spells      = {42,51}
QuestValues = {(27,1),(32,1),(33,1),(34,1),(59,1)}
Murders     = {}
