ID              = 10071442
Name            = "Sherelitro"
Race            = 1
Profession      = 1
OriginalOutfit  = 128-0-116-95-115
CurrentOutfit   = 128-0-116-95-115
LastLogin       = 1132115494
LastLogout      = 1132115774
StartPosition   = [32957,32076,7]
CurrentPosition = [32922,32069,7]
PlayerkillerEnd = 0

Skill = (0,18,0,1,0,0,0,0,0,0,1,72079,0,83400,100)
Skill = (1,3,0,0,0,0,0,0,0,0,0,265,3000,800,20)
Skill = (2,328,335,0,0,0,0,0,0,0,15,0,0,0,0)
Skill = (3,13,85,0,0,0,0,0,0,0,5,0,0,0,0)
Skill = (4,87,87,0,0,0,0,0,0,0,1,0,0,0,0)
Skill = (5,720,720,0,0,0,0,0,0,0,25,0,0,0,0)
Skill = (6,35,0,10,0,0,0,0,0,0,0,10593,1100,10918,100)
Skill = (7,10,0,10,0,0,0,0,0,0,0,4,1400,30,30)
Skill = (8,10,0,10,0,0,0,0,0,0,0,23,1100,50,50)
Skill = (9,42,0,10,0,0,0,0,0,0,0,10469,1100,11112,50)
Skill = (10,10,0,10,0,0,0,0,0,0,0,5,1100,50,50)
Skill = (11,10,0,10,0,0,0,0,0,0,0,14,1100,50,50)
Skill = (12,0,2147483647,0,0,0,0,0,0,0,0,0,1000,2147483647,2147483647)
Skill = (13,22,0,10,0,0,0,0,0,0,0,438,1100,490,20)
Skill = (14,0,1200,0,0,0,0,0,0,0,0,0,0,0,0)
Skill = (15,0,2147483647,0,0,0,0,0,83,83,0,0,1000,2147483647,2147483647)
Skill = (16,0,2147483647,0,0,0,0,0,0,0,0,0,1000,2147483647,2147483647)
Skill = (17,0,2147483647,0,0,0,0,0,0,0,0,0,50,2147483647,2147483647)
Skill = (18,0,2147483647,0,0,0,0,0,0,0,0,0,1000,2147483647,2147483647)
Skill = (19,0,2147483647,0,0,0,0,0,0,0,0,0,1000,2147483647,2147483647)
Skill = (20,0,2147483647,0,0,0,0,0,0,0,0,0,1000,2147483647,2147483647)
Skill = (21,0,2147483647,0,0,0,0,0,0,0,0,0,1000,2147483647,2147483647)
Skill = (22,100,100,0,0,0,0,0,0,0,0,0,0,0,0)
Skill = (23,0,2147483647,0,0,0,0,0,0,0,0,0,1000,2147483647,2147483647)
Skill = (24,0,2147483647,0,0,0,0,0,0,0,0,0,1000,2147483647,2147483647)

Spells      = {1,10}
QuestValues = {(20,1),(21,1),(22,1),(23,1),(32,1),(33,1),(34,1),(35,1),(93,1),(94,1),(95,1),(96,1),(97,1),(98,1),(99,1),(115,1),(121,1)}
Murders     = {}
