ID              = 10243842
Name            = "Jin Of Tekken"
Race            = 1
Profession      = 1
OriginalOutfit  = 129-0-77-58-114
CurrentOutfit   = 129-0-77-58-114
LastLogin       = 1131310318
LastLogout      = 1131312980
StartPosition   = [32369,32241,7]
CurrentPosition = [32348,32222,7]
PlayerkillerEnd = 0

Skill = (0,7,0,1,0,0,0,0,0,0,1,4148,0,4200,100)
Skill = (1,1,0,0,0,0,0,0,0,0,0,24,3000,80,20)
Skill = (2,51,170,0,0,0,0,0,0,0,15,0,0,0,0)
Skill = (3,7,30,0,0,0,0,0,0,0,5,0,0,0,0)
Skill = (4,76,76,0,0,0,0,0,0,0,1,0,0,0,0)
Skill = (5,445,445,0,0,0,0,0,0,0,25,0,0,0,0)
Skill = (6,18,0,10,0,0,0,0,0,0,0,1206,1100,1357,100)
Skill = (7,10,0,10,0,0,0,0,0,0,0,0,1400,30,30)
Skill = (8,22,0,10,0,0,0,0,0,0,0,1161,1100,1226,50)
Skill = (9,11,0,10,0,0,0,0,0,0,0,54,1100,105,50)
Skill = (10,10,0,10,0,0,0,0,0,0,0,0,1100,50,50)
Skill = (11,10,0,10,0,0,0,0,0,0,0,45,1100,50,50)
Skill = (12,0,2147483647,0,0,0,0,0,0,0,0,0,1000,2147483647,2147483647)
Skill = (13,11,0,10,0,0,0,0,0,0,0,31,1100,42,20)
Skill = (14,0,1200,0,0,0,0,0,0,0,0,0,0,0,0)
Skill = (15,0,2147483647,0,0,0,0,0,0,0,0,0,1000,2147483647,2147483647)
Skill = (16,0,2147483647,0,0,0,0,0,0,0,0,0,1000,2147483647,2147483647)
Skill = (17,0,2147483647,0,0,0,0,0,0,0,0,0,50,2147483647,2147483647)
Skill = (18,0,2147483647,0,0,0,0,0,8,8,0,0,1000,2147483647,2147483647)
Skill = (19,0,2147483647,0,0,0,0,0,0,0,0,0,1000,2147483647,2147483647)
Skill = (20,0,2147483647,0,0,0,0,0,0,0,0,0,1000,2147483647,2147483647)
Skill = (21,0,2147483647,0,0,0,0,0,0,0,0,0,1000,2147483647,2147483647)
Skill = (22,100,100,0,0,0,0,0,0,0,0,0,0,0,0)
Skill = (23,0,2147483647,0,0,0,0,0,0,0,0,0,1000,2147483647,2147483647)
Skill = (24,0,2147483647,0,0,0,0,0,0,0,0,0,1000,2147483647,2147483647)

Spells      = {1,10}
QuestValues = {(20,1),(21,1),(23,1),(32,1),(33,1),(34,1),(224,1)}
Murders     = {1129146043}
