ID              = 7990242
Name            = "Mondor"
Race            = 1
Profession      = 12
OriginalOutfit  = 134-2-114-114-116
CurrentOutfit   = 134-2-114-114-116
LastLogin       = 1131735976
LastLogout      = 1131736053
StartPosition   = [32369,32241,7]
CurrentPosition = [32679,31689,7]
PlayerkillerEnd = 0

Skill = (0,48,0,1,0,0,0,0,0,0,1,1669872,0,1734400,100)
Skill = (1,15,0,0,0,0,0,0,0,0,0,8937,1400,10839,20)
Skill = (2,585,585,0,0,0,0,0,0,0,10,0,0,0,0)
Skill = (3,122,635,0,0,0,0,0,0,0,15,0,0,0,0)
Skill = (4,117,117,0,20,0,0,0,0,0,1,0,0,0,0)
Skill = (5,1270,1270,0,0,0,0,0,0,0,20,0,0,0,0)
Skill = (6,54,0,10,0,0,0,0,0,0,0,65858,1100,71890,100)
Skill = (7,77,0,10,0,0,0,0,0,0,0,187311,1100,195505,30)
Skill = (8,13,0,10,0,0,0,0,0,0,0,248,1200,268,50)
Skill = (9,10,0,10,0,0,0,0,0,0,0,29,1200,50,50)
Skill = (10,10,0,10,0,0,0,0,0,0,0,9,1200,50,50)
Skill = (11,27,0,10,0,0,0,0,0,0,0,5394,1200,6405,50)
Skill = (12,0,2147483647,0,0,0,0,0,0,0,0,0,1000,2147483647,2147483647)
Skill = (13,49,0,10,0,0,0,0,0,0,0,8250,1100,8851,20)
Skill = (14,0,1200,0,0,0,0,0,0,0,0,0,0,0,0)
Skill = (15,0,2147483647,0,0,0,0,0,0,0,0,0,1000,2147483647,2147483647)
Skill = (16,0,2147483647,0,0,0,0,0,0,0,0,0,1000,2147483647,2147483647)
Skill = (17,0,2147483647,0,0,0,0,0,0,0,0,0,50,2147483647,2147483647)
Skill = (18,0,2147483647,0,0,0,0,0,0,0,0,0,1000,2147483647,2147483647)
Skill = (19,0,2147483647,0,0,0,0,0,0,0,0,0,1000,2147483647,2147483647)
Skill = (20,0,2147483647,0,0,0,0,0,0,0,0,0,1000,2147483647,2147483647)
Skill = (21,0,2147483647,0,0,0,0,0,0,0,0,0,1000,2147483647,2147483647)
Skill = (22,77,100,0,0,0,0,0,120,120,0,0,0,0,0)
Skill = (23,0,2147483647,0,0,0,0,0,0,0,0,0,1000,2147483647,2147483647)
Skill = (24,0,2147483647,0,0,0,0,0,0,0,0,0,1000,2147483647,2147483647)

Spells      = {1,2,3,6,7,8,10,11,15,20,29,30,42,44,45,48,49,51,76,78,79,81,95}
QuestValues = {(20,1),(21,1),(22,1),(23,1),(32,1),(33,1),(34,1),(59,1),(111,1),(112,1),(121,1),(133,1),(137,1),(145,1),(146,1),(147,1),(151,1),(152,1),(179,1),(180,1),(190,1),(191,1),(222,1),(227,5),(228,2),(229,3),(230,21),(231,2),(232,1),(233,10),(234,7),(235,1),(236,1),(237,1),(238,1),(239,1),(240,1),(241,1),(242,1),(243,1),(244,2),(245,2),(246,1),(247,1),(248,1),(249,5),(250,5),(251,2),(253,1)}
Murders     = {}
