ID              = 8185342
Name            = "Arcadium"
Race            = 1
Profession      = 4
OriginalOutfit  = 130-114-114-114-114
CurrentOutfit   = 130-114-114-114-114
LastLogin       = 1126135500
LastLogout      = 1126135523
StartPosition   = [32369,32241,7]
CurrentPosition = [32319,32224,7]
PlayerkillerEnd = 0

Skill = (0,10,0,1,0,0,0,0,0,0,1,11322,0,13000,100)
Skill = (1,14,0,0,0,0,0,0,0,0,0,582,1100,635,20)
Skill = (2,195,195,0,0,0,0,0,0,0,5,0,0,0,0)
Skill = (3,41,95,0,0,0,0,0,0,0,30,0,0,0,0)
Skill = (4,79,79,0,0,0,0,0,0,0,1,0,0,0,0)
Skill = (5,490,490,0,0,0,0,0,0,0,10,0,0,0,0)
Skill = (6,17,0,10,0,0,0,0,0,0,0,4485,1500,4925,100)
Skill = (7,10,0,10,0,0,0,0,0,0,0,0,1800,30,30)
Skill = (8,12,0,10,0,0,0,0,0,0,0,148,1800,302,50)
Skill = (9,13,0,10,0,0,0,0,0,0,0,521,1800,593,50)
Skill = (10,16,0,10,0,0,0,0,0,0,0,2420,1800,3763,50)
Skill = (11,11,0,10,0,0,0,0,0,0,0,105,1500,125,50)
Skill = (12,0,2147483647,0,0,0,0,0,0,0,0,0,1000,2147483647,2147483647)
Skill = (13,23,0,10,0,0,0,0,0,0,0,549,1100,559,20)
Skill = (14,0,1200,0,0,0,1073,0,0,0,0,0,0,0,0)
Skill = (15,0,2147483647,0,0,0,0,0,0,0,0,0,1000,2147483647,2147483647)
Skill = (16,0,2147483647,0,0,0,0,0,0,0,0,0,1000,2147483647,2147483647)
Skill = (17,0,2147483647,0,0,0,0,0,0,0,0,0,50,2147483647,2147483647)
Skill = (18,0,2147483647,0,0,0,0,0,0,0,0,0,1000,2147483647,2147483647)
Skill = (19,0,2147483647,0,0,0,0,0,0,0,0,0,1000,2147483647,2147483647)
Skill = (20,0,2147483647,0,0,0,0,0,0,0,0,0,1000,2147483647,2147483647)
Skill = (21,0,2147483647,0,0,0,0,0,0,0,0,0,1000,2147483647,2147483647)
Skill = (22,42,100,0,0,0,0,0,0,0,0,0,0,0,0)
Skill = (23,0,2147483647,0,0,0,0,0,0,0,0,0,1000,2147483647,2147483647)
Skill = (24,0,2147483647,0,0,0,0,0,0,0,0,0,1000,2147483647,2147483647)

Spells      = {1,3,4,5,8,10,16,18,42,45}
QuestValues = {(19,1),(21,1),(22,1),(23,1),(37,1),(59,1),(86,1),(87,1),(96,1),(97,1),(98,1),(100,1),(125,1),(126,1)}
Murders     = {1124557281,1125230059}
