ID              = 8611142
Name            = "Shadow of Hell on zanera"
Race            = 1
Profession      = 1
OriginalOutfit  = 128-81-71-71-93
CurrentOutfit   = 128-81-71-71-93
LastLogin       = 1131226050
LastLogout      = 1131229975
StartPosition   = [32957,32076,7]
CurrentPosition = [32922,32069,7]
PlayerkillerEnd = 0

Skill = (0,35,0,1,0,0,0,0,0,0,1,619201,0,658000,100)
Skill = (1,5,0,0,0,0,0,0,0,0,0,3397,3000,7280,20)
Skill = (2,590,590,0,0,0,0,0,0,0,15,0,0,0,0)
Skill = (3,153,170,0,0,0,0,0,0,0,5,0,0,0,0)
Skill = (4,104,104,0,0,0,0,0,0,0,1,0,0,0,0)
Skill = (5,1145,1145,0,0,0,0,0,0,0,25,0,0,0,0)
Skill = (6,72,0,10,0,0,0,0,0,0,0,374437,1100,404265,100)
Skill = (7,11,0,10,0,0,0,0,0,0,0,37,1400,71,30)
Skill = (8,10,0,10,0,0,0,0,0,0,0,0,1100,50,50)
Skill = (9,14,0,10,0,0,0,0,0,0,0,279,1100,305,50)
Skill = (10,72,0,10,0,0,0,0,0,0,0,191199,1100,202132,50)
Skill = (11,10,0,10,0,0,0,0,0,0,0,44,1100,50,50)
Skill = (12,0,2147483647,0,0,0,0,0,0,0,0,0,1000,2147483647,2147483647)
Skill = (13,45,0,10,0,0,0,0,0,0,0,5470,1100,5982,20)
Skill = (14,0,1200,0,0,0,112,0,0,0,0,0,0,0,0)
Skill = (15,0,2147483647,0,0,0,0,0,125,125,0,0,1000,2147483647,2147483647)
Skill = (16,0,2147483647,0,0,0,0,0,0,0,0,0,1000,2147483647,2147483647)
Skill = (17,0,2147483647,0,0,0,0,0,3,3,0,0,50,2147483647,2147483647)
Skill = (18,0,2147483647,0,0,0,0,0,8,8,0,0,1000,2147483647,2147483647)
Skill = (19,0,2147483647,0,0,0,0,0,10,10,0,0,1000,2147483647,2147483647)
Skill = (20,0,2147483647,0,0,0,0,0,3,3,0,0,1000,2147483647,2147483647)
Skill = (21,0,2147483647,0,0,0,0,0,0,0,0,0,1000,2147483647,2147483647)
Skill = (22,100,100,0,0,0,0,0,120,120,0,0,0,0,0)
Skill = (23,0,2147483647,0,0,0,0,0,0,0,0,0,1000,2147483647,2147483647)
Skill = (24,0,2147483647,0,0,0,0,0,0,0,0,0,1000,2147483647,2147483647)

Spells      = {1,10,11,20,29}
QuestValues = {(20,1),(21,1),(22,1),(23,1),(35,1),(59,1),(69,1),(76,1),(77,1),(78,1),(93,1),(94,1),(95,1),(96,1),(97,1),(98,1),(115,1),(135,1),(136,1),(137,1),(153,1),(190,1),(191,1),(208,1),(224,1)}
Murders     = {1131171203}
