ID              = 10068020
Name            = "Dark Pako"
Race            = 1
Profession      = 3
OriginalOutfit  = 128-58-16-87-58
CurrentOutfit   = 128-58-16-87-58
LastLogin       = 1129761555
LastLogout      = 1129761648
StartPosition   = [32360,31782,7]
CurrentPosition = [32460,31750,7]
PlayerkillerEnd = 0

Skill = (0,8,0,1,0,0,0,0,0,0,1,6153,0,6400,100)
Skill = (1,3,0,0,0,0,0,0,0,0,0,86,1100,92,20)
Skill = (2,185,185,0,0,0,0,0,0,0,5,0,0,0,0)
Skill = (3,35,35,0,0,0,0,0,0,0,30,0,0,0,0)
Skill = (4,77,77,0,0,0,0,0,0,0,1,0,0,0,0)
Skill = (5,470,470,0,0,0,0,0,0,0,10,0,0,0,0)
Skill = (6,16,0,10,0,0,0,0,0,0,0,2252,1500,3217,100)
Skill = (7,10,0,10,0,0,0,0,0,0,0,15,2000,30,30)
Skill = (8,15,0,10,0,0,0,0,0,0,0,3032,2000,3150,50)
Skill = (9,11,0,10,0,0,0,0,0,0,0,89,2000,150,50)
Skill = (10,11,0,10,0,0,0,0,0,0,0,81,2000,150,50)
Skill = (11,10,0,10,0,0,0,0,0,0,0,19,1500,50,50)
Skill = (12,0,2147483647,0,0,0,0,0,0,0,0,0,1000,2147483647,2147483647)
Skill = (13,10,0,10,0,0,0,0,0,0,0,0,1100,20,20)
Skill = (14,0,1200,0,0,0,0,0,0,0,0,0,0,0,0)
Skill = (15,0,2147483647,0,0,0,0,0,0,0,0,0,1000,2147483647,2147483647)
Skill = (16,0,2147483647,0,0,0,0,0,0,0,0,0,1000,2147483647,2147483647)
Skill = (17,0,2147483647,0,0,0,0,0,0,0,0,0,50,2147483647,2147483647)
Skill = (18,0,2147483647,0,0,0,0,0,0,0,0,0,1000,2147483647,2147483647)
Skill = (19,0,2147483647,0,0,0,0,0,0,0,0,0,1000,2147483647,2147483647)
Skill = (20,0,2147483647,0,0,0,0,0,0,0,0,0,1000,2147483647,2147483647)
Skill = (21,0,2147483647,0,0,0,0,0,0,0,0,0,1000,2147483647,2147483647)
Skill = (22,100,100,0,0,0,0,0,0,0,0,0,0,0,0)
Skill = (23,0,2147483647,0,0,0,0,0,0,0,0,0,1000,2147483647,2147483647)
Skill = (24,0,2147483647,0,0,0,0,0,0,0,0,0,1000,2147483647,2147483647)

Spells      = {2,10,20}
QuestValues = {(18,1),(20,1),(21,1),(23,1),(32,1),(33,1),(34,1),(35,1),(58,1),(125,1),(126,1),(223,1)}
Murders     = {}
