ID              = 11186020
Name            = "Sir Trillo"
Race            = 1
Profession      = 1
OriginalOutfit  = 128-114-114-114-114
CurrentOutfit   = 128-114-114-114-114
LastLogin       = 1132098260
LastLogout      = 1132103056
StartPosition   = [32360,31782,7]
CurrentPosition = [32539,31881,7]
PlayerkillerEnd = 0

Skill = (0,17,0,1,0,0,0,0,0,0,1,61623,0,69700,100)
Skill = (1,2,0,0,0,0,0,0,0,0,0,211,3000,260,20)
Skill = (2,227,320,0,0,0,0,0,0,0,15,0,0,0,0)
Skill = (3,33,80,0,0,0,0,0,0,0,5,0,0,0,0)
Skill = (4,86,86,0,0,0,0,0,0,0,1,0,0,0,0)
Skill = (5,695,695,0,0,0,0,0,0,0,25,0,0,0,0)
Skill = (6,39,0,10,0,0,0,0,0,0,0,16323,1100,16449,100)
Skill = (7,10,0,10,0,0,0,0,0,0,0,0,1400,30,30)
Skill = (8,10,0,10,0,0,0,0,0,0,0,0,1100,50,50)
Skill = (9,10,0,10,0,0,0,0,0,0,0,13,1100,50,50)
Skill = (10,45,0,10,0,0,0,0,0,0,0,13838,1100,14956,50)
Skill = (11,10,0,10,0,0,0,0,0,0,0,0,1100,50,50)
Skill = (12,0,2147483647,0,0,0,0,0,0,0,0,0,1000,2147483647,2147483647)
Skill = (13,21,0,10,0,0,0,0,0,0,0,375,1100,427,20)
Skill = (14,0,1200,0,0,0,1064,0,0,0,0,0,0,0,0)
Skill = (15,0,2147483647,0,0,0,0,0,0,0,0,0,1000,2147483647,2147483647)
Skill = (16,0,2147483647,0,0,0,0,0,0,0,0,0,1000,2147483647,2147483647)
Skill = (17,0,2147483647,0,0,0,0,0,0,0,0,0,50,2147483647,2147483647)
Skill = (18,0,2147483647,0,0,0,0,0,0,0,0,0,1000,2147483647,2147483647)
Skill = (19,0,2147483647,0,0,0,0,0,0,0,0,0,1000,2147483647,2147483647)
Skill = (20,0,2147483647,0,0,0,0,0,0,0,0,0,1000,2147483647,2147483647)
Skill = (21,0,2147483647,0,0,0,0,0,0,0,0,0,1000,2147483647,2147483647)
Skill = (22,100,100,0,0,0,1,0,70,120,0,0,0,0,0)
Skill = (23,0,2147483647,0,0,0,0,0,0,0,0,0,1000,2147483647,2147483647)
Skill = (24,0,2147483647,0,0,0,0,0,0,0,0,0,1000,2147483647,2147483647)

Spells      = {1,10}
QuestValues = {}
Murders     = {}
