ID              = 8105720
Name            = "Pozole los Viernes"
Race            = 1
Profession      = 4
OriginalOutfit  = 129-59-122-38-132
CurrentOutfit   = 129-59-122-38-132
LastLogin       = 1114871379
LastLogout      = 1114872239
StartPosition   = [32957,32076,7]
CurrentPosition = [32957,32076,7]
PlayerkillerEnd = 0

Skill = (0,16,0,1,0,0,0,0,0,0,1,54047,0,57600,100)
Skill = (1,27,0,0,0,0,0,0,0,0,0,2489,1100,2684,20)
Skill = (2,-5,225,0,0,0,0,0,0,0,5,0,0,0,0)
Skill = (3,161,275,0,0,0,0,0,0,0,30,0,0,0,0)
Skill = (4,85,85,0,0,0,0,0,0,0,1,0,0,0,0)
Skill = (5,550,550,0,0,0,0,0,0,0,10,0,0,0,0)
Skill = (6,20,0,10,0,0,0,0,0,0,0,15867,1500,17099,100)
Skill = (7,10,0,10,0,0,0,0,0,0,0,5,1800,30,30)
Skill = (8,10,0,10,0,0,0,0,0,0,0,2,1800,50,50)
Skill = (9,18,0,10,0,0,0,0,0,0,0,11322,1800,12334,50)
Skill = (10,10,0,10,0,0,0,0,0,0,0,0,1800,50,50)
Skill = (11,11,0,10,0,0,0,0,0,0,0,57,1500,125,50)
Skill = (12,0,2147483647,0,0,0,0,0,0,0,0,0,1000,2147483647,2147483647)
Skill = (13,53,0,10,0,0,0,0,0,0,0,12284,1100,13052,20)
Skill = (14,0,1200,0,0,0,0,0,0,0,0,0,0,0,0)
Skill = (15,0,2147483647,0,0,0,0,0,83,83,0,0,1000,2147483647,2147483647)
Skill = (16,0,2147483647,0,0,0,0,0,200,200,0,0,1000,2147483647,2147483647)
Skill = (17,0,2147483647,0,0,0,9,0,0,3,0,0,50,2147483647,2147483647)
Skill = (18,0,2147483647,0,0,0,0,0,0,0,0,0,1000,2147483647,2147483647)
Skill = (19,0,2147483647,0,0,0,0,0,0,0,0,0,1000,2147483647,2147483647)
Skill = (20,0,2147483647,0,0,0,0,0,0,0,0,0,1000,2147483647,2147483647)
Skill = (21,0,2147483647,0,0,0,0,0,0,0,0,0,1000,2147483647,2147483647)
Skill = (22,200,200,0,0,0,0,0,0,0,0,0,0,0,0)
Skill = (23,0,2147483647,0,0,0,0,0,0,0,0,0,1000,2147483647,2147483647)
Skill = (24,0,2147483647,0,0,0,0,0,0,0,0,0,1000,2147483647,2147483647)

Spells      = {1,5,8,10,45}
QuestValues = {(21,1),(22,1),(23,1),(32,1),(33,1),(34,1),(96,1),(97,1),(98,1),(99,1),(125,1),(126,1),(208,1),(254,1)}
Murders     = {}
