ID              = 8272920
Name            = "Kimora Apher"
Race            = 1
Profession      = 1
OriginalOutfit  = 131-0-0-113-113
CurrentOutfit   = 131-0-0-113-113
LastLogin       = 1126380566
LastLogout      = 1126381557
StartPosition   = [32360,31782,7]
CurrentPosition = [32382,31685,7]
PlayerkillerEnd = 0

Skill = (0,16,0,1,0,0,0,0,0,0,1,55082,0,57600,100)
Skill = (1,2,0,0,0,0,0,0,0,0,0,163,3000,260,20)
Skill = (2,305,305,0,0,0,0,0,0,0,15,0,0,0,0)
Skill = (3,75,75,0,0,0,0,0,0,0,5,0,0,0,0)
Skill = (4,85,85,0,0,0,0,0,0,0,1,0,0,0,0)
Skill = (5,670,670,0,0,0,0,0,0,0,25,0,0,0,0)
Skill = (6,37,0,10,0,0,0,0,0,0,0,12781,1100,13420,100)
Skill = (7,14,0,10,0,0,0,0,0,0,0,255,1400,328,30)
Skill = (8,44,0,10,0,0,0,0,0,0,0,12373,1100,13551,50)
Skill = (9,10,0,10,0,0,0,0,0,0,0,9,1100,50,50)
Skill = (10,10,0,10,0,0,0,0,0,0,0,21,1100,50,50)
Skill = (11,11,0,10,0,0,0,0,0,0,0,73,1100,105,50)
Skill = (12,0,2147483647,0,0,0,0,0,0,0,0,0,1000,2147483647,2147483647)
Skill = (13,21,0,10,0,0,0,0,0,0,0,424,1100,427,20)
Skill = (14,0,1200,0,0,0,54,0,0,0,0,0,0,0,0)
Skill = (15,0,2147483647,0,0,0,0,0,83,83,0,0,1000,2147483647,2147483647)
Skill = (16,0,2147483647,0,0,0,0,0,0,0,0,0,1000,2147483647,2147483647)
Skill = (17,0,2147483647,0,0,0,0,0,3,3,0,0,50,2147483647,2147483647)
Skill = (18,0,2147483647,0,0,0,0,0,0,0,0,0,1000,2147483647,2147483647)
Skill = (19,0,2147483647,0,0,0,0,0,10,10,0,0,1000,2147483647,2147483647)
Skill = (20,0,2147483647,0,0,0,0,0,0,0,0,0,1000,2147483647,2147483647)
Skill = (21,0,2147483647,0,0,0,0,0,0,0,0,0,1000,2147483647,2147483647)
Skill = (22,100,100,0,0,0,0,0,120,120,0,0,0,0,0)
Skill = (23,0,2147483647,0,0,0,0,0,0,0,0,0,1000,2147483647,2147483647)
Skill = (24,0,2147483647,0,0,0,0,0,0,0,0,0,1000,2147483647,2147483647)

Spells      = {1,10,20,29}
QuestValues = {(18,1),(20,1),(21,1),(22,1),(23,1),(32,1),(33,1),(34,1),(35,1),(58,1),(59,1),(60,1),(61,1),(125,1),(126,1),(223,1)}
Murders     = {}
