ID              = 8528120
Name            = "Zeria Argo"
Race            = 1
Profession      = 1
OriginalOutfit  = 129-0-87-0-0
CurrentOutfit   = 129-0-87-0-0
LastLogin       = 1119288196
LastLogout      = 1119288597
StartPosition   = [32360,31782,7]
CurrentPosition = [32360,31782,7]
PlayerkillerEnd = 0

Skill = (0,10,0,1,0,0,0,0,0,0,1,9515,0,13000,100)
Skill = (1,2,0,0,0,0,0,0,0,0,0,136,3000,260,20)
Skill = (2,24,215,0,0,0,0,0,0,0,15,0,0,0,0)
Skill = (3,24,45,0,0,0,0,0,0,0,5,0,0,0,0)
Skill = (4,79,79,0,0,0,0,0,0,0,1,0,0,0,0)
Skill = (5,520,520,0,0,0,0,0,0,0,25,0,0,0,0)
Skill = (6,27,0,10,0,0,0,0,0,0,0,4164,1100,4559,100)
Skill = (7,10,0,10,0,0,0,0,0,0,0,27,1400,30,30)
Skill = (8,30,0,10,0,0,0,0,0,0,0,3169,1100,3200,50)
Skill = (9,12,0,10,0,0,0,0,0,0,0,163,1100,165,50)
Skill = (10,11,0,10,0,0,0,0,0,0,0,92,1100,105,50)
Skill = (11,10,0,10,0,0,0,0,0,0,0,36,1100,50,50)
Skill = (12,0,2147483647,0,0,0,0,0,0,0,0,0,1000,2147483647,2147483647)
Skill = (13,15,0,10,0,0,0,0,0,0,0,143,1100,154,20)
Skill = (14,0,1200,0,0,0,0,0,0,0,0,0,0,0,0)
Skill = (15,0,2147483647,0,0,0,0,0,83,83,0,0,1000,2147483647,2147483647)
Skill = (16,0,2147483647,0,0,0,0,0,0,0,0,0,1000,2147483647,2147483647)
Skill = (17,0,2147483647,0,0,0,0,0,0,0,0,0,50,2147483647,2147483647)
Skill = (18,0,2147483647,0,0,0,0,0,0,0,0,0,1000,2147483647,2147483647)
Skill = (19,0,2147483647,0,0,0,0,0,0,0,0,0,1000,2147483647,2147483647)
Skill = (20,0,2147483647,0,0,0,0,0,0,0,0,0,1000,2147483647,2147483647)
Skill = (21,0,2147483647,0,0,0,0,0,0,0,0,0,1000,2147483647,2147483647)
Skill = (22,200,200,0,0,0,0,0,0,0,0,0,0,0,0)
Skill = (23,0,2147483647,0,0,0,0,0,0,0,0,0,1000,2147483647,2147483647)
Skill = (24,0,2147483647,0,0,0,0,0,0,0,0,0,1000,2147483647,2147483647)

Spells      = {1,10}
QuestValues = {(20,1),(21,1),(23,1),(32,1),(33,1),(34,1),(46,1),(223,1)}
Murders     = {}
