ID              = 8571420
Name            = "Policyjny misiek"
Race            = 1
Profession      = 1
OriginalOutfit  = 131-79-132-132-79
CurrentOutfit   = 131-79-132-132-79
LastLogin       = 1122326642
LastLogout      = 1122326717
StartPosition   = [32369,32241,7]
CurrentPosition = [32369,32241,7]
PlayerkillerEnd = 0

Skill = (0,10,0,1,0,0,0,0,0,0,1,10009,0,13000,100)
Skill = (1,2,0,0,0,0,0,0,0,0,0,81,3000,260,20)
Skill = (2,215,215,0,0,0,0,0,0,0,15,0,0,0,0)
Skill = (3,39,45,0,0,0,0,0,0,0,5,0,0,0,0)
Skill = (4,79,79,0,0,0,0,0,0,0,1,0,0,0,0)
Skill = (5,520,520,0,0,0,0,0,0,0,25,0,0,0,0)
Skill = (6,25,0,10,0,0,0,0,0,0,0,3511,1100,3594,100)
Skill = (7,10,0,10,0,0,0,0,0,0,0,0,1400,30,30)
Skill = (8,13,0,10,0,0,0,0,0,0,0,207,1100,232,50)
Skill = (9,26,0,10,0,0,0,0,0,0,0,1918,1100,2027,50)
Skill = (10,21,0,10,0,0,0,0,0,0,0,943,1100,1069,50)
Skill = (11,10,0,10,0,0,0,0,0,0,0,23,1100,50,50)
Skill = (12,0,2147483647,0,0,0,0,0,0,0,0,0,1000,2147483647,2147483647)
Skill = (13,14,0,10,0,0,0,0,0,0,0,98,1100,122,20)
Skill = (14,0,1200,0,0,0,0,0,0,0,0,0,0,0,0)
Skill = (15,0,2147483647,0,0,0,0,0,83,83,0,0,1000,2147483647,2147483647)
Skill = (16,0,2147483647,0,0,0,0,0,0,0,0,0,1000,2147483647,2147483647)
Skill = (17,0,2147483647,0,0,0,0,0,3,3,0,0,50,2147483647,2147483647)
Skill = (18,0,2147483647,0,0,0,0,0,8,8,0,0,1000,2147483647,2147483647)
Skill = (19,0,2147483647,0,0,0,0,0,0,0,0,0,1000,2147483647,2147483647)
Skill = (20,0,2147483647,0,0,0,0,0,0,0,0,0,1000,2147483647,2147483647)
Skill = (21,0,2147483647,0,0,0,0,0,0,0,0,0,1000,2147483647,2147483647)
Skill = (22,200,200,0,0,0,0,0,0,0,0,0,0,0,0)
Skill = (23,0,2147483647,0,0,0,0,0,0,0,0,0,1000,2147483647,2147483647)
Skill = (24,0,2147483647,0,0,0,0,0,0,0,0,0,1000,2147483647,2147483647)

Spells      = {1,10}
QuestValues = {(18,1),(59,1),(100,1),(223,1)}
Murders     = {}
