ID              = 9164420
Name            = "Gabinaitor"
Race            = 1
Profession      = 4
OriginalOutfit  = 131-79-114-114-114
CurrentOutfit   = 131-79-114-114-114
LastLogin       = 1129422621
LastLogout      = 1129424233
StartPosition   = [32360,31782,7]
CurrentPosition = [32548,31756,7]
PlayerkillerEnd = 0

Skill = (0,8,0,1,0,0,0,0,0,0,1,4610,0,6400,100)
Skill = (1,0,0,0,0,0,0,0,0,0,0,0,1100,20,20)
Skill = (2,185,185,0,0,0,0,0,0,0,5,0,0,0,0)
Skill = (3,35,35,0,0,0,0,0,0,0,30,0,0,0,0)
Skill = (4,77,77,0,0,0,0,0,0,0,1,0,0,0,0)
Skill = (5,470,470,0,0,0,0,0,0,0,10,0,0,0,0)
Skill = (6,14,0,10,0,0,0,0,0,0,0,815,1500,1318,100)
Skill = (7,10,0,10,0,0,0,0,0,0,0,3,1800,30,30)
Skill = (8,12,0,10,0,0,0,0,0,0,0,210,1800,302,50)
Skill = (9,15,0,10,0,0,0,0,0,0,0,1340,1800,2063,50)
Skill = (10,14,0,10,0,0,0,0,0,0,0,756,1800,1118,50)
Skill = (11,10,0,10,0,0,0,0,0,0,0,25,1500,50,50)
Skill = (12,0,2147483647,0,0,0,0,0,0,0,0,0,1000,2147483647,2147483647)
Skill = (13,10,0,10,0,0,0,0,0,0,0,6,1100,20,20)
Skill = (14,0,1200,0,0,0,0,0,0,0,0,0,0,0,0)
Skill = (15,0,2147483647,0,0,0,0,0,0,0,0,0,1000,2147483647,2147483647)
Skill = (16,0,2147483647,0,0,0,0,0,0,0,0,0,1000,2147483647,2147483647)
Skill = (17,0,2147483647,0,0,0,0,0,0,0,0,0,50,2147483647,2147483647)
Skill = (18,0,2147483647,0,0,0,0,0,0,0,0,0,1000,2147483647,2147483647)
Skill = (19,0,2147483647,0,0,0,0,0,0,0,0,0,1000,2147483647,2147483647)
Skill = (20,0,2147483647,0,0,0,0,0,0,0,0,0,1000,2147483647,2147483647)
Skill = (21,0,2147483647,0,0,0,0,0,0,0,0,0,1000,2147483647,2147483647)
Skill = (22,100,100,0,0,0,0,0,120,120,0,0,0,0,0)
Skill = (23,0,2147483647,0,0,0,0,0,0,0,0,0,1000,2147483647,2147483647)
Skill = (24,0,2147483647,0,0,0,0,0,0,0,0,0,1000,2147483647,2147483647)

Spells      = {}
QuestValues = {(17,1),(18,1),(32,1),(33,1),(34,1),(59,1),(223,1)}
Murders     = {}
