ID              = 9512920
Name            = "Zatan The Demon"
Race            = 1
Profession      = 2
OriginalOutfit  = 129-94-0-0-0
CurrentOutfit   = 129-94-0-0-0
LastLogin       = 1128538518
LastLogout      = 1128538546
StartPosition   = [32649,31925,11]
CurrentPosition = [32643,31915,8]
PlayerkillerEnd = 0

Skill = (0,20,0,1,0,0,0,0,0,0,1,110360,0,116000,100)
Skill = (1,10,0,0,0,0,0,0,0,0,0,1643,1400,1974,20)
Skill = (2,148,305,0,0,0,0,0,0,0,10,0,0,0,0)
Skill = (3,69,215,0,0,0,0,0,0,0,15,0,0,0,0)
Skill = (4,89,89,0,0,0,0,0,0,0,1,0,0,0,0)
Skill = (5,710,710,0,0,0,0,0,0,0,20,0,0,0,0)
Skill = (6,35,0,10,0,0,0,0,0,0,0,10886,1100,10918,100)
Skill = (7,60,0,10,0,0,0,0,0,0,0,37668,1100,38438,30)
Skill = (8,10,0,10,0,0,0,0,0,0,0,0,1200,50,50)
Skill = (9,13,0,10,0,0,0,0,0,0,0,240,1200,268,50)
Skill = (10,10,0,10,0,0,0,0,0,0,0,0,1200,50,50)
Skill = (11,17,0,10,0,0,0,0,0,0,0,648,1200,824,50)
Skill = (12,0,2147483647,0,0,0,0,0,0,0,0,0,1000,2147483647,2147483647)
Skill = (13,44,0,10,0,0,0,0,0,0,0,5268,1100,5420,20)
Skill = (14,0,1200,0,0,0,929,0,0,0,0,0,0,0,0)
Skill = (15,0,2147483647,0,0,0,0,0,0,0,0,0,1000,2147483647,2147483647)
Skill = (16,0,2147483647,0,0,0,0,0,200,200,0,0,1000,2147483647,2147483647)
Skill = (17,0,2147483647,0,0,0,0,0,3,3,0,0,50,2147483647,2147483647)
Skill = (18,0,2147483647,0,0,0,0,0,8,8,0,0,1000,2147483647,2147483647)
Skill = (19,0,2147483647,0,0,0,0,0,10,10,0,0,1000,2147483647,2147483647)
Skill = (20,0,2147483647,0,0,0,0,0,0,0,0,0,1000,2147483647,2147483647)
Skill = (21,0,2147483647,0,0,0,0,0,0,0,0,0,1000,2147483647,2147483647)
Skill = (22,100,100,0,0,0,0,0,120,120,0,0,0,0,0)
Skill = (23,0,2147483647,0,0,0,0,0,0,0,0,0,1000,2147483647,2147483647)
Skill = (24,0,2147483647,0,0,0,0,0,0,0,0,0,1000,2147483647,2147483647)

Spells      = {1,3,8,42,51}
QuestValues = {(14,1),(15,1),(16,1),(20,1),(22,1),(23,1),(93,1),(94,1),(95,1),(99,1),(115,1)}
Murders     = {1128312500}
