ID              = 8172719
Name            = "Sir Herik"
Race            = 1
Profession      = 12
OriginalOutfit  = 134-9-19-19-19
CurrentOutfit   = 134-9-19-19-19
LastLogin       = 1132149197
LastLogout      = 1132149461
StartPosition   = [32360,31782,7]
CurrentPosition = [32338,31780,7]
PlayerkillerEnd = 0

Skill = (0,66,0,1,0,0,0,0,0,0,1,4562326,0,4582600,100)
Skill = (1,16,0,0,0,0,0,0,0,0,0,12515,1400,15195,20)
Skill = (2,582,765,0,0,0,0,0,0,0,10,0,0,0,0)
Skill = (3,541,905,0,0,0,0,0,0,0,15,0,0,0,0)
Skill = (4,135,135,0,0,0,0,0,10,10,1,0,0,0,0)
Skill = (5,1630,1630,0,0,0,0,0,0,0,20,0,0,0,0)
Skill = (6,66,0,10,0,0,0,0,0,0,0,215877,1100,227761,100)
Skill = (7,84,0,10,0,0,0,0,0,0,0,375669,1100,381268,30)
Skill = (8,13,0,10,0,0,0,0,0,0,0,210,1200,268,50)
Skill = (9,10,0,10,0,0,0,0,0,0,0,0,1200,50,50)
Skill = (10,10,0,10,0,0,0,0,0,0,0,8,1200,50,50)
Skill = (11,22,0,10,0,0,0,0,0,0,0,2206,1200,2424,50)
Skill = (12,0,2147483647,0,0,0,0,0,0,0,0,0,1000,2147483647,2147483647)
Skill = (13,51,0,10,0,0,0,0,0,0,0,10299,1100,10752,20)
Skill = (14,0,1200,0,0,0,0,0,0,0,0,0,0,0,0)
Skill = (15,0,2147483647,0,0,0,0,0,83,83,0,0,1000,2147483647,2147483647)
Skill = (16,0,2147483647,0,0,0,0,0,6000,6000,0,0,1000,2147483647,2147483647)
Skill = (17,0,2147483647,0,0,0,0,0,0,0,0,0,50,2147483647,2147483647)
Skill = (18,0,2147483647,0,0,0,0,0,8,8,0,0,1000,2147483647,2147483647)
Skill = (19,0,2147483647,0,0,0,0,0,10,10,0,0,1000,2147483647,2147483647)
Skill = (20,0,2147483647,0,0,0,0,0,0,0,0,0,1000,2147483647,2147483647)
Skill = (21,0,2147483647,0,0,0,0,0,0,0,0,0,1000,2147483647,2147483647)
Skill = (22,200,200,0,0,0,0,0,15,15,0,0,0,0,0)
Skill = (23,0,2147483647,0,0,0,0,0,0,0,0,0,1000,2147483647,2147483647)
Skill = (24,0,2147483647,0,0,0,0,0,0,0,0,0,1000,2147483647,2147483647)

Spells      = {1,3,6,8,10,11,20,29,44,45,51,76,79,81,95}
QuestValues = {(3,1),(4,1),(5,1),(6,1),(7,1),(8,1),(9,1),(10,1),(11,1),(12,1),(14,1),(15,1),(16,1),(21,1),(22,1),(23,1),(32,1),(33,1),(34,1),(39,1),(49,1),(50,1),(55,1),(58,1),(59,1),(61,1),(62,2),(63,1),(64,1),(67,1),(76,1),(77,1),(78,1),(88,1),(89,1),(90,1),(96,1),(97,1),(98,1),(110,1),(111,1),(112,1),(122,1),(123,1),(127,1),(130,1),(131,1),(132,1),(133,1),(135,1),(136,1),(137,1),(140,1),(141,1),(143,1),(145,1),(146,1),(147,1),(148,1),(149,1),(150,1),(151,1),(152,1),(153,1),(154,1),(155,1),(156,1),(157,1),(158,1),(159,1),(160,1),(161,1),(162,1),(163,1),(170,1),(171,1),(172,1),(173,1),(174,1),(179,1),(180,1),(190,1),(191,1),(193,1),(194,1),(195,1),(196,1),(197,1),(198,1),(200,1),(201,1),(202,1),(205,1),(213,1),(214,1),(215,1),(222,1),(224,1),(225,1),(227,5),(228,2),(229,3),(230,21),(231,2),(232,1),(233,10),(234,7),(235,1),(236,1),(237,1),(238,1),(239,1),(240,1),(241,1),(242,1),(243,1),(244,2),(245,2),(246,1),(247,1),(248,1),(249,5),(250,5),(251,2),(292,1)}
Murders     = {1130594665}
