ID              = 8197119
Name            = "Ricitos De Oro"
Race            = 1
Profession      = 2
OriginalOutfit  = 137-79-2-2-2
CurrentOutfit   = 137-79-2-2-2
LastLogin       = 1132012756
LastLogout      = 1132012762
StartPosition   = [32732,31634,7]
CurrentPosition = [32680,31689,6]
PlayerkillerEnd = 0

Skill = (0,16,0,1,0,0,0,0,0,0,1,48648,0,57600,100)
Skill = (1,6,0,0,0,0,0,0,0,0,0,346,1400,477,20)
Skill = (2,265,265,0,0,0,0,0,0,0,10,0,0,0,0)
Skill = (3,10,155,0,0,0,0,0,0,0,15,0,0,0,0)
Skill = (4,85,85,0,0,0,0,0,0,0,1,0,0,0,0)
Skill = (5,630,630,0,0,0,0,0,0,0,20,0,0,0,0)
Skill = (6,25,0,10,0,0,0,0,0,0,0,3484,1100,3594,100)
Skill = (7,44,0,10,0,0,0,0,0,0,0,7620,1100,8130,30)
Skill = (8,10,0,10,0,0,0,0,0,0,0,31,1200,50,50)
Skill = (9,13,0,10,0,0,0,0,0,0,0,193,1200,268,50)
Skill = (10,10,0,10,0,0,0,0,0,0,0,49,1200,50,50)
Skill = (11,12,0,10,0,0,0,0,0,0,0,177,1200,181,50)
Skill = (12,0,2147483647,0,0,0,0,0,0,0,0,0,1000,2147483647,2147483647)
Skill = (13,15,0,10,0,0,0,0,0,0,0,146,1100,154,20)
Skill = (14,0,1200,0,0,0,0,0,0,0,0,0,0,0,0)
Skill = (15,0,2147483647,0,0,0,0,0,0,0,0,0,1000,2147483647,2147483647)
Skill = (16,0,2147483647,0,0,0,0,0,0,0,0,0,1000,2147483647,2147483647)
Skill = (17,0,2147483647,0,0,0,0,0,0,0,0,0,50,2147483647,2147483647)
Skill = (18,0,2147483647,0,0,0,0,0,0,0,0,0,1000,2147483647,2147483647)
Skill = (19,0,2147483647,0,0,0,0,0,0,0,0,0,1000,2147483647,2147483647)
Skill = (20,0,2147483647,0,0,0,0,0,0,0,0,0,1000,2147483647,2147483647)
Skill = (21,0,2147483647,0,0,0,0,0,0,0,0,0,1000,2147483647,2147483647)
Skill = (22,100,100,0,0,0,0,0,0,0,0,0,0,0,0)
Skill = (23,0,2147483647,0,0,0,0,0,0,0,0,0,1000,2147483647,2147483647)
Skill = (24,0,2147483647,0,0,0,0,0,0,0,0,0,1000,2147483647,2147483647)

Spells      = {1,2,3,8,10,29,42,51}
QuestValues = {(17,1),(20,1),(21,1),(22,1),(23,1),(93,1),(94,1),(95,1),(96,1),(97,1),(98,1),(99,1),(106,1),(113,1),(114,1),(125,1),(126,1),(138,1),(139,1),(190,1),(191,1)}
Murders     = {1130791511,1131835373}
