ID              = 8302719
Name            = "Foxenya"
Race            = 1
Profession      = 1
OriginalOutfit  = 129-39-21-21-21
CurrentOutfit   = 129-39-21-21-21
LastLogin       = 1132145036
LastLogout      = 1132145038
StartPosition   = [32957,32076,7]
CurrentPosition = [32648,31911,8]
PlayerkillerEnd = 0

Skill = (0,25,0,1,0,0,0,0,0,0,1,221453,0,232500,100)
Skill = (1,3,0,0,0,0,0,0,0,0,0,759,3000,800,20)
Skill = (2,440,440,0,0,0,0,0,0,0,15,0,0,0,0)
Skill = (3,8,120,0,0,0,0,0,0,0,5,0,0,0,0)
Skill = (4,94,94,0,0,0,0,0,0,0,1,0,0,0,0)
Skill = (5,895,895,0,0,0,0,0,0,0,25,0,0,0,0)
Skill = (6,46,0,10,0,0,0,0,0,0,0,30713,1100,33003,100)
Skill = (7,10,0,10,0,0,0,0,0,0,0,0,1400,30,30)
Skill = (8,10,0,10,0,0,0,0,0,0,0,0,1100,50,50)
Skill = (9,10,0,10,0,0,0,0,0,0,0,0,1100,50,50)
Skill = (10,51,0,10,0,0,0,0,0,0,0,24893,1100,26881,50)
Skill = (11,10,0,10,0,0,0,0,0,0,0,2,1100,50,50)
Skill = (12,0,2147483647,0,0,0,0,0,0,0,0,0,1000,2147483647,2147483647)
Skill = (13,26,0,10,0,0,0,0,0,0,0,770,1100,810,20)
Skill = (14,0,1200,0,0,0,890,0,0,0,0,0,0,0,0)
Skill = (15,0,2147483647,0,0,0,5,0,39,83,0,0,1000,2147483647,2147483647)
Skill = (16,0,2147483647,0,0,0,0,0,0,0,0,0,1000,2147483647,2147483647)
Skill = (17,0,2147483647,0,0,0,0,0,3,3,0,0,50,2147483647,2147483647)
Skill = (18,0,2147483647,0,0,0,0,0,8,8,0,0,1000,2147483647,2147483647)
Skill = (19,0,2147483647,0,0,0,0,0,0,0,0,0,1000,2147483647,2147483647)
Skill = (20,0,2147483647,0,0,0,0,0,0,0,0,0,1000,2147483647,2147483647)
Skill = (21,0,2147483647,0,0,0,0,0,0,0,0,0,1000,2147483647,2147483647)
Skill = (22,100,100,0,0,0,0,0,120,120,0,0,0,0,0)
Skill = (23,0,2147483647,0,0,0,0,0,0,0,0,0,1000,2147483647,2147483647)
Skill = (24,0,2147483647,0,0,0,0,0,0,0,0,0,1000,2147483647,2147483647)

Spells      = {1,10}
QuestValues = {(18,1),(20,1),(21,1),(22,1),(23,1),(223,1)}
Murders     = {}
