ID              = 8365819
Name            = "Renji the Soul Slayer"
Race            = 1
Profession      = 4
OriginalOutfit  = 129-94-114-114-95
CurrentOutfit   = 129-94-114-114-95
LastLogin       = 1115315305
LastLogout      = 1115316681
StartPosition   = [32369,32241,7]
CurrentPosition = [32369,32241,7]
PlayerkillerEnd = 0

Skill = (0,8,0,1,0,0,0,0,0,0,1,4451,0,6400,100)
Skill = (1,1,0,0,0,0,0,0,0,0,0,23,1100,42,20)
Skill = (2,33,185,0,0,0,0,0,0,0,5,0,0,0,0)
Skill = (3,4,35,0,0,0,0,0,0,0,30,0,0,0,0)
Skill = (4,77,77,0,0,0,0,0,0,0,1,0,0,0,0)
Skill = (5,470,470,0,0,0,0,0,0,0,10,0,0,0,0)
Skill = (6,18,0,10,0,0,0,0,0,0,0,5050,1500,7488,100)
Skill = (7,10,0,10,0,0,0,0,0,0,0,0,1800,30,30)
Skill = (8,16,0,10,0,0,0,0,0,0,0,2949,1800,3763,50)
Skill = (9,13,0,10,0,0,0,0,0,0,0,367,1800,593,50)
Skill = (10,10,0,10,0,0,0,0,0,0,0,0,1800,50,50)
Skill = (11,10,0,10,0,0,0,0,0,0,0,2,1500,50,50)
Skill = (12,0,2147483647,0,0,0,0,0,0,0,0,0,1000,2147483647,2147483647)
Skill = (13,27,0,10,0,0,0,0,0,0,0,832,1100,911,20)
Skill = (14,0,1200,0,0,0,625,0,0,0,0,0,0,0,0)
Skill = (15,0,2147483647,0,0,0,6,0,75,83,0,0,1000,2147483647,2147483647)
Skill = (16,0,2147483647,0,0,0,0,0,0,0,0,0,1000,2147483647,2147483647)
Skill = (17,0,2147483647,0,0,0,0,0,0,0,0,0,50,2147483647,2147483647)
Skill = (18,0,2147483647,0,0,0,0,0,8,8,0,0,1000,2147483647,2147483647)
Skill = (19,0,2147483647,0,0,0,0,0,0,0,0,0,1000,2147483647,2147483647)
Skill = (20,0,2147483647,0,0,0,0,0,0,0,0,0,1000,2147483647,2147483647)
Skill = (21,0,2147483647,0,0,0,0,0,0,0,0,0,1000,2147483647,2147483647)
Skill = (22,200,200,0,0,0,0,0,0,0,0,0,0,0,0)
Skill = (23,0,2147483647,0,0,0,0,0,0,0,0,0,1000,2147483647,2147483647)
Skill = (24,0,2147483647,0,0,0,0,0,0,0,0,0,1000,2147483647,2147483647)

Spells      = {10,42}
QuestValues = {(20,1),(21,1),(22,1),(23,1),(32,1),(33,1),(34,1)}
Murders     = {}
