ID              = 9146419
Name            = "Dark Ulen"
Race            = 1
Profession      = 4
OriginalOutfit  = 129-114-94-114-94
CurrentOutfit   = 129-114-94-114-94
LastLogin       = 1131898675
LastLogout      = 1131898708
StartPosition   = [32360,31782,7]
CurrentPosition = [32484,31610,7]
PlayerkillerEnd = 0

Skill = (0,6,0,1,0,0,0,0,0,0,1,1591,0,2600,100)
Skill = (1,2,0,0,0,0,0,0,0,0,0,49,1100,66,20)
Skill = (2,117,175,0,0,0,0,0,0,0,5,0,0,0,0)
Skill = (3,-25,-25,0,0,0,0,0,0,0,30,0,0,0,0)
Skill = (4,75,75,0,0,0,0,0,0,0,1,0,0,0,0)
Skill = (5,450,450,0,0,0,0,0,0,0,10,0,0,0,0)
Skill = (6,13,0,10,0,0,0,0,0,0,0,765,1500,812,100)
Skill = (7,10,0,10,0,0,0,0,0,0,0,3,1800,30,30)
Skill = (8,13,0,10,0,0,0,0,0,0,0,495,1800,593,50)
Skill = (9,10,0,10,0,0,0,0,0,0,0,7,1800,50,50)
Skill = (10,11,0,10,0,0,0,0,0,0,0,110,1800,140,50)
Skill = (11,10,0,10,0,0,0,0,0,0,0,35,1500,50,50)
Skill = (12,0,2147483647,0,0,0,0,0,0,0,0,0,1000,2147483647,2147483647)
Skill = (13,11,0,10,0,0,0,0,0,0,0,41,1100,42,20)
Skill = (14,0,1200,0,0,0,0,0,0,0,0,0,0,0,0)
Skill = (15,0,2147483647,0,0,0,0,0,0,0,0,0,1000,2147483647,2147483647)
Skill = (16,0,2147483647,0,0,0,0,0,0,0,0,0,1000,2147483647,2147483647)
Skill = (17,0,2147483647,0,0,0,0,0,0,0,0,0,50,2147483647,2147483647)
Skill = (18,0,2147483647,0,0,0,0,0,0,0,0,0,1000,2147483647,2147483647)
Skill = (19,0,2147483647,0,0,0,0,0,0,0,0,0,1000,2147483647,2147483647)
Skill = (20,0,2147483647,0,0,0,0,0,0,0,0,0,1000,2147483647,2147483647)
Skill = (21,0,2147483647,0,0,0,0,0,0,0,0,0,1000,2147483647,2147483647)
Skill = (22,92,100,0,0,0,1,0,49,120,0,0,0,0,0)
Skill = (23,0,2147483647,0,0,0,0,0,0,0,0,0,1000,2147483647,2147483647)
Skill = (24,0,2147483647,0,0,0,0,0,0,0,0,0,1000,2147483647,2147483647)

Spells      = {5,8,9,10,12,14,17,20,29,30,31,38,42,44,45}
QuestValues = {(20,1),(21,1),(22,1),(23,1),(32,1),(33,1),(34,1),(35,1),(59,1),(125,1),(126,1)}
Murders     = {}
