ID              = 9195419
Name            = "Sir-Dark-Devil"
Race            = 1
Profession      = 1
OriginalOutfit  = 130-39-85-19-19
CurrentOutfit   = 130-39-85-19-19
LastLogin       = 1122843921
LastLogout      = 1122843928
StartPosition   = [32732,31634,7]
CurrentPosition = [32732,31634,7]
PlayerkillerEnd = 0

Skill = (0,11,0,1,0,0,0,0,0,0,1,16993,0,17600,100)
Skill = (1,2,0,0,0,0,0,0,0,0,0,256,3000,260,20)
Skill = (2,153,230,0,0,0,0,0,0,0,15,0,0,0,0)
Skill = (3,3,50,0,0,0,0,0,0,0,5,0,0,0,0)
Skill = (4,80,80,0,0,0,0,0,0,0,1,0,0,0,0)
Skill = (5,545,545,0,0,0,0,0,0,0,25,0,0,0,0)
Skill = (6,46,0,10,0,0,0,0,0,0,0,30702,1100,33003,100)
Skill = (7,10,0,10,0,0,0,0,0,0,0,0,1400,30,30)
Skill = (8,10,0,10,0,0,0,0,0,0,0,2,1100,50,50)
Skill = (9,10,0,10,0,0,0,0,0,0,0,0,1100,50,50)
Skill = (10,47,0,10,0,0,0,0,0,0,0,16641,1100,18202,50)
Skill = (11,10,0,10,0,0,0,0,0,0,0,2,1100,50,50)
Skill = (12,0,2147483647,0,0,0,0,0,0,0,0,0,1000,2147483647,2147483647)
Skill = (13,35,0,10,0,0,0,0,0,0,0,2069,1100,2183,20)
Skill = (14,0,1200,0,0,0,903,0,0,0,0,0,0,0,0)
Skill = (15,0,2147483647,0,0,0,0,0,83,83,0,0,1000,2147483647,2147483647)
Skill = (16,0,2147483647,0,0,0,0,0,0,0,0,0,1000,2147483647,2147483647)
Skill = (17,0,2147483647,0,0,0,0,0,0,0,0,0,50,2147483647,2147483647)
Skill = (18,0,2147483647,0,0,0,0,0,8,8,0,0,1000,2147483647,2147483647)
Skill = (19,0,2147483647,0,0,0,0,0,0,0,0,0,1000,2147483647,2147483647)
Skill = (20,0,2147483647,0,0,0,0,0,0,0,0,0,1000,2147483647,2147483647)
Skill = (21,0,2147483647,0,0,0,0,0,0,0,0,0,1000,2147483647,2147483647)
Skill = (22,200,200,0,0,0,0,0,0,0,0,0,0,0,0)
Skill = (23,0,2147483647,0,0,0,0,0,0,0,0,0,1000,2147483647,2147483647)
Skill = (24,0,2147483647,0,0,0,0,0,0,0,0,0,1000,2147483647,2147483647)

Spells      = {1,10,20,29}
QuestValues = {(18,1),(20,1),(21,1),(22,1),(23,1),(27,1),(32,1),(33,1),(34,1),(96,1),(97,1),(98,1),(125,1),(126,1),(224,1)}
Murders     = {}
