ID              = 9363119
Name            = "Oswy-wan"
Race            = 1
Profession      = 2
OriginalOutfit  = 134-39-68-114-95
CurrentOutfit   = 134-39-68-114-95
LastLogin       = 1132113200
LastLogout      = 1132113261
StartPosition   = [32957,32076,7]
CurrentPosition = [32933,32073,7]
PlayerkillerEnd = 0

Skill = (0,20,0,1,0,0,0,0,0,0,1,99886,0,116000,100)
Skill = (1,10,0,0,0,0,0,0,0,0,0,1417,1400,1974,20)
Skill = (2,305,305,0,0,0,0,0,0,0,10,0,0,0,0)
Skill = (3,113,215,0,0,0,0,0,0,0,15,0,0,0,0)
Skill = (4,89,89,0,0,0,0,0,0,0,1,0,0,0,0)
Skill = (5,710,710,0,0,0,0,0,0,0,20,0,0,0,0)
Skill = (6,34,0,10,0,0,0,0,0,0,0,9337,1100,9834,100)
Skill = (7,52,0,10,0,0,0,0,0,0,0,17049,1100,17772,30)
Skill = (8,15,0,10,0,0,0,0,0,0,0,417,1200,496,50)
Skill = (9,20,0,10,0,0,0,0,0,0,0,1337,1200,1607,50)
Skill = (10,10,0,10,0,0,0,0,0,0,0,26,1200,50,50)
Skill = (11,21,0,10,0,0,0,0,0,0,0,1666,1200,1979,50)
Skill = (12,0,2147483647,0,0,0,0,0,0,0,0,0,1000,2147483647,2147483647)
Skill = (13,36,0,10,0,0,0,0,0,0,0,2242,1100,2421,20)
Skill = (14,0,1200,0,0,0,706,0,0,0,0,0,0,0,0)
Skill = (15,0,2147483647,0,0,0,0,0,0,0,0,0,1000,2147483647,2147483647)
Skill = (16,0,2147483647,0,0,0,0,0,0,0,0,0,1000,2147483647,2147483647)
Skill = (17,0,2147483647,0,0,0,0,0,3,3,0,0,50,2147483647,2147483647)
Skill = (18,0,2147483647,0,0,0,0,0,0,0,0,0,1000,2147483647,2147483647)
Skill = (19,0,2147483647,0,0,0,0,0,0,0,0,0,1000,2147483647,2147483647)
Skill = (20,0,2147483647,0,0,0,0,0,0,0,0,0,1000,2147483647,2147483647)
Skill = (21,0,2147483647,0,0,0,0,0,0,0,0,0,1000,2147483647,2147483647)
Skill = (22,100,100,0,0,0,0,0,120,120,0,0,0,0,0)
Skill = (23,0,2147483647,0,0,0,0,0,0,0,0,0,1000,2147483647,2147483647)
Skill = (24,0,2147483647,0,0,0,0,0,0,0,0,0,1000,2147483647,2147483647)

Spells      = {1,3,8,10,15,20,29,30,42,49,51}
QuestValues = {(20,1),(21,1),(22,1),(23,1),(27,1),(32,1),(33,1),(34,1),(35,1),(58,1),(59,1),(93,1),(94,1),(95,1),(96,1),(97,1),(98,1),(99,1),(106,1),(107,1),(109,1),(115,1),(153,1),(208,1),(223,1),(253,1)}
Murders     = {}
