ID              = 9676219
Name            = "Aluros"
Race            = 1
Profession      = 3
OriginalOutfit  = 130-114-76-114-114
CurrentOutfit   = 130-114-76-114-114
LastLogin       = 1122934490
LastLogout      = 1122938942
StartPosition   = [32360,31782,7]
CurrentPosition = [32360,31782,7]
PlayerkillerEnd = 0

Skill = (0,11,0,1,0,0,0,0,0,0,1,13892,0,17600,100)
Skill = (1,21,0,0,0,0,0,0,0,0,0,1347,1100,1428,20)
Skill = (2,200,200,0,0,0,0,0,0,0,5,0,0,0,0)
Skill = (3,40,125,0,0,0,0,0,0,0,30,0,0,0,0)
Skill = (4,80,80,0,0,0,0,0,0,0,1,0,0,0,0)
Skill = (5,500,500,0,0,0,0,0,0,0,10,0,0,0,0)
Skill = (6,16,0,10,0,0,0,0,0,0,0,2504,1500,3217,100)
Skill = (7,10,0,10,0,0,0,0,0,0,0,0,2000,30,30)
Skill = (8,16,0,10,0,0,0,0,0,0,0,4664,2000,6350,50)
Skill = (9,10,0,10,0,0,0,0,0,0,0,0,2000,50,50)
Skill = (10,10,0,10,0,0,0,0,0,0,0,15,2000,50,50)
Skill = (11,11,0,10,0,0,0,0,0,0,0,83,1500,125,50)
Skill = (12,0,2147483647,0,0,0,0,0,0,0,0,0,1000,2147483647,2147483647)
Skill = (13,48,0,10,0,0,0,0,0,0,0,7712,1100,8028,20)
Skill = (14,0,1200,0,0,0,1182,0,0,0,0,0,0,0,0)
Skill = (15,0,2147483647,0,0,0,0,0,83,83,0,0,1000,2147483647,2147483647)
Skill = (16,0,2147483647,0,0,0,0,0,0,0,0,0,1000,2147483647,2147483647)
Skill = (17,0,2147483647,0,0,0,0,0,3,3,0,0,50,2147483647,2147483647)
Skill = (18,0,2147483647,0,0,0,0,0,8,8,0,0,1000,2147483647,2147483647)
Skill = (19,0,2147483647,0,0,0,0,0,0,0,0,0,1000,2147483647,2147483647)
Skill = (20,0,2147483647,0,0,0,0,0,0,0,0,0,1000,2147483647,2147483647)
Skill = (21,0,2147483647,0,0,0,0,0,0,0,0,0,1000,2147483647,2147483647)
Skill = (22,200,200,0,0,0,0,0,0,0,0,0,0,0,0)
Skill = (23,0,2147483647,0,0,0,0,0,0,0,0,0,1000,2147483647,2147483647)
Skill = (24,0,2147483647,0,0,0,0,0,0,0,0,0,1000,2147483647,2147483647)

Spells      = {1,8,10,20}
QuestValues = {(20,1),(22,1),(23,1)}
Murders     = {}
