ID              = 11249547
Name            = "Espadachim Zela"
Race            = 1
Profession      = 3
OriginalOutfit  = 130-88-57-88-113
CurrentOutfit   = 130-88-57-88-113
LastLogin       = 1132090555
LastLogout      = 1132093648
StartPosition   = [32360,31782,7]
CurrentPosition = [32535,31912,7]
PlayerkillerEnd = 0

Skill = (0,7,0,1,0,0,0,0,0,0,1,2978,0,4200,100)
Skill = (1,0,0,0,0,0,0,0,0,0,0,0,1100,20,20)
Skill = (2,168,180,0,0,0,0,0,0,0,5,0,0,0,0)
Skill = (3,-70,-70,0,0,0,0,0,0,0,30,0,0,0,0)
Skill = (4,76,76,0,0,0,0,0,0,0,1,0,0,0,0)
Skill = (5,460,460,0,0,0,0,0,0,0,10,0,0,0,0)
Skill = (6,17,0,10,0,0,0,0,0,0,0,3611,1500,4925,100)
Skill = (7,10,0,10,0,0,0,0,0,0,0,9,2000,30,30)
Skill = (8,16,0,10,0,0,0,0,0,0,0,3612,2000,6350,50)
Skill = (9,12,0,10,0,0,0,0,0,0,0,187,2000,350,50)
Skill = (10,10,0,10,0,0,0,0,0,0,0,0,2000,50,50)
Skill = (11,10,0,10,0,0,0,0,0,0,0,14,1500,50,50)
Skill = (12,0,2147483647,0,0,0,0,0,0,0,0,0,1000,2147483647,2147483647)
Skill = (13,16,0,10,0,0,0,0,0,0,0,187,1100,189,20)
Skill = (14,0,1200,0,0,0,139,0,0,0,0,0,0,0,0)
Skill = (15,0,2147483647,0,0,0,0,0,0,0,0,0,1000,2147483647,2147483647)
Skill = (16,0,2147483647,0,0,0,0,0,0,0,0,0,1000,2147483647,2147483647)
Skill = (17,0,2147483647,0,0,0,0,0,0,0,0,0,50,2147483647,2147483647)
Skill = (18,0,2147483647,0,0,0,0,0,0,0,0,0,1000,2147483647,2147483647)
Skill = (19,0,2147483647,0,0,0,0,0,0,0,0,0,1000,2147483647,2147483647)
Skill = (20,0,2147483647,0,0,0,0,0,0,0,0,0,1000,2147483647,2147483647)
Skill = (21,0,2147483647,0,0,0,0,0,0,0,0,0,1000,2147483647,2147483647)
Skill = (22,100,100,0,0,0,0,0,120,120,0,0,0,0,0)
Skill = (23,0,2147483647,0,0,0,0,0,0,0,0,0,1000,2147483647,2147483647)
Skill = (24,0,2147483647,0,0,0,0,0,0,0,0,0,1000,2147483647,2147483647)

Spells      = {10}
QuestValues = {(21,1),(22,1),(32,1),(33,1),(34,1),(35,1),(58,1),(59,1),(60,1)}
Murders     = {}
