ID              = 7993647
Name            = "Angel Zalath"
Race            = 1
Profession      = 12
OriginalOutfit  = 133-40-117-114-117
CurrentOutfit   = 133-40-117-114-117
LastLogin       = 1131760052
LastLogout      = 1131760055
StartPosition   = [32957,32076,7]
CurrentPosition = [32348,32220,5]
PlayerkillerEnd = 0

Skill = (0,15,0,1,0,0,0,0,0,0,1,40074,0,47000,100)
Skill = (1,5,0,0,0,0,0,0,0,0,0,321,1400,326,20)
Skill = (2,175,255,0,0,0,0,0,0,0,10,0,0,0,0)
Skill = (3,5,140,0,0,0,0,0,0,0,15,0,0,0,0)
Skill = (4,84,84,0,0,0,0,0,10,10,1,0,0,0,0)
Skill = (5,610,610,0,0,0,0,0,0,0,20,0,0,0,0)
Skill = (6,25,0,10,0,0,0,0,0,0,0,3503,1100,3594,100)
Skill = (7,41,0,10,0,0,0,0,0,0,0,5831,1100,6034,30)
Skill = (8,10,0,10,0,0,0,0,0,0,0,31,1200,50,50)
Skill = (9,10,0,10,0,0,0,0,0,0,0,9,1200,50,50)
Skill = (10,10,0,10,0,0,0,0,0,0,0,9,1200,50,50)
Skill = (11,11,0,10,0,0,0,0,0,0,0,73,1200,109,50)
Skill = (12,0,2147483647,0,0,0,0,0,0,0,0,0,1000,2147483647,2147483647)
Skill = (13,14,0,10,0,0,0,0,0,0,0,103,1100,122,20)
Skill = (14,0,1200,0,0,0,0,0,0,0,0,0,0,0,0)
Skill = (15,0,2147483647,0,0,0,0,0,0,0,0,0,1000,2147483647,2147483647)
Skill = (16,0,2147483647,0,0,0,0,0,0,0,0,0,1000,2147483647,2147483647)
Skill = (17,0,2147483647,0,0,0,0,0,0,0,0,0,50,2147483647,2147483647)
Skill = (18,0,2147483647,0,0,0,0,0,0,0,0,0,1000,2147483647,2147483647)
Skill = (19,0,2147483647,0,0,0,0,0,0,0,0,0,1000,2147483647,2147483647)
Skill = (20,0,2147483647,0,0,0,0,0,0,0,0,0,1000,2147483647,2147483647)
Skill = (21,0,2147483647,0,0,0,0,0,0,0,0,0,1000,2147483647,2147483647)
Skill = (22,100,100,0,0,0,0,0,0,0,0,0,0,0,0)
Skill = (23,0,2147483647,0,0,0,0,0,0,0,0,0,1000,2147483647,2147483647)
Skill = (24,0,2147483647,0,0,0,0,0,0,0,0,0,1000,2147483647,2147483647)

Spells      = {1,3,6,8,10,20,29,42,44,51,76,79,81}
QuestValues = {(1,2),(2,6),(14,1),(15,1),(16,1),(20,1),(21,1),(22,1),(23,1),(25,1),(26,1),(27,1),(28,1),(30,1),(31,1),(32,1),(33,1),(34,1),(37,1),(38,1),(39,1),(41,1),(42,1),(43,1),(44,1),(56,1),(77,1),(78,1),(84,1),(85,1),(86,1),(87,1),(88,1),(89,1),(90,1),(91,1),(92,1),(93,1),(94,1),(95,1),(96,1),(97,1),(98,1),(99,1),(100,1),(106,1),(107,1),(108,1),(109,1),(111,1),(112,1),(115,1),(121,1),(135,1),(136,1),(137,1),(140,1),(141,1),(143,1),(145,1),(146,1),(147,1),(148,1),(149,1),(150,1),(151,1),(152,1),(153,1),(155,1),(156,1),(157,1),(158,1),(190,1),(191,1),(200,1),(201,1),(202,1),(208,1),(211,4),(224,1),(253,1),(254,1),(257,1)}
Murders     = {}
