ID              = 8164847
Name            = "Udp"
Race            = 1
Profession      = 2
OriginalOutfit  = 133-114-126-0-114
CurrentOutfit   = 133-114-126-0-114
LastLogin       = 1131353105
LastLogout      = 1131353115
StartPosition   = [32369,32241,7]
CurrentPosition = [32344,32223,7]
PlayerkillerEnd = 0

Skill = (0,10,0,1,0,0,0,0,0,0,1,11187,0,13000,100)
Skill = (1,5,0,0,0,0,0,0,0,0,0,218,1400,326,20)
Skill = (2,205,205,0,0,0,0,0,0,0,10,0,0,0,0)
Skill = (3,25,65,0,0,0,0,0,0,0,15,0,0,0,0)
Skill = (4,79,79,0,0,0,0,0,0,0,1,0,0,0,0)
Skill = (5,510,510,0,0,0,0,0,0,0,20,0,0,0,0)
Skill = (6,33,0,10,0,0,0,0,0,0,0,8793,1100,8849,100)
Skill = (7,37,0,10,0,0,0,0,0,0,0,3905,1100,4026,30)
Skill = (8,10,0,10,0,0,0,0,0,0,0,17,1200,50,50)
Skill = (9,12,0,10,0,0,0,0,0,0,0,159,1200,181,50)
Skill = (10,10,0,10,0,0,0,0,0,0,0,0,1200,50,50)
Skill = (11,22,0,10,0,0,0,0,0,0,0,2060,1200,2424,50)
Skill = (12,0,2147483647,0,0,0,0,0,0,0,0,0,1000,2147483647,2147483647)
Skill = (13,17,0,10,0,0,0,0,0,0,0,214,1100,228,20)
Skill = (14,0,1200,0,0,0,0,0,0,0,0,0,0,0,0)
Skill = (15,0,2147483647,0,0,0,0,0,0,0,0,0,1000,2147483647,2147483647)
Skill = (16,0,2147483647,0,0,0,0,0,0,0,0,0,1000,2147483647,2147483647)
Skill = (17,0,2147483647,0,0,0,0,0,0,0,0,0,50,2147483647,2147483647)
Skill = (18,0,2147483647,0,0,0,0,0,0,0,0,0,1000,2147483647,2147483647)
Skill = (19,0,2147483647,0,0,0,0,0,0,0,0,0,1000,2147483647,2147483647)
Skill = (20,0,2147483647,0,0,0,0,0,0,0,0,0,1000,2147483647,2147483647)
Skill = (21,0,2147483647,0,0,0,0,0,0,0,0,0,1000,2147483647,2147483647)
Skill = (22,100,100,0,0,0,0,0,0,0,0,0,0,0,0)
Skill = (23,0,2147483647,0,0,0,0,0,0,0,0,0,1000,2147483647,2147483647)
Skill = (24,0,2147483647,0,0,0,0,0,0,0,0,0,1000,2147483647,2147483647)

Spells      = {1,8,10,20,51}
QuestValues = {(20,1),(21,1),(23,1),(32,1),(33,1),(34,1),(59,1),(100,1),(109,1)}
Murders     = {}
