ID              = 8634847
Name            = "Dark Berto"
Race            = 1
Profession      = 14
OriginalOutfit  = 134-3-85-104-123
CurrentOutfit   = 134-3-85-104-123
LastLogin       = 1132109470
LastLogout      = 1132109474
StartPosition   = [33194,32853,8]
CurrentPosition = [33155,32785,7]
PlayerkillerEnd = 0

Skill = (0,27,0,1,0,0,0,0,0,0,1,271277,0,295200,100)
Skill = (1,34,0,0,0,0,0,0,0,0,0,5110,1100,5420,20)
Skill = (2,199,280,0,0,0,0,0,0,0,5,0,0,0,0)
Skill = (3,149,605,0,0,0,0,0,0,0,30,0,0,0,0)
Skill = (4,96,96,0,0,0,0,0,10,10,1,0,0,0,0)
Skill = (5,660,660,0,0,0,0,0,0,0,10,0,0,0,0)
Skill = (6,23,0,10,0,0,0,0,0,0,0,42615,1500,58185,100)
Skill = (7,10,0,10,0,0,0,0,0,0,0,14,1800,30,30)
Skill = (8,19,0,10,0,0,0,0,0,0,0,13648,1800,22252,50)
Skill = (9,11,0,10,0,0,0,0,0,0,0,60,1800,140,50)
Skill = (10,20,0,10,0,0,0,0,0,0,0,30215,1800,40105,50)
Skill = (11,12,0,10,0,0,0,0,0,0,0,159,1500,237,50)
Skill = (12,0,2147483647,0,0,0,0,0,0,0,0,0,1000,2147483647,2147483647)
Skill = (13,25,0,10,0,0,0,0,0,0,0,692,1100,718,20)
Skill = (14,0,1200,0,0,0,1,0,0,0,0,0,0,0,0)
Skill = (15,0,2147483647,0,0,0,0,0,0,0,0,0,1000,2147483647,2147483647)
Skill = (16,0,2147483647,0,0,0,0,0,0,0,0,0,1000,2147483647,2147483647)
Skill = (17,0,2147483647,0,0,0,0,0,3,3,0,0,50,2147483647,2147483647)
Skill = (18,0,2147483647,0,0,0,0,0,0,0,0,0,1000,2147483647,2147483647)
Skill = (19,0,2147483647,0,0,0,0,0,0,0,0,0,1000,2147483647,2147483647)
Skill = (20,0,2147483647,0,0,0,0,0,0,0,0,0,1000,2147483647,2147483647)
Skill = (21,0,2147483647,0,0,0,0,0,0,0,0,0,1000,2147483647,2147483647)
Skill = (22,200,200,0,0,0,0,0,15,15,0,0,0,0,0)
Skill = (23,0,2147483647,0,0,0,0,0,0,0,0,0,1000,2147483647,2147483647)
Skill = (24,0,2147483647,0,0,0,0,0,0,0,0,0,1000,2147483647,2147483647)

Spells      = {1,3,4,5,8,9,10,16,20,29,39,42,44,45,50}
QuestValues = {(86,1),(87,1),(190,1),(191,1)}
Murders     = {}
