ID              = 10939597
Name            = "Ondru Elena"
Race            = 1
Profession      = 2
OriginalOutfit  = 129-114-38-0-38
CurrentOutfit   = 129-114-38-0-38
LastLogin       = 1132044049
LastLogout      = 1132044061
StartPosition   = [32369,32241,7]
CurrentPosition = [32934,32172,8]
PlayerkillerEnd = 0

Skill = (0,12,0,1,0,0,0,0,0,0,1,20280,0,23200,100)
Skill = (1,6,0,0,0,0,0,0,0,0,0,363,1400,477,20)
Skill = (2,225,225,0,0,0,0,0,0,0,10,0,0,0,0)
Skill = (3,95,95,0,0,0,0,0,0,0,15,0,0,0,0)
Skill = (4,81,81,0,0,0,0,0,0,0,1,0,0,0,0)
Skill = (5,550,550,0,0,0,0,0,0,0,20,0,0,0,0)
Skill = (6,31,0,10,0,0,0,0,0,0,0,6845,1100,7140,100)
Skill = (7,27,0,10,0,0,0,0,0,0,0,1273,1100,1367,30)
Skill = (8,26,0,10,0,0,0,0,0,0,0,5216,1200,5296,50)
Skill = (9,11,0,10,0,0,0,0,0,0,0,99,1200,109,50)
Skill = (10,15,0,10,0,0,0,0,0,0,0,480,1200,496,50)
Skill = (11,11,0,10,0,0,0,0,0,0,0,72,1200,109,50)
Skill = (12,0,2147483647,0,0,0,0,0,0,0,0,0,1000,2147483647,2147483647)
Skill = (13,12,0,10,0,0,0,0,0,0,0,44,1100,66,20)
Skill = (14,0,1200,0,0,0,730,0,0,0,0,0,0,0,0)
Skill = (15,0,2147483647,0,0,0,0,0,83,83,0,0,1000,2147483647,2147483647)
Skill = (16,0,2147483647,0,0,0,0,0,0,0,0,0,1000,2147483647,2147483647)
Skill = (17,0,2147483647,0,0,0,0,0,3,3,0,0,50,2147483647,2147483647)
Skill = (18,0,2147483647,0,0,0,0,0,0,0,0,0,1000,2147483647,2147483647)
Skill = (19,0,2147483647,0,0,0,0,0,0,0,0,0,1000,2147483647,2147483647)
Skill = (20,0,2147483647,0,0,0,0,0,0,0,0,0,1000,2147483647,2147483647)
Skill = (21,0,2147483647,0,0,0,0,0,0,0,0,0,1000,2147483647,2147483647)
Skill = (22,100,100,0,0,0,0,0,120,120,0,0,0,0,0)
Skill = (23,0,2147483647,0,0,0,0,0,0,0,0,0,1000,2147483647,2147483647)
Skill = (24,0,2147483647,0,0,0,0,0,0,0,0,0,1000,2147483647,2147483647)

Spells      = {1,2,7,10,20,42,44,51}
QuestValues = {(18,1),(27,1),(35,1),(37,1),(59,1),(60,1),(61,1),(109,1),(125,1),(126,1),(223,1)}
Murders     = {}
