ID              = 8037597
Name            = "Shun'Galandriel"
Race            = 1
Profession      = 12
OriginalOutfit  = 134-0-114-114-94
CurrentOutfit   = 134-0-114-114-94
LastLogin       = 1131137587
LastLogout      = 1131139838
StartPosition   = [32957,32076,7]
CurrentPosition = [32454,32066,6]
PlayerkillerEnd = 0

Skill = (0,19,0,1,0,0,0,0,0,0,1,98106,0,98800,100)
Skill = (1,8,0,0,0,0,0,0,0,0,0,801,1400,983,20)
Skill = (2,257,295,0,0,0,0,0,0,0,10,0,0,0,0)
Skill = (3,141,200,0,0,0,0,0,0,0,15,0,0,0,0)
Skill = (4,88,88,0,0,0,0,0,10,10,1,0,0,0,0)
Skill = (5,690,690,0,0,0,0,0,0,0,20,0,0,0,0)
Skill = (6,37,0,10,0,0,0,0,0,0,0,13331,1100,13420,100)
Skill = (7,56,0,10,0,0,0,0,0,0,0,24038,1100,26159,30)
Skill = (8,11,0,10,0,0,0,0,0,0,0,67,1200,109,50)
Skill = (9,10,0,10,0,0,0,0,0,0,0,27,1200,50,50)
Skill = (10,10,0,10,0,0,0,0,0,0,0,9,1200,50,50)
Skill = (11,19,0,10,0,0,0,0,0,0,0,1243,1200,1297,50)
Skill = (12,0,2147483647,0,0,0,0,0,0,0,0,0,1000,2147483647,2147483647)
Skill = (13,19,0,10,0,0,0,0,0,0,0,308,1100,318,20)
Skill = (14,0,1200,0,0,0,741,0,0,0,0,0,0,0,0)
Skill = (15,0,2147483647,0,0,0,0,0,0,0,0,0,1000,2147483647,2147483647)
Skill = (16,0,2147483647,0,0,0,0,0,0,0,0,0,1000,2147483647,2147483647)
Skill = (17,0,2147483647,0,0,0,0,0,0,0,0,0,50,2147483647,2147483647)
Skill = (18,0,2147483647,0,0,0,0,0,0,0,0,0,1000,2147483647,2147483647)
Skill = (19,0,2147483647,0,0,0,0,0,0,0,0,0,1000,2147483647,2147483647)
Skill = (20,0,2147483647,0,0,0,0,0,0,0,0,0,1000,2147483647,2147483647)
Skill = (21,0,2147483647,0,0,0,0,0,0,0,0,0,1000,2147483647,2147483647)
Skill = (22,200,200,0,0,0,0,0,15,15,0,0,0,0,0)
Skill = (23,0,2147483647,0,0,0,0,0,0,0,0,0,1000,2147483647,2147483647)
Skill = (24,0,2147483647,0,0,0,0,0,0,0,0,0,1000,2147483647,2147483647)

Spells      = {1,2,3,6,8,11,20,29,42,49,51,76,79,81}
QuestValues = {(20,1),(21,1),(22,1),(23,1),(25,1),(26,1),(27,1),(32,1),(33,1),(34,1),(58,1),(59,1),(84,1),(85,1),(86,1),(87,1),(88,1),(89,1),(90,1),(91,1),(92,1),(96,1),(97,1),(98,1),(100,1),(106,1),(107,1),(109,1),(111,1),(112,1),(121,1),(125,1),(126,1),(153,1),(179,1),(180,1),(190,1),(191,1),(254,1)}
Murders     = {}
