ID              = 8059097
Name            = "Lord Chejiman"
Race            = 1
Profession      = 11
OriginalOutfit  = 134-88-94-88-114
CurrentOutfit   = 134-88-94-88-114
LastLogin       = 1128845406
LastLogout      = 1128845578
StartPosition   = [32360,31782,7]
CurrentPosition = [32326,31783,8]
PlayerkillerEnd = 0

Skill = (0,30,0,1,0,0,0,0,0,0,1,399260,0,409000,100)
Skill = (1,4,0,0,0,0,0,0,0,0,0,2032,3000,2420,20)
Skill = (2,435,515,0,0,0,0,0,0,0,15,0,0,0,0)
Skill = (3,0,145,0,0,0,0,0,0,0,5,0,0,0,0)
Skill = (4,99,99,0,0,0,0,0,0,0,1,0,0,0,0)
Skill = (5,1020,1020,0,0,0,0,0,0,0,25,0,0,0,0)
Skill = (6,63,0,10,0,0,0,0,0,0,0,157104,1100,170871,100)
Skill = (7,10,0,10,0,0,0,0,0,0,0,0,1400,30,30)
Skill = (8,66,0,10,0,0,0,0,0,0,0,107215,1100,113880,50)
Skill = (9,10,0,10,0,0,0,0,0,0,0,0,1100,50,50)
Skill = (10,10,0,10,0,0,0,0,0,0,0,0,1100,50,50)
Skill = (11,10,0,10,0,0,0,0,0,0,0,27,1100,50,50)
Skill = (12,0,2147483647,0,0,0,0,0,0,0,0,0,1000,2147483647,2147483647)
Skill = (13,56,0,10,0,0,0,0,0,0,0,17107,1100,17439,20)
Skill = (14,0,1200,0,0,0,0,0,0,0,0,0,0,0,0)
Skill = (15,0,2147483647,0,0,0,0,0,83,83,0,0,1000,2147483647,2147483647)
Skill = (16,0,2147483647,0,0,0,0,0,0,0,0,0,1000,2147483647,2147483647)
Skill = (17,0,2147483647,0,0,0,0,0,0,0,0,0,50,2147483647,2147483647)
Skill = (18,0,2147483647,0,0,0,0,0,8,8,0,0,1000,2147483647,2147483647)
Skill = (19,0,2147483647,0,0,0,0,0,0,0,0,0,1000,2147483647,2147483647)
Skill = (20,0,2147483647,0,0,0,0,0,0,0,0,0,1000,2147483647,2147483647)
Skill = (21,0,2147483647,0,0,0,0,0,0,0,0,0,1000,2147483647,2147483647)
Skill = (22,100,100,0,0,0,0,0,0,0,0,0,0,0,0)
Skill = (23,0,2147483647,0,0,0,0,0,0,0,0,0,1000,2147483647,2147483647)
Skill = (24,0,2147483647,0,0,0,0,0,0,0,0,0,1000,2147483647,2147483647)

Spells      = {1,6,10,29,76,81}
QuestValues = {(1,1),(2,6),(19,1),(20,1),(22,1),(23,1),(27,1),(32,1),(33,1),(34,1),(35,1),(41,1),(42,1),(43,1),(44,1),(59,1),(72,1),(73,1),(74,1),(75,1),(77,1),(78,1),(84,1),(85,1),(86,1),(87,1),(96,1),(97,1),(98,1),(106,1),(107,1),(109,1),(111,1),(112,1),(115,1),(125,1),(126,1),(143,1),(145,1),(146,1),(147,1),(190,1),(191,1),(208,1),(211,4),(224,1),(253,1)}
Murders     = {}
