ID              = 8741797
Name            = "Zaga Tormentor"
Race            = 1
Profession      = 2
OriginalOutfit  = 133-58-121-0-94
CurrentOutfit   = 133-58-121-0-94
LastLogin       = 1131773374
LastLogout      = 1131773507
StartPosition   = [32369,32241,7]
CurrentPosition = [32348,32214,7]
PlayerkillerEnd = 0

Skill = (0,21,0,1,0,0,0,0,0,0,1,128539,0,135100,100)
Skill = (1,9,0,0,0,0,0,0,0,0,0,984,1400,1396,20)
Skill = (2,315,315,0,0,0,0,0,0,0,10,0,0,0,0)
Skill = (3,70,230,0,0,0,0,0,0,0,15,0,0,0,0)
Skill = (4,90,90,0,0,0,0,0,0,0,1,0,0,0,0)
Skill = (5,730,730,0,0,0,0,0,0,0,20,0,0,0,0)
Skill = (6,50,0,10,0,0,0,0,0,0,0,48640,1100,48785,100)
Skill = (7,62,0,10,0,0,0,0,0,0,0,42711,1100,46574,30)
Skill = (8,10,0,10,0,0,0,0,0,0,0,41,1200,50,50)
Skill = (9,14,0,10,0,0,0,0,0,0,0,305,1200,372,50)
Skill = (10,10,0,10,0,0,0,0,0,0,0,6,1200,50,50)
Skill = (11,22,0,10,0,0,0,0,0,0,0,2341,1200,2424,50)
Skill = (12,0,2147483647,0,0,0,0,0,0,0,0,0,1000,2147483647,2147483647)
Skill = (13,42,0,10,0,0,0,0,0,0,0,4189,1100,4445,20)
Skill = (14,0,1200,0,0,0,364,0,0,0,0,0,0,0,0)
Skill = (15,0,2147483647,0,0,0,0,0,0,0,0,0,1000,2147483647,2147483647)
Skill = (16,0,2147483647,0,0,0,0,0,0,0,0,0,1000,2147483647,2147483647)
Skill = (17,0,2147483647,0,0,0,0,0,0,0,0,0,50,2147483647,2147483647)
Skill = (18,0,2147483647,0,0,0,0,0,0,0,0,0,1000,2147483647,2147483647)
Skill = (19,0,2147483647,0,0,0,0,0,0,0,0,0,1000,2147483647,2147483647)
Skill = (20,0,2147483647,0,0,0,0,0,0,0,0,0,1000,2147483647,2147483647)
Skill = (21,0,2147483647,0,0,0,0,0,0,0,0,0,1000,2147483647,2147483647)
Skill = (22,100,100,0,0,0,0,0,0,0,0,0,0,0,0)
Skill = (23,0,2147483647,0,0,0,0,0,0,0,0,0,1000,2147483647,2147483647)
Skill = (24,0,2147483647,0,0,0,0,0,0,0,0,0,1000,2147483647,2147483647)

Spells      = {3,8,42,51,76,79,81}
QuestValues = {(21,1),(22,1),(23,1),(27,1),(32,1),(33,1),(34,1),(190,1),(191,1)}
Murders     = {}
