ID              = 10011729
Name            = "Fate Kevorkian"
Race            = 1
Profession      = 11
OriginalOutfit  = 134-59-68-76-57
CurrentOutfit   = 134-59-68-76-57
LastLogin       = 1130280862
LastLogout      = 1130280948
StartPosition   = [32369,32241,7]
CurrentPosition = [32341,32223,7]
PlayerkillerEnd = 0

Skill = (0,24,0,1,0,0,0,0,0,0,1,181036,0,204800,100)
Skill = (1,4,0,0,0,0,0,0,0,0,0,856,3000,2420,20)
Skill = (2,425,425,0,0,0,0,0,0,0,15,0,0,0,0)
Skill = (3,69,115,0,0,0,0,0,0,0,5,0,0,0,0)
Skill = (4,93,93,0,0,0,0,0,0,0,1,0,0,0,0)
Skill = (5,870,870,0,0,0,0,0,0,0,25,0,0,0,0)
Skill = (6,57,0,10,0,0,0,0,0,0,0,93113,1100,96017,100)
Skill = (7,10,0,10,0,0,0,0,0,0,0,0,1400,30,30)
Skill = (8,10,0,10,0,0,0,0,0,0,0,0,1100,50,50)
Skill = (9,10,0,10,0,0,0,0,0,0,0,0,1100,50,50)
Skill = (10,58,0,10,0,0,0,0,0,0,0,49767,1100,52859,50)
Skill = (11,10,0,10,0,0,0,0,0,0,0,27,1100,50,50)
Skill = (12,0,2147483647,0,0,0,0,0,0,0,0,0,1000,2147483647,2147483647)
Skill = (13,40,0,10,0,0,0,0,0,0,0,3322,1100,3638,20)
Skill = (14,0,1200,0,0,0,0,0,0,0,0,0,0,0,0)
Skill = (15,0,2147483647,0,0,0,0,0,83,83,0,0,1000,2147483647,2147483647)
Skill = (16,0,2147483647,0,0,0,0,0,0,0,0,0,1000,2147483647,2147483647)
Skill = (17,0,2147483647,0,0,0,0,0,0,0,0,0,50,2147483647,2147483647)
Skill = (18,0,2147483647,0,0,0,0,0,0,0,0,0,1000,2147483647,2147483647)
Skill = (19,0,2147483647,0,0,0,0,0,0,0,0,0,1000,2147483647,2147483647)
Skill = (20,0,2147483647,0,0,0,0,0,0,0,0,0,1000,2147483647,2147483647)
Skill = (21,0,2147483647,0,0,0,0,0,0,0,0,0,1000,2147483647,2147483647)
Skill = (22,100,100,0,0,0,0,0,15,15,0,0,0,0,0)
Skill = (23,0,2147483647,0,0,0,0,0,0,0,0,0,1000,2147483647,2147483647)
Skill = (24,0,2147483647,0,0,0,0,0,0,0,0,0,1000,2147483647,2147483647)

Spells      = {1,10,20,76,81}
QuestValues = {(190,1),(191,1)}
Murders     = {}
