ID              = 10128829
Name            = "Hubbel Knubbel"
Race            = 1
Profession      = 2
OriginalOutfit  = 142-79-132-63-16
CurrentOutfit   = 142-79-132-63-16
LastLogin       = 1131800365
LastLogout      = 1131800392
StartPosition   = [32369,32241,7]
CurrentPosition = [32423,32206,7]
PlayerkillerEnd = 0

Skill = (0,10,0,1,0,0,0,0,0,0,1,11863,0,13000,100)
Skill = (1,6,0,0,0,0,0,0,0,0,0,453,1400,477,20)
Skill = (2,205,205,0,0,0,0,0,0,0,10,0,0,0,0)
Skill = (3,5,65,0,0,0,0,0,0,0,15,0,0,0,0)
Skill = (4,79,79,0,0,0,0,0,10,10,1,0,0,0,0)
Skill = (5,510,510,0,0,0,0,0,0,0,20,0,0,0,0)
Skill = (6,18,0,10,0,0,0,0,0,0,0,1307,1100,1357,100)
Skill = (7,34,0,10,0,0,0,0,0,0,0,2834,1100,2950,30)
Skill = (8,10,0,10,0,0,0,0,0,0,0,0,1200,50,50)
Skill = (9,15,0,10,0,0,0,0,0,0,0,486,1200,496,50)
Skill = (10,11,0,10,0,0,0,0,0,0,0,60,1200,109,50)
Skill = (11,12,0,10,0,0,0,0,0,0,0,167,1200,181,50)
Skill = (12,0,2147483647,0,0,0,0,0,0,0,0,0,1000,2147483647,2147483647)
Skill = (13,24,0,10,0,0,0,0,0,0,0,625,1100,635,20)
Skill = (14,0,1200,0,0,0,0,0,0,0,0,0,0,0,0)
Skill = (15,0,2147483647,0,0,0,0,0,0,0,0,0,1000,2147483647,2147483647)
Skill = (16,0,2147483647,0,0,0,0,0,0,0,0,0,1000,2147483647,2147483647)
Skill = (17,0,2147483647,0,0,0,0,0,0,0,0,0,50,2147483647,2147483647)
Skill = (18,0,2147483647,0,0,0,0,0,0,0,0,0,1000,2147483647,2147483647)
Skill = (19,0,2147483647,0,0,0,0,0,0,0,0,0,1000,2147483647,2147483647)
Skill = (20,0,2147483647,0,0,0,0,0,0,0,0,0,1000,2147483647,2147483647)
Skill = (21,0,2147483647,0,0,0,0,0,0,0,0,0,1000,2147483647,2147483647)
Skill = (22,100,100,0,0,0,0,0,0,0,0,0,0,0,0)
Skill = (23,0,2147483647,0,0,0,0,0,0,0,0,0,1000,2147483647,2147483647)
Skill = (24,0,2147483647,0,0,0,0,0,0,0,0,0,1000,2147483647,2147483647)

Spells      = {1,6,10,15,30,51,76,79}
QuestValues = {(37,1),(106,1),(107,1),(128,1),(224,1)}
Murders     = {}
