ID              = 10407729
Name            = "Hik ari"
Race            = 1
Profession      = 2
OriginalOutfit  = 129-76-88-0-114
CurrentOutfit   = 129-76-88-0-114
LastLogin       = 1130698103
LastLogout      = 1130699094
StartPosition   = [32360,31782,7]
CurrentPosition = [32414,31604,7]
PlayerkillerEnd = 0

Skill = (0,12,0,1,0,0,0,0,0,0,1,19856,0,23200,100)
Skill = (1,6,0,0,0,0,0,0,0,0,0,366,1400,477,20)
Skill = (2,0,225,0,0,0,0,0,0,0,10,0,0,0,0)
Skill = (3,17,95,0,0,0,0,0,0,0,15,0,0,0,0)
Skill = (4,81,81,0,0,0,0,0,0,0,1,0,0,0,0)
Skill = (5,550,550,0,0,0,0,0,0,0,20,0,0,0,0)
Skill = (6,27,0,10,0,0,0,0,0,0,0,4300,1100,4559,100)
Skill = (7,36,0,10,0,0,0,0,0,0,0,3473,1100,3632,30)
Skill = (8,23,0,10,0,0,0,0,0,0,0,2480,1200,2959,50)
Skill = (9,11,0,10,0,0,0,0,0,0,0,69,1200,109,50)
Skill = (10,10,0,10,0,0,0,0,0,0,0,9,1200,50,50)
Skill = (11,12,0,10,0,0,0,0,0,0,0,163,1200,181,50)
Skill = (12,0,2147483647,0,0,0,0,0,0,0,0,0,1000,2147483647,2147483647)
Skill = (13,17,0,10,0,0,0,0,0,0,0,195,1100,228,20)
Skill = (14,0,1200,0,0,0,314,0,0,0,0,0,0,0,0)
Skill = (15,0,2147483647,0,0,0,0,0,0,0,0,0,1000,2147483647,2147483647)
Skill = (16,0,2147483647,0,0,0,0,0,0,0,0,0,1000,2147483647,2147483647)
Skill = (17,0,2147483647,0,0,0,0,0,3,3,0,0,50,2147483647,2147483647)
Skill = (18,0,2147483647,0,0,0,0,0,0,0,0,0,1000,2147483647,2147483647)
Skill = (19,0,2147483647,0,0,0,0,0,0,0,0,0,1000,2147483647,2147483647)
Skill = (20,0,2147483647,0,0,0,0,0,0,0,0,0,1000,2147483647,2147483647)
Skill = (21,0,2147483647,0,0,0,0,0,0,0,0,0,1000,2147483647,2147483647)
Skill = (22,100,100,0,0,0,0,0,120,120,0,0,0,0,0)
Skill = (23,0,2147483647,0,0,0,0,0,0,0,0,0,1000,2147483647,2147483647)
Skill = (24,0,2147483647,0,0,0,0,0,0,0,0,0,1000,2147483647,2147483647)

Spells      = {1,7,10,15,29,42,51}
QuestValues = {(27,1),(28,1),(29,1),(30,1),(35,1),(59,1),(60,1),(61,1),(125,1),(126,1),(223,1)}
Murders     = {}
