ID              = 7949929
Name            = "Mythika'Panny"
Race            = 1
Profession      = 2
OriginalOutfit  = 140-79-82-82-120
CurrentOutfit   = 140-79-82-82-120
LastLogin       = 1123971788
LastLogout      = 1123971795
StartPosition   = [32369,32241,7]
CurrentPosition = [32370,32241,7]
PlayerkillerEnd = 0

Skill = (0,14,0,1,0,0,0,0,0,0,1,30129,0,37800,100)
Skill = (1,6,0,0,0,0,0,0,0,0,0,439,1400,477,20)
Skill = (2,245,245,0,0,0,0,0,0,0,10,0,0,0,0)
Skill = (3,7,125,0,0,0,0,0,0,0,15,0,0,0,0)
Skill = (4,83,83,0,0,0,0,0,0,0,1,0,0,0,0)
Skill = (5,590,590,0,0,0,0,0,0,0,20,0,0,0,0)
Skill = (6,38,0,10,0,0,0,0,0,0,0,14141,1100,14863,100)
Skill = (7,47,0,10,0,0,0,0,0,0,0,10207,1100,10921,30)
Skill = (8,17,0,10,0,0,0,0,0,0,0,735,1200,824,50)
Skill = (9,10,0,10,0,0,0,0,0,0,0,2,1200,50,50)
Skill = (10,10,0,10,0,0,0,0,0,0,0,0,1200,50,50)
Skill = (11,18,0,10,0,0,0,0,0,0,0,996,1200,1039,50)
Skill = (12,0,2147483647,0,0,0,0,0,0,0,0,0,1000,2147483647,2147483647)
Skill = (13,32,0,10,0,0,0,0,0,0,0,1526,1100,1590,20)
Skill = (14,0,1200,0,0,0,0,0,0,0,0,0,0,0,0)
Skill = (15,0,2147483647,0,0,0,0,0,83,83,0,0,1000,2147483647,2147483647)
Skill = (16,0,2147483647,0,0,0,0,0,0,0,0,0,1000,2147483647,2147483647)
Skill = (17,0,2147483647,0,0,0,0,0,0,0,0,0,50,2147483647,2147483647)
Skill = (18,0,2147483647,0,0,0,0,0,8,8,0,0,1000,2147483647,2147483647)
Skill = (19,0,2147483647,0,0,0,0,0,0,0,0,0,1000,2147483647,2147483647)
Skill = (20,0,2147483647,0,0,0,0,0,0,0,0,0,1000,2147483647,2147483647)
Skill = (21,0,2147483647,0,0,0,0,0,0,0,0,0,1000,2147483647,2147483647)
Skill = (22,100,100,0,0,0,0,0,0,0,0,0,0,0,0)
Skill = (23,0,2147483647,0,0,0,0,0,0,0,0,0,1000,2147483647,2147483647)
Skill = (24,0,2147483647,0,0,0,0,0,0,0,0,0,1000,2147483647,2147483647)

Spells      = {1,2,8,10,42}
QuestValues = {(20,1),(21,1),(22,1),(23,1),(25,1),(26,1),(27,1),(32,1),(33,1),(34,1),(35,1),(59,1),(86,1),(87,1),(223,1),(224,1)}
Murders     = {}
