ID              = 8104129
Name            = "Tecla Varella Vara"
Race            = 1
Profession      = 4
OriginalOutfit  = 138-114-0-38-114
CurrentOutfit   = 138-114-0-38-114
LastLogin       = 1130821311
LastLogout      = 1130822373
StartPosition   = [32369,32241,7]
CurrentPosition = [32343,32230,7]
PlayerkillerEnd = 0

Skill = (0,11,0,1,0,0,0,0,0,0,1,15957,0,17600,100)
Skill = (1,40,0,0,0,0,0,0,0,0,0,9165,1100,9757,20)
Skill = (2,200,200,0,0,0,0,0,0,0,5,0,0,0,0)
Skill = (3,5,125,0,0,0,0,0,0,0,30,0,0,0,0)
Skill = (4,80,80,0,0,0,0,0,0,0,1,0,0,0,0)
Skill = (5,500,500,0,0,0,0,0,0,0,10,0,0,0,0)
Skill = (6,18,0,10,0,0,0,0,0,0,0,6436,1500,7488,100)
Skill = (7,10,0,10,0,0,0,0,0,0,0,22,1800,30,30)
Skill = (8,17,0,10,0,0,0,0,0,0,0,4930,1800,6824,50)
Skill = (9,10,0,10,0,0,0,0,0,0,0,10,1800,50,50)
Skill = (10,10,0,10,0,0,0,0,0,0,0,0,1800,50,50)
Skill = (11,23,0,10,0,0,0,0,0,0,0,26028,1500,29092,50)
Skill = (12,0,2147483647,0,0,0,0,0,0,0,0,0,1000,2147483647,2147483647)
Skill = (13,55,0,10,0,0,0,0,0,0,0,14603,1100,15835,20)
Skill = (14,0,1200,0,0,0,0,0,0,0,0,0,0,0,0)
Skill = (15,0,2147483647,0,0,0,0,0,83,83,0,0,1000,2147483647,2147483647)
Skill = (16,0,2147483647,0,0,0,0,0,0,0,0,0,1000,2147483647,2147483647)
Skill = (17,0,2147483647,0,0,0,0,0,3,3,0,0,50,2147483647,2147483647)
Skill = (18,0,2147483647,0,0,0,0,0,8,8,0,0,1000,2147483647,2147483647)
Skill = (19,0,2147483647,0,0,0,0,0,0,0,0,0,1000,2147483647,2147483647)
Skill = (20,0,2147483647,0,0,0,0,0,0,0,0,0,1000,2147483647,2147483647)
Skill = (21,0,2147483647,0,0,0,0,0,0,0,0,0,1000,2147483647,2147483647)
Skill = (22,12,100,0,0,0,0,0,120,120,0,0,0,0,0)
Skill = (23,0,2147483647,0,0,0,0,0,0,0,0,0,1000,2147483647,2147483647)
Skill = (24,0,2147483647,0,0,0,0,0,0,0,0,0,1000,2147483647,2147483647)

Spells      = {1,5,8,10,20,42}
QuestValues = {(19,1),(20,1),(22,1),(23,1),(32,1),(33,1),(34,1),(59,1),(224,1)}
Murders     = {}
