ID              = 8181829
Name            = "Exorte Elvafarohn"
Race            = 1
Profession      = 4
OriginalOutfit  = 129-116-105-43-76
CurrentOutfit   = 129-116-105-43-76
LastLogin       = 1126145954
LastLogout      = 1126145988
StartPosition   = [32957,32076,7]
CurrentPosition = [32922,32075,7]
PlayerkillerEnd = 1127227292

Skill = (0,9,0,1,0,0,0,0,0,0,1,8572,0,9300,100)
Skill = (1,28,0,0,0,0,0,0,0,0,0,2747,1100,2972,20)
Skill = (2,103,190,0,0,0,0,0,0,0,5,0,0,0,0)
Skill = (3,15,65,0,0,0,0,0,0,0,30,0,0,0,0)
Skill = (4,78,78,0,0,0,0,0,0,0,1,0,0,0,0)
Skill = (5,480,480,0,0,0,0,0,0,0,10,0,0,0,0)
Skill = (6,16,0,10,0,0,0,0,0,0,0,2520,1500,3217,100)
Skill = (7,10,0,10,0,0,0,0,0,0,0,0,1800,30,30)
Skill = (8,12,0,10,0,0,0,0,0,0,0,179,1800,302,50)
Skill = (9,16,0,10,0,0,0,0,0,0,0,2123,1800,3763,50)
Skill = (10,10,0,10,0,0,0,0,0,0,0,0,1800,50,50)
Skill = (11,10,0,10,0,0,0,0,0,0,0,45,1500,50,50)
Skill = (12,0,2147483647,0,0,0,0,0,0,0,0,0,1000,2147483647,2147483647)
Skill = (13,64,0,10,0,0,0,0,0,0,0,34349,1100,37611,20)
Skill = (14,0,1200,0,0,0,0,0,0,0,0,0,0,0,0)
Skill = (15,0,2147483647,0,0,0,0,0,0,0,0,0,1000,2147483647,2147483647)
Skill = (16,0,2147483647,0,0,0,0,0,0,0,0,0,1000,2147483647,2147483647)
Skill = (17,0,2147483647,0,0,0,0,0,0,0,0,0,50,2147483647,2147483647)
Skill = (18,0,2147483647,0,0,0,0,0,0,0,0,0,1000,2147483647,2147483647)
Skill = (19,0,2147483647,0,0,0,0,0,0,0,0,0,1000,2147483647,2147483647)
Skill = (20,0,2147483647,0,0,0,0,0,0,0,0,0,1000,2147483647,2147483647)
Skill = (21,0,2147483647,0,0,0,0,0,0,0,0,0,1000,2147483647,2147483647)
Skill = (22,98,100,0,0,0,0,0,0,0,0,0,0,0,0)
Skill = (23,0,2147483647,0,0,0,0,0,0,0,0,0,1000,2147483647,2147483647)
Skill = (24,0,2147483647,0,0,0,0,0,0,0,0,0,1000,2147483647,2147483647)

Spells      = {1,5,7,8,10,42}
QuestValues = {(17,1),(18,1),(20,1),(21,1),(22,1),(23,1),(27,1),(58,1),(59,1)}
Murders     = {1124631678,1124634053,1124635037,1124635292}
