ID              = 9021629
Name            = "Pelor of the heavens"
Race            = 1
Profession      = 1
OriginalOutfit  = 133-114-114-114-114
CurrentOutfit   = 133-114-114-114-114
LastLogin       = 1118262038
LastLogout      = 1118262063
StartPosition   = [32732,31634,7]
CurrentPosition = [32732,31634,7]
PlayerkillerEnd = 0

Skill = (0,15,0,1,0,0,0,0,0,0,1,40895,0,47000,100)
Skill = (1,2,0,0,0,0,0,0,0,0,0,239,3000,260,20)
Skill = (2,290,290,0,0,0,0,0,0,0,15,0,0,0,0)
Skill = (3,33,70,0,0,0,0,0,0,0,5,0,0,0,0)
Skill = (4,84,84,0,0,0,0,0,0,0,1,0,0,0,0)
Skill = (5,645,645,0,0,0,0,0,0,0,25,0,0,0,0)
Skill = (6,36,0,10,0,0,0,0,0,0,0,11605,1100,12109,100)
Skill = (7,13,0,10,0,0,0,0,0,0,0,135,1400,213,30)
Skill = (8,42,0,10,0,0,0,0,0,0,0,10234,1100,11112,50)
Skill = (9,10,0,10,0,0,0,0,0,0,0,8,1100,50,50)
Skill = (10,10,0,10,0,0,0,0,0,0,0,0,1100,50,50)
Skill = (11,10,0,10,0,0,0,0,0,0,0,30,1100,50,50)
Skill = (12,0,2147483647,0,0,0,0,0,0,0,0,0,1000,2147483647,2147483647)
Skill = (13,24,0,10,0,0,0,0,0,0,0,564,1100,635,20)
Skill = (14,0,1200,0,0,0,167,0,0,0,0,0,0,0,0)
Skill = (15,0,2147483647,0,0,0,0,0,83,83,0,0,1000,2147483647,2147483647)
Skill = (16,0,2147483647,0,0,0,0,0,0,0,0,0,1000,2147483647,2147483647)
Skill = (17,0,2147483647,0,0,0,0,0,3,3,0,0,50,2147483647,2147483647)
Skill = (18,0,2147483647,0,0,0,0,0,8,8,0,0,1000,2147483647,2147483647)
Skill = (19,0,2147483647,0,0,0,0,0,0,0,0,0,1000,2147483647,2147483647)
Skill = (20,0,2147483647,0,0,0,0,0,120,120,0,0,1000,2147483647,2147483647)
Skill = (21,0,2147483647,0,0,0,0,0,0,0,0,0,1000,2147483647,2147483647)
Skill = (22,200,200,0,0,0,0,0,0,0,0,0,0,0,0)
Skill = (23,0,2147483647,0,0,0,0,0,0,0,0,0,1000,2147483647,2147483647)
Skill = (24,0,2147483647,0,0,0,0,0,0,0,0,0,1000,2147483647,2147483647)

Spells      = {10,20}
QuestValues = {(15,1),(17,1),(18,1),(54,1),(84,1),(85,1),(86,1),(87,1),(224,1),(227,5),(228,2),(229,3),(230,21),(231,2),(232,1),(233,8),(249,2),(250,2),(251,1)}
Murders     = {}
