ID              = 9049929
Name            = "Grucha Sosnowiec"
Race            = 1
Profession      = 2
OriginalOutfit  = 129-114-114-94-114
CurrentOutfit   = 129-114-114-94-114
LastLogin       = 1130256933
LastLogout      = 1130256942
StartPosition   = [32732,31634,7]
CurrentPosition = [32733,31634,7]
PlayerkillerEnd = 0

Skill = (0,12,0,1,0,0,0,0,0,0,1,20817,0,23200,100)
Skill = (1,6,0,0,0,0,0,0,0,0,0,335,1400,477,20)
Skill = (2,225,225,0,0,0,0,0,0,0,10,0,0,0,0)
Skill = (3,95,95,0,0,0,0,0,0,0,15,0,0,0,0)
Skill = (4,81,81,0,0,0,0,0,0,0,1,0,0,0,0)
Skill = (5,550,550,0,0,0,0,0,0,0,20,0,0,0,0)
Skill = (6,20,0,10,0,0,0,0,0,0,0,1762,1100,1853,100)
Skill = (7,44,0,10,0,0,0,0,0,0,0,7621,1100,8130,30)
Skill = (8,10,0,10,0,0,0,0,0,0,0,0,1200,50,50)
Skill = (9,12,0,10,0,0,0,0,0,0,0,119,1200,181,50)
Skill = (10,10,0,10,0,0,0,0,0,0,0,0,1200,50,50)
Skill = (11,12,0,10,0,0,0,0,0,0,0,142,1200,181,50)
Skill = (12,0,2147483647,0,0,0,0,0,0,0,0,0,1000,2147483647,2147483647)
Skill = (13,26,0,10,0,0,0,0,0,0,0,749,1100,810,20)
Skill = (14,0,1200,0,0,0,0,0,0,0,0,0,0,0,0)
Skill = (15,0,2147483647,0,0,0,0,0,0,0,0,0,1000,2147483647,2147483647)
Skill = (16,0,2147483647,0,0,0,0,0,0,0,0,0,1000,2147483647,2147483647)
Skill = (17,0,2147483647,0,0,0,0,0,0,0,0,0,50,2147483647,2147483647)
Skill = (18,0,2147483647,0,0,0,0,0,0,0,0,0,1000,2147483647,2147483647)
Skill = (19,0,2147483647,0,0,0,0,0,0,0,0,0,1000,2147483647,2147483647)
Skill = (20,0,2147483647,0,0,0,0,0,0,0,0,0,1000,2147483647,2147483647)
Skill = (21,0,2147483647,0,0,0,0,0,0,0,0,0,1000,2147483647,2147483647)
Skill = (22,98,100,0,0,0,0,0,0,0,0,0,0,0,0)
Skill = (23,0,2147483647,0,0,0,0,0,0,0,0,0,1000,2147483647,2147483647)
Skill = (24,0,2147483647,0,0,0,0,0,0,0,0,0,1000,2147483647,2147483647)

Spells      = {1,8,10,51}
QuestValues = {(17,1),(60,1),(61,1),(125,1),(126,1),(223,1)}
Murders     = {}
