ID              = 10172739
Name            = "Daenes Newardow"
Race            = 1
Profession      = 4
OriginalOutfit  = 129-0-114-85-78
CurrentOutfit   = 129-0-114-85-78
LastLogin       = 1128754039
LastLogout      = 1128754076
StartPosition   = [32360,31782,7]
CurrentPosition = [32374,31812,7]
PlayerkillerEnd = 0

Skill = (0,7,0,1,0,0,0,0,0,0,1,3405,0,4200,100)
Skill = (1,0,0,0,0,0,0,0,0,0,0,0,1100,20,20)
Skill = (2,179,180,0,0,0,0,0,0,0,5,0,0,0,0)
Skill = (3,5,5,0,0,0,0,0,0,0,30,0,0,0,0)
Skill = (4,76,76,0,0,0,0,0,0,0,1,0,0,0,0)
Skill = (5,460,460,0,0,0,0,0,0,0,10,0,0,0,0)
Skill = (6,15,0,10,0,0,0,0,0,0,0,1979,1500,2078,100)
Skill = (7,10,0,10,0,0,0,0,0,0,0,1,1800,30,30)
Skill = (8,14,0,10,0,0,0,0,0,0,0,909,1800,1118,50)
Skill = (9,13,0,10,0,0,0,0,0,0,0,543,1800,593,50)
Skill = (10,10,0,10,0,0,0,0,0,0,0,30,1800,50,50)
Skill = (11,13,0,10,0,0,0,0,0,0,0,288,1500,406,50)
Skill = (12,0,2147483647,0,0,0,0,0,0,0,0,0,1000,2147483647,2147483647)
Skill = (13,10,0,10,0,0,0,0,0,0,0,2,1100,20,20)
Skill = (14,0,1200,0,0,0,0,0,0,0,0,0,0,0,0)
Skill = (15,0,2147483647,0,0,0,0,0,0,0,0,0,1000,2147483647,2147483647)
Skill = (16,0,2147483647,0,0,0,0,0,0,0,0,0,1000,2147483647,2147483647)
Skill = (17,0,2147483647,0,0,0,0,0,0,0,0,0,1000,2147483647,2147483647)
Skill = (18,0,2147483647,0,0,0,0,0,0,0,0,0,1000,2147483647,2147483647)
Skill = (19,0,2147483647,0,0,0,0,0,0,0,0,0,1000,2147483647,2147483647)
Skill = (20,0,2147483647,0,0,0,0,0,0,0,0,0,1000,2147483647,2147483647)
Skill = (21,0,2147483647,0,0,0,0,0,0,0,0,0,1000,2147483647,2147483647)
Skill = (22,100,100,0,0,0,0,0,0,0,0,0,0,0,0)
Skill = (23,0,2147483647,0,0,0,0,0,0,0,0,0,1000,2147483647,2147483647)
Skill = (24,0,2147483647,0,0,0,0,0,0,0,0,0,1000,2147483647,2147483647)

Spells      = {}
QuestValues = {(32,1),(35,1),(59,1),(61,1),(223,1)}
Murders     = {}
