ID              = 11133039
Name            = "Ziomal of Zanera"
Race            = 1
Profession      = 1
OriginalOutfit  = 129-0-94-0-94
CurrentOutfit   = 129-0-94-0-94
LastLogin       = 1132073584
LastLogout      = 1132073628
StartPosition   = [32360,31782,7]
CurrentPosition = [32332,31778,7]
PlayerkillerEnd = 0

Skill = (0,12,0,1,0,0,0,0,0,0,1,18603,0,23200,100)
Skill = (1,2,0,0,0,0,0,0,0,0,0,130,3000,260,20)
Skill = (2,245,245,0,0,0,0,0,0,0,15,0,0,0,0)
Skill = (3,44,55,0,0,0,0,0,0,0,5,0,0,0,0)
Skill = (4,81,81,0,0,0,0,0,0,0,1,0,0,0,0)
Skill = (5,570,570,0,0,0,0,0,0,0,25,0,0,0,0)
Skill = (6,30,0,10,0,0,0,0,0,0,0,6010,1100,6400,100)
Skill = (7,10,0,10,0,0,0,0,0,0,0,4,1400,30,30)
Skill = (8,34,0,10,0,0,0,0,0,0,0,4543,1100,4917,50)
Skill = (9,14,0,10,0,0,0,0,0,0,0,261,1100,305,50)
Skill = (10,10,0,10,0,0,0,0,0,0,0,0,1100,50,50)
Skill = (11,10,0,10,0,0,0,0,0,0,0,9,1100,50,50)
Skill = (12,0,2147483647,0,0,0,0,0,0,0,0,0,1000,2147483647,2147483647)
Skill = (13,23,0,10,0,0,0,0,0,0,0,496,1100,559,20)
Skill = (14,0,1200,0,0,0,302,0,0,0,0,0,0,0,0)
Skill = (15,0,2147483647,0,0,0,0,0,83,83,0,0,1000,2147483647,2147483647)
Skill = (16,0,2147483647,0,0,0,0,0,0,0,0,0,1000,2147483647,2147483647)
Skill = (17,0,2147483647,0,0,0,0,0,0,0,0,0,50,2147483647,2147483647)
Skill = (18,0,2147483647,0,0,0,0,0,0,0,0,0,1000,2147483647,2147483647)
Skill = (19,0,2147483647,0,0,0,0,0,0,0,0,0,1000,2147483647,2147483647)
Skill = (20,0,2147483647,0,0,0,0,0,0,0,0,0,1000,2147483647,2147483647)
Skill = (21,0,2147483647,0,0,0,0,0,0,0,0,0,1000,2147483647,2147483647)
Skill = (22,100,100,0,0,0,0,0,120,120,0,0,0,0,0)
Skill = (23,0,2147483647,0,0,0,0,0,0,0,0,0,1000,2147483647,2147483647)
Skill = (24,0,2147483647,0,0,0,0,0,0,0,0,0,1000,2147483647,2147483647)

Spells      = {1,10}
QuestValues = {(20,1),(21,1),(22,1),(23,1),(35,1),(59,1),(223,1),(224,1)}
Murders     = {}
