ID              = 7942939
Name            = "Pepe Zalath"
Race            = 1
Profession      = 3
OriginalOutfit  = 128-79-81-81-91
CurrentOutfit   = 128-79-81-81-91
LastLogin       = 1128579233
LastLogout      = 1128579615
StartPosition   = [32360,31782,7]
CurrentPosition = [32336,31788,7]
PlayerkillerEnd = 0

Skill = (0,12,0,1,0,0,0,0,0,0,1,23035,0,23200,100)
Skill = (1,24,0,0,0,0,0,0,0,0,0,1906,1100,1966,20)
Skill = (2,89,205,0,0,0,0,0,0,0,5,0,0,0,0)
Skill = (3,5,155,0,0,0,0,0,0,0,30,0,0,0,0)
Skill = (4,81,81,0,0,0,0,0,0,0,1,0,0,0,0)
Skill = (5,510,510,0,0,0,0,0,0,0,10,0,0,0,0)
Skill = (6,19,0,10,0,0,0,0,0,0,0,7756,1500,11333,100)
Skill = (7,10,0,10,0,0,0,0,0,0,0,9,2000,30,30)
Skill = (8,14,0,10,0,0,0,0,0,0,0,1440,2000,1550,50)
Skill = (9,16,0,10,0,0,0,0,0,0,0,4151,2000,6350,50)
Skill = (10,10,0,10,0,0,0,0,0,0,0,9,2000,50,50)
Skill = (11,12,0,10,0,0,0,0,0,0,0,202,1500,237,50)
Skill = (12,0,2147483647,0,0,0,0,0,0,0,0,0,1000,2147483647,2147483647)
Skill = (13,46,0,10,0,0,0,0,0,0,0,6122,1100,6600,20)
Skill = (14,0,1200,0,0,0,0,0,0,0,0,0,0,0,0)
Skill = (15,0,2147483647,0,0,0,0,0,0,0,0,0,1000,2147483647,2147483647)
Skill = (16,0,2147483647,0,0,0,0,0,0,0,0,0,1000,2147483647,2147483647)
Skill = (17,0,2147483647,0,0,0,0,0,0,0,0,0,50,2147483647,2147483647)
Skill = (18,0,2147483647,0,0,0,0,0,0,0,0,0,1000,2147483647,2147483647)
Skill = (19,0,2147483647,0,0,0,0,0,0,0,0,0,1000,2147483647,2147483647)
Skill = (20,0,2147483647,0,0,0,0,0,0,0,0,0,1000,2147483647,2147483647)
Skill = (21,0,2147483647,0,0,0,0,0,0,0,0,0,1000,2147483647,2147483647)
Skill = (22,98,100,0,0,0,0,0,0,0,0,0,0,0,0)
Skill = (23,0,2147483647,0,0,0,0,0,0,0,0,0,1000,2147483647,2147483647)
Skill = (24,0,2147483647,0,0,0,0,0,0,0,0,0,1000,2147483647,2147483647)

Spells      = {1,3,8,10,20,27,29}
QuestValues = {(21,1),(22,1),(23,1),(100,1),(106,1),(107,1),(128,1)}
Murders     = {}
