ID              = 8143239
Name            = "Mistico Eternity"
Race            = 1
Profession      = 4
OriginalOutfit  = 129-85-0-0-0
CurrentOutfit   = 129-85-0-0-0
LastLogin       = 1132110107
LastLogout      = 1132112877
StartPosition   = [32369,32241,7]
CurrentPosition = [32917,32072,6]
PlayerkillerEnd = 0

Skill = (0,16,0,1,0,0,0,0,0,0,1,50307,0,57600,100)
Skill = (1,24,0,0,0,0,0,0,0,0,0,1845,1100,1966,20)
Skill = (2,225,225,0,0,0,0,0,0,0,5,0,0,0,0)
Skill = (3,67,275,0,0,0,0,0,0,0,30,0,0,0,0)
Skill = (4,85,85,0,0,0,0,0,0,0,1,0,0,0,0)
Skill = (5,550,550,0,0,0,0,0,0,0,10,0,0,0,0)
Skill = (6,23,0,10,0,0,0,0,0,0,0,41874,1500,58185,100)
Skill = (7,10,0,10,0,0,0,0,0,0,0,16,1800,30,30)
Skill = (8,20,0,10,0,0,0,0,0,0,0,27775,1800,40105,50)
Skill = (9,14,0,10,0,0,0,0,0,0,0,822,1800,1118,50)
Skill = (10,11,0,10,0,0,0,0,0,0,0,122,1800,140,50)
Skill = (11,14,0,10,0,0,0,0,0,0,0,465,1500,659,50)
Skill = (12,0,2147483647,0,0,0,0,0,0,0,0,0,1000,2147483647,2147483647)
Skill = (13,34,0,10,0,0,0,0,0,0,0,1888,1100,1966,20)
Skill = (14,0,1200,0,0,0,1114,0,0,0,0,0,0,0,0)
Skill = (15,0,2147483647,0,0,0,0,0,83,83,0,0,1000,2147483647,2147483647)
Skill = (16,0,2147483647,0,0,0,0,0,0,0,0,0,1000,2147483647,2147483647)
Skill = (17,0,2147483647,0,0,0,0,0,0,0,0,0,50,2147483647,2147483647)
Skill = (18,0,2147483647,0,0,0,0,0,8,8,0,0,1000,2147483647,2147483647)
Skill = (19,0,2147483647,0,0,0,0,0,0,0,0,0,1000,2147483647,2147483647)
Skill = (20,0,2147483647,0,0,0,0,0,0,0,0,0,1000,2147483647,2147483647)
Skill = (21,0,2147483647,0,0,0,0,0,0,0,0,0,1000,2147483647,2147483647)
Skill = (22,1,100,0,0,0,0,0,120,120,0,0,0,0,0)
Skill = (23,0,2147483647,0,0,0,0,0,0,0,0,0,1000,2147483647,2147483647)
Skill = (24,0,2147483647,0,0,0,0,0,0,0,0,0,1000,2147483647,2147483647)

Spells      = {2,4,5,7,8,10,16,17,18,25,28,33,44}
QuestValues = {(18,1),(20,1),(21,1),(22,1),(23,1),(32,1),(33,1),(34,1),(35,1),(93,1),(94,1),(95,1),(100,1)}
Murders     = {}
