ID              = 9061639
Name            = "Cam Awruk"
Race            = 1
Profession      = 3
OriginalOutfit  = 133-6-121-82-76
CurrentOutfit   = 133-6-121-82-76
LastLogin       = 1125141735
LastLogout      = 1125141999
StartPosition   = [32957,32076,7]
CurrentPosition = [32920,32070,7]
PlayerkillerEnd = 0

Skill = (0,14,0,1,0,0,0,0,0,0,1,31325,0,37800,100)
Skill = (1,10,0,0,0,0,0,0,0,0,0,366,1100,370,20)
Skill = (2,215,215,0,0,0,0,0,0,0,5,0,0,0,0)
Skill = (3,104,215,0,0,0,0,0,0,0,30,0,0,0,0)
Skill = (4,83,83,0,0,0,0,0,0,0,1,0,0,0,0)
Skill = (5,530,530,0,0,0,0,0,0,0,10,0,0,0,0)
Skill = (6,20,0,10,0,0,0,0,0,0,0,12554,1500,17099,100)
Skill = (7,10,0,10,0,0,0,0,0,0,0,0,2000,30,30)
Skill = (8,17,0,10,0,0,0,0,0,0,0,8789,2000,12750,50)
Skill = (9,10,0,10,0,0,0,0,0,0,0,0,2000,50,50)
Skill = (10,10,0,10,0,0,0,0,0,0,0,0,2000,50,50)
Skill = (11,10,0,10,0,0,0,0,0,0,0,0,1500,50,50)
Skill = (12,0,2147483647,0,0,0,0,0,0,0,0,0,1000,2147483647,2147483647)
Skill = (13,31,0,10,0,0,0,0,0,0,0,1319,1100,1428,20)
Skill = (14,0,1200,0,0,0,755,0,0,0,0,0,0,0,0)
Skill = (15,0,2147483647,0,0,0,0,0,0,0,0,0,1000,2147483647,2147483647)
Skill = (16,0,2147483647,0,0,0,0,0,0,0,0,0,1000,2147483647,2147483647)
Skill = (17,0,2147483647,0,0,0,0,0,3,3,0,0,50,2147483647,2147483647)
Skill = (18,0,2147483647,0,0,0,0,0,0,0,0,0,1000,2147483647,2147483647)
Skill = (19,0,2147483647,0,0,0,0,0,0,0,0,0,1000,2147483647,2147483647)
Skill = (20,0,2147483647,0,0,0,0,0,0,0,0,0,1000,2147483647,2147483647)
Skill = (21,0,2147483647,0,0,0,0,0,0,0,0,0,1000,2147483647,2147483647)
Skill = (22,100,100,0,0,0,0,0,0,0,0,0,0,0,0)
Skill = (23,0,2147483647,0,0,0,0,0,0,0,0,0,1000,2147483647,2147483647)
Skill = (24,0,2147483647,0,0,0,0,0,0,0,0,0,1000,2147483647,2147483647)

Spells      = {3,8,10}
QuestValues = {(20,1),(59,1),(86,1),(87,1)}
Murders     = {}
