ID              = 9163439
Name            = "Latin Hunter"
Race            = 1
Profession      = 2
OriginalOutfit  = 129-18-51-87-114
CurrentOutfit   = 129-18-51-87-114
LastLogin       = 1132069418
LastLogout      = 1132069432
StartPosition   = [32957,32076,7]
CurrentPosition = [32345,32227,7]
PlayerkillerEnd = 0

Skill = (0,16,0,1,0,0,0,0,0,0,1,49867,0,57600,100)
Skill = (1,8,0,0,0,0,0,0,0,0,0,719,1400,983,20)
Skill = (2,265,265,0,0,0,0,0,0,0,10,0,0,0,0)
Skill = (3,78,155,0,0,0,0,0,0,0,15,0,0,0,0)
Skill = (4,85,85,0,0,0,0,0,0,0,1,0,0,0,0)
Skill = (5,630,630,0,0,0,0,0,0,0,20,0,0,0,0)
Skill = (6,34,0,10,0,0,0,0,0,0,0,9365,1100,9834,100)
Skill = (7,47,0,10,0,0,0,0,0,0,0,10500,1100,10921,30)
Skill = (8,10,0,10,0,0,0,0,0,0,0,27,1200,50,50)
Skill = (9,19,0,10,0,0,0,0,0,0,0,1073,1200,1297,50)
Skill = (10,10,0,10,0,0,0,0,0,0,0,38,1200,50,50)
Skill = (11,21,0,10,0,0,0,0,0,0,0,1696,1200,1979,50)
Skill = (12,0,2147483647,0,0,0,0,0,0,0,0,0,1000,2147483647,2147483647)
Skill = (13,31,0,10,0,0,0,0,0,0,0,1288,1100,1428,20)
Skill = (14,0,1200,0,0,0,469,0,0,0,0,0,0,0,0)
Skill = (15,0,2147483647,0,0,0,0,0,0,0,0,0,1000,2147483647,2147483647)
Skill = (16,0,2147483647,0,0,0,0,0,0,0,0,0,1000,2147483647,2147483647)
Skill = (17,0,2147483647,0,0,0,0,0,3,3,0,0,50,2147483647,2147483647)
Skill = (18,0,2147483647,0,0,0,0,0,0,0,0,0,1000,2147483647,2147483647)
Skill = (19,0,2147483647,0,0,0,0,0,10,10,0,0,1000,2147483647,2147483647)
Skill = (20,0,2147483647,0,0,0,0,0,0,0,0,0,1000,2147483647,2147483647)
Skill = (21,0,2147483647,0,0,0,0,0,0,0,0,0,1000,2147483647,2147483647)
Skill = (22,100,100,0,0,0,0,0,120,120,0,0,0,0,0)
Skill = (23,0,2147483647,0,0,0,0,0,0,0,0,0,1000,2147483647,2147483647)
Skill = (24,0,2147483647,0,0,0,0,0,0,0,0,0,1000,2147483647,2147483647)

Spells      = {1,3,7,10,15,29,30,42,48,51}
QuestValues = {(18,1),(20,1),(21,1),(22,1),(23,1),(32,1),(33,1),(34,1),(37,1),(59,1),(96,1),(97,1),(98,1),(106,1),(107,1),(115,1)}
Murders     = {1130863008}
