ID              = 9757239
Name            = "Knight of Zanera"
Race            = 1
Profession      = 1
OriginalOutfit  = 129-113-113-113-113
CurrentOutfit   = 129-113-113-113-113
LastLogin       = 1132103025
LastLogout      = 1132103393
StartPosition   = [32369,32241,7]
CurrentPosition = [32343,32221,7]
PlayerkillerEnd = 0

Skill = (0,25,0,1,0,0,0,0,0,0,1,216642,0,232500,100)
Skill = (1,4,0,0,0,0,0,0,0,0,0,1097,3000,2420,20)
Skill = (2,303,440,0,0,0,0,0,0,0,15,0,0,0,0)
Skill = (3,46,120,0,0,0,0,0,0,0,5,0,0,0,0)
Skill = (4,94,94,0,0,0,0,0,0,0,1,0,0,0,0)
Skill = (5,895,895,0,0,0,0,0,0,0,25,0,0,0,0)
Skill = (6,54,0,10,0,0,0,0,0,0,0,65558,1100,71890,100)
Skill = (7,10,0,10,0,0,0,0,0,0,0,0,1400,30,30)
Skill = (8,11,0,10,0,0,0,0,0,0,0,56,1100,105,50)
Skill = (9,10,0,10,0,0,0,0,0,0,0,48,1100,50,50)
Skill = (10,57,0,10,0,0,0,0,0,0,0,47003,1100,48008,50)
Skill = (11,10,0,10,0,0,0,0,0,0,0,12,1100,50,50)
Skill = (12,0,2147483647,0,0,0,0,0,0,0,0,0,1000,2147483647,2147483647)
Skill = (13,21,0,10,0,0,0,0,0,0,0,417,1100,427,20)
Skill = (14,0,1200,0,0,0,0,0,0,0,0,0,0,0,0)
Skill = (15,0,2147483647,0,0,0,0,0,0,0,0,0,1000,2147483647,2147483647)
Skill = (16,0,2147483647,0,0,0,0,0,0,0,0,0,1000,2147483647,2147483647)
Skill = (17,0,2147483647,0,0,0,0,0,3,3,0,0,50,2147483647,2147483647)
Skill = (18,0,2147483647,0,0,0,0,0,0,0,0,0,1000,2147483647,2147483647)
Skill = (19,0,2147483647,0,0,0,0,0,0,0,0,0,1000,2147483647,2147483647)
Skill = (20,0,2147483647,0,0,0,0,0,0,0,0,0,1000,2147483647,2147483647)
Skill = (21,0,2147483647,0,0,0,0,0,0,0,0,0,1000,2147483647,2147483647)
Skill = (22,100,100,0,0,0,0,0,120,120,0,0,0,0,0)
Skill = (23,0,2147483647,0,0,0,0,0,0,0,0,0,1000,2147483647,2147483647)
Skill = (24,0,2147483647,0,0,0,0,0,0,0,0,0,1000,2147483647,2147483647)

Spells      = {1,10,29}
QuestValues = {(17,1),(21,1),(22,1),(23,1),(32,1),(33,1),(34,1),(37,1),(55,1),(106,1),(107,1),(109,1),(125,1),(126,1),(128,1),(140,1),(141,1),(190,1),(191,1)}
Murders     = {}
