ID              = 7950989
Name            = "Chamoyyx"
Race            = 1
Profession      = 13
OriginalOutfit  = 134-94-114-114-0
CurrentOutfit   = 134-94-114-114-0
LastLogin       = 1131667672
LastLogout      = 1131667718
StartPosition   = [32649,31925,11]
CurrentPosition = [32343,32228,7]
PlayerkillerEnd = 0

Skill = (0,24,0,1,0,0,0,0,0,0,1,191020,0,204800,100)
Skill = (1,38,0,0,0,0,0,0,0,0,0,7578,1100,8028,20)
Skill = (2,265,265,0,0,0,0,0,0,0,5,0,0,0,0)
Skill = (3,462,515,0,0,0,0,0,0,0,30,0,0,0,0)
Skill = (4,93,93,0,0,0,0,0,0,0,1,0,0,0,0)
Skill = (5,630,630,0,0,0,0,0,0,0,10,0,0,0,0)
Skill = (6,20,0,10,0,0,0,0,0,0,0,15305,1500,17099,100)
Skill = (7,11,0,10,0,0,0,0,0,0,0,31,2000,90,30)
Skill = (8,14,0,10,0,0,0,0,0,0,0,1265,2000,1550,50)
Skill = (9,17,0,10,0,0,0,0,0,0,0,10576,2000,12750,50)
Skill = (10,10,0,10,0,0,0,0,0,0,0,22,2000,50,50)
Skill = (11,15,0,10,0,0,0,0,0,0,0,851,1500,1039,50)
Skill = (12,0,2147483647,0,0,0,0,0,0,0,0,0,1000,2147483647,2147483647)
Skill = (13,47,0,10,0,0,0,0,0,0,0,6843,1100,7280,20)
Skill = (14,0,1200,0,0,0,929,0,0,0,0,0,0,0,0)
Skill = (15,0,2147483647,0,0,0,0,0,83,83,0,0,1000,2147483647,2147483647)
Skill = (16,0,2147483647,0,0,0,0,0,0,0,0,0,1000,2147483647,2147483647)
Skill = (17,0,2147483647,0,0,0,0,0,3,3,0,0,50,2147483647,2147483647)
Skill = (18,0,2147483647,0,0,0,0,0,0,0,0,0,1000,2147483647,2147483647)
Skill = (19,0,2147483647,0,0,0,0,0,0,0,0,0,1000,2147483647,2147483647)
Skill = (20,0,2147483647,0,0,0,0,0,0,0,0,0,1000,2147483647,2147483647)
Skill = (21,0,2147483647,0,0,0,0,0,0,0,0,0,1000,2147483647,2147483647)
Skill = (22,10,100,0,0,0,0,0,120,120,0,0,0,0,0)
Skill = (23,0,2147483647,0,0,0,0,0,0,0,0,0,1000,2147483647,2147483647)
Skill = (24,0,2147483647,0,0,0,0,0,0,0,0,0,1000,2147483647,2147483647)

Spells      = {1,2,3,8,9,10,13,16,17,20,21,24,25,29,30,39,44,45,76,88}
QuestValues = {(14,1),(15,1),(16,1),(17,1),(20,1),(21,1),(22,1),(23,1),(25,1),(26,1),(27,1),(32,1),(33,1),(34,1),(37,1),(58,1),(84,1),(85,1),(86,1),(87,1),(98,1),(100,1),(106,1),(107,1),(137,1),(190,1),(191,1),(223,1),(224,1),(254,1)}
Murders     = {}
