ID              = 8059589
Name            = "Risko Chrome"
Race            = 1
Profession      = 2
OriginalOutfit  = 128-132-114-132-0
CurrentOutfit   = 128-132-114-132-0
LastLogin       = 1124225725
LastLogout      = 1124225785
StartPosition   = [32732,31634,7]
CurrentPosition = [32714,31634,7]
PlayerkillerEnd = 1126569115

Skill = (0,23,0,1,0,0,0,0,0,0,1,157651,0,179400,100)
Skill = (1,10,0,0,0,0,0,0,0,0,0,1968,1400,1974,20)
Skill = (2,335,335,0,0,0,0,0,0,0,10,0,0,0,0)
Skill = (3,6,260,0,0,0,0,0,0,0,15,0,0,0,0)
Skill = (4,92,92,0,0,0,0,0,0,0,1,0,0,0,0)
Skill = (5,770,770,0,0,0,0,0,0,0,20,0,0,0,0)
Skill = (6,56,0,10,0,0,0,0,0,0,0,82136,1100,87197,100)
Skill = (7,69,0,10,0,0,0,0,0,0,0,87215,1100,91044,30)
Skill = (8,10,0,10,0,0,0,0,0,0,0,9,1200,50,50)
Skill = (9,17,0,10,0,0,0,0,0,0,0,768,1200,824,50)
Skill = (10,10,0,10,0,0,0,0,0,0,0,28,1200,50,50)
Skill = (11,29,0,10,0,0,0,0,0,0,0,8523,1200,9334,50)
Skill = (12,0,2147483647,0,0,0,0,0,0,0,0,0,1000,2147483647,2147483647)
Skill = (13,26,0,10,0,0,0,0,0,0,0,792,1100,810,20)
Skill = (14,0,1200,0,0,0,0,0,0,0,0,0,0,0,0)
Skill = (15,0,2147483647,0,0,0,0,0,83,83,0,0,1000,2147483647,2147483647)
Skill = (16,0,2147483647,0,0,0,0,0,0,0,0,0,1000,2147483647,2147483647)
Skill = (17,0,2147483647,0,0,0,0,0,0,0,0,0,50,2147483647,2147483647)
Skill = (18,0,2147483647,0,0,0,0,0,0,0,0,0,1000,2147483647,2147483647)
Skill = (19,0,2147483647,0,0,0,0,0,0,0,0,0,1000,2147483647,2147483647)
Skill = (20,0,2147483647,0,0,0,0,0,0,0,0,0,1000,2147483647,2147483647)
Skill = (21,0,2147483647,0,0,0,0,0,0,0,0,0,1000,2147483647,2147483647)
Skill = (22,100,100,0,0,0,0,0,0,0,0,0,0,0,0)
Skill = (23,0,2147483647,0,0,0,0,0,0,0,0,0,1000,2147483647,2147483647)
Skill = (24,0,2147483647,0,0,0,0,0,0,0,0,0,1000,2147483647,2147483647)

Spells      = {1,2,3,8,10,29}
QuestValues = {(17,1),(21,1),(22,1),(23,1),(27,1),(88,1),(89,1),(90,1),(91,1),(92,1),(96,1),(97,1),(98,1),(115,1),(116,1),(117,1),(118,1),(153,1),(190,1),(191,1),(224,1),(253,1)}
Murders     = {1123941864,1123942293,1123977115}
