ID              = 8122489
Name            = "Mickeys Del Sol"
Race            = 1
Profession      = 2
OriginalOutfit  = 134-58-114-114-94
CurrentOutfit   = 134-58-114-114-94
LastLogin       = 1131782503
LastLogout      = 1131782699
StartPosition   = [32732,31634,7]
CurrentPosition = [31977,31716,9]
PlayerkillerEnd = 0

Skill = (0,15,0,1,0,0,0,0,0,0,1,44057,0,47000,100)
Skill = (1,6,0,0,0,0,0,0,0,0,0,434,1400,477,20)
Skill = (2,243,255,0,0,0,0,0,0,0,10,0,0,0,0)
Skill = (3,53,140,0,0,0,0,0,0,0,15,0,0,0,0)
Skill = (4,84,84,0,0,0,0,0,0,0,1,0,0,0,0)
Skill = (5,610,610,0,0,0,0,0,0,0,20,0,0,0,0)
Skill = (6,30,0,10,0,0,0,0,0,0,0,6285,1100,6400,100)
Skill = (7,46,0,10,0,0,0,0,0,0,0,9298,1100,9901,30)
Skill = (8,18,0,10,0,0,0,0,0,0,0,839,1200,1039,50)
Skill = (9,10,0,10,0,0,0,0,0,0,0,14,1200,50,50)
Skill = (10,10,0,10,0,0,0,0,0,0,0,0,1200,50,50)
Skill = (11,13,0,10,0,0,0,0,0,0,0,217,1200,268,50)
Skill = (12,0,2147483647,0,0,0,0,0,0,0,0,0,1000,2147483647,2147483647)
Skill = (13,26,0,10,0,0,0,0,0,0,0,724,1100,810,20)
Skill = (14,0,1200,0,0,0,729,0,0,0,0,0,0,0,0)
Skill = (15,0,2147483647,0,0,0,0,0,0,0,0,0,1000,2147483647,2147483647)
Skill = (16,0,2147483647,0,0,0,0,0,0,0,0,0,1000,2147483647,2147483647)
Skill = (17,0,2147483647,0,0,0,0,0,0,0,0,0,50,2147483647,2147483647)
Skill = (18,0,2147483647,0,0,0,0,0,0,0,0,0,1000,2147483647,2147483647)
Skill = (19,0,2147483647,0,0,0,0,0,0,0,0,0,1000,2147483647,2147483647)
Skill = (20,0,2147483647,0,0,0,0,0,0,0,0,0,1000,2147483647,2147483647)
Skill = (21,0,2147483647,0,0,0,0,0,0,0,0,0,1000,2147483647,2147483647)
Skill = (22,100,100,0,0,0,0,0,120,120,0,0,0,0,0)
Skill = (23,0,2147483647,0,0,0,0,0,0,0,0,0,1000,2147483647,2147483647)
Skill = (24,0,2147483647,0,0,0,0,0,0,0,0,0,1000,2147483647,2147483647)

Spells      = {1,2,10,20,42,51}
QuestValues = {(20,1),(21,1),(22,1),(23,1),(24,1),(32,1),(33,1),(34,1),(58,1),(116,1),(117,1),(118,1),(121,1)}
Murders     = {}
