ID              = 8311389
Name            = "Shirios Darion"
Race            = 1
Profession      = 1
OriginalOutfit  = 131-38-113-95-107
CurrentOutfit   = 131-38-113-95-107
LastLogin       = 1122450359
LastLogout      = 1122450588
StartPosition   = [32360,31782,7]
CurrentPosition = [32360,31782,7]
PlayerkillerEnd = 0

Skill = (0,16,0,1,0,0,0,0,0,0,1,47818,0,57600,100)
Skill = (1,3,0,0,0,0,0,0,0,0,0,295,3000,800,20)
Skill = (2,305,305,0,0,0,0,0,0,0,15,0,0,0,0)
Skill = (3,75,75,0,0,0,0,0,0,0,5,0,0,0,0)
Skill = (4,85,85,0,0,0,0,0,0,0,1,0,0,0,0)
Skill = (5,670,670,0,0,0,0,0,0,0,25,0,0,0,0)
Skill = (6,44,0,10,0,0,0,0,0,0,0,24940,1100,27102,100)
Skill = (7,11,0,10,0,0,0,0,0,0,0,43,1400,71,30)
Skill = (8,48,0,10,0,0,0,0,0,0,0,19901,1100,20072,50)
Skill = (9,10,0,10,0,0,0,0,0,0,0,27,1100,50,50)
Skill = (10,12,0,10,0,0,0,0,0,0,0,118,1100,165,50)
Skill = (11,12,0,10,0,0,0,0,0,0,0,140,1100,165,50)
Skill = (12,0,2147483647,0,0,0,0,0,0,0,0,0,1000,2147483647,2147483647)
Skill = (13,14,0,10,0,0,0,0,0,0,0,102,1100,122,20)
Skill = (14,0,1200,0,0,0,0,0,0,0,0,0,0,0,0)
Skill = (15,0,2147483647,0,0,0,0,0,0,0,0,0,1000,2147483647,2147483647)
Skill = (16,0,2147483647,0,0,0,0,0,0,0,0,0,1000,2147483647,2147483647)
Skill = (17,0,2147483647,0,0,0,0,0,0,0,0,0,50,2147483647,2147483647)
Skill = (18,0,2147483647,0,0,0,0,0,0,0,0,0,1000,2147483647,2147483647)
Skill = (19,0,2147483647,0,0,0,0,0,0,0,0,0,1000,2147483647,2147483647)
Skill = (20,0,2147483647,0,0,0,0,0,0,0,0,0,1000,2147483647,2147483647)
Skill = (21,0,2147483647,0,0,0,0,0,0,0,0,0,1000,2147483647,2147483647)
Skill = (22,200,200,0,0,0,0,0,0,0,0,0,0,0,0)
Skill = (23,0,2147483647,0,0,0,0,0,0,0,0,0,1000,2147483647,2147483647)
Skill = (24,0,2147483647,0,0,0,0,0,0,0,0,0,1000,2147483647,2147483647)

Spells      = {1,10,11,20}
QuestValues = {(18,1),(20,1),(21,1),(22,1),(23,1),(59,1),(60,1),(61,1),(223,1)}
Murders     = {}
