ID              = 8610789
Name            = "Antanis"
Race            = 1
Profession      = 11
OriginalOutfit  = 142-59-114-114-94
CurrentOutfit   = 142-59-114-114-94
LastLogin       = 1132147808
LastLogout      = 1132149511
StartPosition   = [33213,32454,1]
CurrentPosition = [32897,32077,7]
PlayerkillerEnd = 0

Skill = (0,41,0,1,0,0,0,0,0,0,1,994301,0,1070100,100)
Skill = (1,5,0,0,0,0,0,0,0,0,0,3645,3000,7280,20)
Skill = (2,680,680,0,0,0,0,0,0,0,15,0,0,0,0)
Skill = (3,40,200,0,0,0,0,0,0,0,5,0,0,0,0)
Skill = (4,110,110,0,0,0,0,0,10,10,1,0,0,0,0)
Skill = (5,1295,1295,0,0,0,0,0,0,0,25,0,0,0,0)
Skill = (6,67,0,10,0,0,0,0,0,0,0,229777,1100,250637,100)
Skill = (7,12,0,10,0,0,0,0,0,0,0,96,1400,130,30)
Skill = (8,10,0,10,0,0,0,0,0,0,0,31,1100,50,50)
Skill = (9,69,0,10,0,0,0,0,0,0,0,141248,1100,151740,50)
Skill = (10,10,0,10,0,0,0,0,0,0,0,0,1100,50,50)
Skill = (11,13,0,10,0,0,0,0,0,0,0,182,1100,232,50)
Skill = (12,0,2147483647,0,0,0,0,0,0,0,0,0,1000,2147483647,2147483647)
Skill = (13,27,0,10,0,0,0,0,0,0,0,826,1100,911,20)
Skill = (14,0,1200,0,0,0,0,0,0,0,0,0,0,0,0)
Skill = (15,0,2147483647,0,0,0,0,0,83,83,0,0,1000,2147483647,2147483647)
Skill = (16,0,2147483647,0,0,0,0,0,6000,6000,0,0,1000,2147483647,2147483647)
Skill = (17,0,2147483647,0,0,0,0,0,3,3,0,0,50,2147483647,2147483647)
Skill = (18,0,2147483647,0,0,0,0,0,8,8,0,0,1000,2147483647,2147483647)
Skill = (19,0,2147483647,0,0,0,0,0,10,10,0,0,1000,2147483647,2147483647)
Skill = (20,0,2147483647,0,0,0,0,0,3,3,0,0,1000,2147483647,2147483647)
Skill = (21,0,2147483647,0,0,0,0,0,0,0,0,0,1000,2147483647,2147483647)
Skill = (22,200,200,0,0,0,0,0,15,15,0,0,0,0,0)
Skill = (23,0,2147483647,0,0,0,0,0,0,0,0,0,1000,2147483647,2147483647)
Skill = (24,0,2147483647,0,0,0,0,0,0,0,0,0,1000,2147483647,2147483647)

Spells      = {1,6,10,20,29,76,80,81}
QuestValues = {(1,3),(2,6),(14,1),(15,1),(20,1),(21,1),(22,1),(36,1),(37,1),(41,1),(42,1),(43,1),(44,1),(56,1),(62,2),(72,1),(73,1),(74,1),(75,1),(76,1),(77,1),(78,1),(93,1),(94,1),(95,1),(96,1),(97,1),(98,1),(100,1),(106,1),(107,1),(109,1),(111,1),(112,1),(113,1),(115,1),(116,1),(117,1),(118,1),(125,1),(126,1),(134,1),(137,1),(151,1),(152,1),(153,1),(190,1),(191,1),(211,4),(220,1),(221,1),(225,1),(226,1),(253,1),(257,1)}
Murders     = {}
