ID              = 8820089
Name            = "Cart Soul"
Race            = 1
Profession      = 4
OriginalOutfit  = 128-40-124-114-117
CurrentOutfit   = 128-40-124-114-117
LastLogin       = 1131988685
LastLogout      = 1131988782
StartPosition   = [32957,32076,7]
CurrentPosition = [32919,32070,6]
PlayerkillerEnd = 0

Skill = (0,17,0,1,0,0,0,0,0,0,1,59017,0,69700,100)
Skill = (1,24,0,0,0,0,0,0,0,0,0,1862,1100,1966,20)
Skill = (2,230,230,0,0,0,0,0,0,0,5,0,0,0,0)
Skill = (3,154,305,0,0,0,0,0,0,0,30,0,0,0,0)
Skill = (4,86,86,0,0,0,0,0,0,0,1,0,0,0,0)
Skill = (5,560,560,0,0,0,0,0,0,0,10,0,0,0,0)
Skill = (6,21,0,10,0,0,0,0,0,0,0,17562,1500,25749,100)
Skill = (7,10,0,10,0,0,0,0,0,0,0,0,1800,30,30)
Skill = (8,11,0,10,0,0,0,0,0,0,0,72,1800,140,50)
Skill = (9,18,0,10,0,0,0,0,0,0,0,11357,1800,12334,50)
Skill = (10,14,0,10,0,0,0,0,0,0,0,656,1800,1118,50)
Skill = (11,13,0,10,0,0,0,0,0,0,0,367,1500,406,50)
Skill = (12,0,2147483647,0,0,0,0,0,0,0,0,0,1000,2147483647,2147483647)
Skill = (13,31,0,10,0,0,0,0,0,0,0,1347,1100,1428,20)
Skill = (14,0,1200,0,0,0,0,0,0,0,0,0,0,0,0)
Skill = (15,0,2147483647,0,0,0,0,0,83,83,0,0,1000,2147483647,2147483647)
Skill = (16,0,2147483647,0,0,0,0,0,200,200,0,0,1000,2147483647,2147483647)
Skill = (17,0,2147483647,0,0,0,0,0,3,3,0,0,50,2147483647,2147483647)
Skill = (18,0,2147483647,0,0,0,0,0,8,8,0,0,1000,2147483647,2147483647)
Skill = (19,0,2147483647,0,0,0,0,0,0,0,0,0,1000,2147483647,2147483647)
Skill = (20,0,2147483647,0,0,0,0,0,120,120,0,0,1000,2147483647,2147483647)
Skill = (21,0,2147483647,0,0,0,0,0,0,0,0,0,1000,2147483647,2147483647)
Skill = (22,94,100,0,0,0,0,0,120,120,0,0,0,0,0)
Skill = (23,0,2147483647,0,0,0,0,0,0,0,0,0,1000,2147483647,2147483647)
Skill = (24,0,2147483647,0,0,0,0,0,0,0,0,0,1000,2147483647,2147483647)

Spells      = {1,4,5,7,8,10,38,42}
QuestValues = {(17,1),(20,1),(35,1),(59,1),(96,1),(97,1),(98,1),(208,1)}
Murders     = {}
