ID              = 10751203
Name            = "Haeno Edeon"
Race            = 1
Profession      = 4
OriginalOutfit  = 130-0-114-0-114
CurrentOutfit   = 130-0-114-0-114
LastLogin       = 1132125952
LastLogout      = 1132126235
StartPosition   = [32360,31782,7]
CurrentPosition = [32604,31813,6]
PlayerkillerEnd = 0

Skill = (0,10,0,1,0,0,0,0,0,0,1,10468,0,13000,100)
Skill = (1,5,0,0,0,0,0,0,0,0,0,141,1100,154,20)
Skill = (2,126,195,0,0,0,0,0,0,0,5,0,0,0,0)
Skill = (3,36,95,0,0,0,0,0,0,0,30,0,0,0,0)
Skill = (4,79,79,0,0,0,0,0,0,0,1,0,0,0,0)
Skill = (5,490,490,0,0,0,0,0,0,0,10,0,0,0,0)
Skill = (6,17,0,10,0,0,0,0,0,0,0,4907,1500,4925,100)
Skill = (7,10,0,10,0,0,0,0,0,0,0,7,1800,30,30)
Skill = (8,15,0,10,0,0,0,0,0,0,0,1766,1800,2063,50)
Skill = (9,15,0,10,0,0,0,0,0,0,0,1926,1800,2063,50)
Skill = (10,10,0,10,0,0,0,0,0,0,0,0,1800,50,50)
Skill = (11,10,0,10,0,0,0,0,0,0,0,16,1500,50,50)
Skill = (12,0,2147483647,0,0,0,0,0,0,0,0,0,1000,2147483647,2147483647)
Skill = (13,10,0,10,0,0,0,0,0,0,0,16,1100,20,20)
Skill = (14,0,1200,0,0,0,876,0,0,0,0,0,0,0,0)
Skill = (15,0,2147483647,0,0,0,0,0,0,0,0,0,1000,2147483647,2147483647)
Skill = (16,0,2147483647,0,0,0,0,0,0,0,0,0,1000,2147483647,2147483647)
Skill = (17,0,2147483647,0,0,0,0,0,0,0,0,0,50,2147483647,2147483647)
Skill = (18,0,2147483647,0,0,0,0,0,0,0,0,0,1000,2147483647,2147483647)
Skill = (19,0,2147483647,0,0,0,0,0,0,0,0,0,1000,2147483647,2147483647)
Skill = (20,0,2147483647,0,0,0,0,0,0,0,0,0,1000,2147483647,2147483647)
Skill = (21,0,2147483647,0,0,0,0,0,0,0,0,0,1000,2147483647,2147483647)
Skill = (22,100,100,0,0,0,2,0,49,120,0,0,0,0,0)
Skill = (23,0,2147483647,0,0,0,0,0,0,0,0,0,1000,2147483647,2147483647)
Skill = (24,0,2147483647,0,0,0,0,0,0,0,0,0,1000,2147483647,2147483647)

Spells      = {1,7,10,42}
QuestValues = {(18,1),(20,1),(24,1),(32,1),(33,1),(34,1),(59,1),(223,1)}
Murders     = {}
