ID              = 11424903
Name            = "Danon Paladynek"
Race            = 1
Profession      = 2
OriginalOutfit  = 133-38-43-71-132
CurrentOutfit   = 133-38-43-71-132
LastLogin       = 1132129536
LastLogout      = 1132129539
StartPosition   = [33194,32853,8]
CurrentPosition = [33212,32803,7]
PlayerkillerEnd = 0

Skill = (0,12,0,1,0,0,0,0,0,0,1,18516,0,23200,100)
Skill = (1,5,0,0,0,0,0,0,0,0,0,261,1400,326,20)
Skill = (2,225,225,0,0,0,0,0,0,0,10,0,0,0,0)
Skill = (3,18,95,0,0,0,0,0,0,0,15,0,0,0,0)
Skill = (4,81,81,0,0,0,0,0,0,0,1,0,0,0,0)
Skill = (5,550,550,0,0,0,0,0,0,0,20,0,0,0,0)
Skill = (6,14,0,10,0,0,0,0,0,0,0,469,1100,610,100)
Skill = (7,38,0,10,0,0,0,0,0,0,0,4227,1100,4458,30)
Skill = (8,11,0,10,0,0,0,0,0,0,0,59,1200,109,50)
Skill = (9,12,0,10,0,0,0,0,0,0,0,165,1200,181,50)
Skill = (10,10,0,10,0,0,0,0,0,0,0,45,1200,50,50)
Skill = (11,15,0,10,0,0,0,0,0,0,0,396,1200,496,50)
Skill = (12,0,2147483647,0,0,0,0,0,0,0,0,0,1000,2147483647,2147483647)
Skill = (13,10,0,10,0,0,0,0,0,0,0,0,1100,20,20)
Skill = (14,0,1200,0,0,0,240,0,0,0,0,0,0,0,0)
Skill = (15,0,2147483647,0,0,0,0,0,0,0,0,0,1000,2147483647,2147483647)
Skill = (16,0,2147483647,0,0,0,0,0,0,0,0,0,1000,2147483647,2147483647)
Skill = (17,0,2147483647,0,0,0,0,0,0,0,0,0,50,2147483647,2147483647)
Skill = (18,0,2147483647,0,0,0,0,0,0,0,0,0,1000,2147483647,2147483647)
Skill = (19,0,2147483647,0,0,0,0,0,0,0,0,0,1000,2147483647,2147483647)
Skill = (20,0,2147483647,0,0,0,0,0,0,0,0,0,1000,2147483647,2147483647)
Skill = (21,0,2147483647,0,0,0,0,0,0,0,0,0,1000,2147483647,2147483647)
Skill = (22,100,100,0,0,0,0,0,120,120,0,0,0,0,0)
Skill = (23,0,2147483647,0,0,0,0,0,0,0,0,0,1000,2147483647,2147483647)
Skill = (24,0,2147483647,0,0,0,0,0,0,0,0,0,1000,2147483647,2147483647)

Spells      = {1,10,51}
QuestValues = {(18,1),(20,1),(21,1),(22,1),(23,1),(32,1),(59,1),(106,1),(107,1)}
Murders     = {1131475703}
