ID              = 9063003
Name            = "Ribalek"
Race            = 1
Profession      = 2
OriginalOutfit  = 128-94-0-57-78
CurrentOutfit   = 128-94-0-57-78
LastLogin       = 1130789599
LastLogout      = 1130790054
StartPosition   = [32732,31634,7]
CurrentPosition = [32643,31712,7]
PlayerkillerEnd = 0

Skill = (0,16,0,1,0,0,0,0,0,0,1,49915,0,57600,100)
Skill = (1,7,0,0,0,0,0,0,0,0,0,530,1400,687,20)
Skill = (2,265,265,0,0,0,0,0,0,0,10,0,0,0,0)
Skill = (3,71,155,0,0,0,0,0,0,0,15,0,0,0,0)
Skill = (4,85,85,0,0,0,0,0,0,0,1,0,0,0,0)
Skill = (5,630,630,0,0,0,0,0,0,0,20,0,0,0,0)
Skill = (6,19,0,10,0,0,0,0,0,0,0,1440,1100,1593,100)
Skill = (7,41,0,10,0,0,0,0,0,0,0,5819,1100,6034,30)
Skill = (8,25,0,10,0,0,0,0,0,0,0,3952,1200,4372,50)
Skill = (9,10,0,10,0,0,0,0,0,0,0,0,1200,50,50)
Skill = (10,10,0,10,0,0,0,0,0,0,0,1,1200,50,50)
Skill = (11,11,0,10,0,0,0,0,0,0,0,106,1200,109,50)
Skill = (12,0,2147483647,0,0,0,0,0,0,0,0,0,1000,2147483647,2147483647)
Skill = (13,25,0,10,0,0,0,0,0,0,0,671,1100,718,20)
Skill = (14,0,1200,0,0,0,142,0,0,0,0,0,0,0,0)
Skill = (15,0,2147483647,0,0,0,0,0,0,0,0,0,1000,2147483647,2147483647)
Skill = (16,0,2147483647,0,0,0,0,0,0,0,0,0,1000,2147483647,2147483647)
Skill = (17,0,2147483647,0,0,0,0,0,0,0,0,0,50,2147483647,2147483647)
Skill = (18,0,2147483647,0,0,0,0,0,0,0,0,0,1000,2147483647,2147483647)
Skill = (19,0,2147483647,0,0,0,0,0,0,0,0,0,1000,2147483647,2147483647)
Skill = (20,0,2147483647,0,0,0,0,0,0,0,0,0,1000,2147483647,2147483647)
Skill = (21,0,2147483647,0,0,0,0,0,0,0,0,0,1000,2147483647,2147483647)
Skill = (22,100,100,0,0,0,0,0,0,0,0,0,0,0,0)
Skill = (23,0,2147483647,0,0,0,0,0,0,0,0,0,1000,2147483647,2147483647)
Skill = (24,0,2147483647,0,0,0,0,0,0,0,0,0,1000,2147483647,2147483647)

Spells      = {1,7,8,10,42,51}
QuestValues = {(14,1),(20,1),(21,1),(22,1),(23,1),(32,1),(33,1),(34,1),(46,1),(59,1),(96,1),(97,1),(98,1)}
Murders     = {}
