ID              = 9102003
Name            = "Ferohers"
Race            = 1
Profession      = 4
OriginalOutfit  = 130-38-114-95-0
CurrentOutfit   = 130-38-114-95-0
LastLogin       = 1130399186
LastLogout      = 1130399663
StartPosition   = [32360,31782,7]
CurrentPosition = [32340,31785,7]
PlayerkillerEnd = 0

Skill = (0,11,0,1,0,0,0,0,0,0,1,15181,0,17600,100)
Skill = (1,19,0,0,0,0,0,0,0,0,0,1129,1100,1145,20)
Skill = (2,200,200,0,0,0,0,0,0,0,5,0,0,0,0)
Skill = (3,86,125,0,0,0,0,0,0,0,30,0,0,0,0)
Skill = (4,80,80,0,0,0,0,0,0,0,1,0,0,0,0)
Skill = (5,500,500,0,0,0,0,0,0,0,10,0,0,0,0)
Skill = (6,18,0,10,0,0,0,0,0,0,0,6678,1500,7488,100)
Skill = (7,13,0,10,0,0,0,0,0,0,0,251,1800,356,30)
Skill = (8,17,0,10,0,0,0,0,0,0,0,4759,1800,6824,50)
Skill = (9,11,0,10,0,0,0,0,0,0,0,68,1800,140,50)
Skill = (10,14,0,10,0,0,0,0,0,0,0,940,1800,1118,50)
Skill = (11,11,0,10,0,0,0,0,0,0,0,83,1500,125,50)
Skill = (12,0,2147483647,0,0,0,0,0,0,0,0,0,1000,2147483647,2147483647)
Skill = (13,43,0,10,0,0,0,0,0,0,0,4563,1100,4909,20)
Skill = (14,0,1200,0,0,0,1090,0,0,0,0,0,0,0,0)
Skill = (15,0,2147483647,0,0,0,0,0,83,83,0,0,1000,2147483647,2147483647)
Skill = (16,0,2147483647,0,0,0,0,0,0,0,0,0,1000,2147483647,2147483647)
Skill = (17,0,2147483647,0,0,0,0,0,3,3,0,0,50,2147483647,2147483647)
Skill = (18,0,2147483647,0,0,0,0,0,0,0,0,0,1000,2147483647,2147483647)
Skill = (19,0,2147483647,0,0,0,0,0,10,10,0,0,1000,2147483647,2147483647)
Skill = (20,0,2147483647,0,0,0,0,0,0,0,0,0,1000,2147483647,2147483647)
Skill = (21,0,2147483647,0,0,0,0,0,0,0,0,0,1000,2147483647,2147483647)
Skill = (22,39,100,0,0,0,0,0,120,120,0,0,0,0,0)
Skill = (23,0,2147483647,0,0,0,0,0,0,0,0,0,1000,2147483647,2147483647)
Skill = (24,0,2147483647,0,0,0,0,0,0,0,0,0,1000,2147483647,2147483647)

Spells      = {1,2,3,4,5,8,10,16,27,30,42}
QuestValues = {(18,1),(20,1),(35,1),(59,1),(60,1),(61,1),(125,1),(126,1),(223,1),(224,1)}
Murders     = {}
