ID              = 9178903
Name            = "Arcanistos"
Race            = 1
Profession      = 2
OriginalOutfit  = 129-81-79-94-114
CurrentOutfit   = 129-81-79-94-114
LastLogin       = 1131651547
LastLogout      = 1131651662
StartPosition   = [32360,31782,7]
CurrentPosition = [32338,31778,6]
PlayerkillerEnd = 0

Skill = (0,14,0,1,0,0,0,0,0,0,1,37378,0,37800,100)
Skill = (1,7,0,0,0,0,0,0,0,0,0,564,1400,687,20)
Skill = (2,245,245,0,0,0,0,0,0,0,10,0,0,0,0)
Skill = (3,125,125,0,0,0,0,0,0,0,15,0,0,0,0)
Skill = (4,83,83,0,0,0,0,0,0,0,1,0,0,0,0)
Skill = (5,590,590,0,0,0,0,0,0,0,20,0,0,0,0)
Skill = (6,47,0,10,0,0,0,0,0,0,0,33802,1100,36404,100)
Skill = (7,59,0,10,0,0,0,0,0,0,0,31998,1100,34917,30)
Skill = (8,10,0,10,0,0,0,0,0,0,0,18,1200,50,50)
Skill = (9,10,0,10,0,0,0,0,0,0,0,49,1200,50,50)
Skill = (10,10,0,10,0,0,0,0,0,0,0,0,1200,50,50)
Skill = (11,12,0,10,0,0,0,0,0,0,0,154,1200,181,50)
Skill = (12,0,2147483647,0,0,0,0,0,0,0,0,0,1000,2147483647,2147483647)
Skill = (13,36,0,10,0,0,0,0,0,0,0,2220,1100,2421,20)
Skill = (14,0,1200,0,0,0,0,0,0,0,0,0,0,0,0)
Skill = (15,0,2147483647,0,0,0,0,0,0,0,0,0,1000,2147483647,2147483647)
Skill = (16,0,2147483647,0,0,0,0,0,0,0,0,0,1000,2147483647,2147483647)
Skill = (17,0,2147483647,0,0,0,0,0,0,0,0,0,50,2147483647,2147483647)
Skill = (18,0,2147483647,0,0,0,0,0,0,0,0,0,1000,2147483647,2147483647)
Skill = (19,0,2147483647,0,0,0,0,0,0,0,0,0,1000,2147483647,2147483647)
Skill = (20,0,2147483647,0,0,0,0,0,0,0,0,0,1000,2147483647,2147483647)
Skill = (21,0,2147483647,0,0,0,0,0,0,0,0,0,1000,2147483647,2147483647)
Skill = (22,100,100,0,0,0,0,0,0,0,0,0,0,0,0)
Skill = (23,0,2147483647,0,0,0,0,0,0,0,0,0,1000,2147483647,2147483647)
Skill = (24,0,2147483647,0,0,0,0,0,0,0,0,0,1000,2147483647,2147483647)

Spells      = {2,3,10,20,29,51}
QuestValues = {(17,1),(20,1),(32,1),(33,1),(34,1),(35,1),(59,1)}
Murders     = {}
