ID              = 9741003
Name            = "Arco Tigan"
Race            = 1
Profession      = 2
OriginalOutfit  = 137-116-92-92-0
CurrentOutfit   = 137-116-92-92-0
LastLogin       = 1132106050
LastLogout      = 1132112632
StartPosition   = [32369,32241,7]
CurrentPosition = [32341,32226,7]
PlayerkillerEnd = 0

Skill = (0,10,0,1,0,0,0,0,0,0,1,11613,0,13000,100)
Skill = (1,4,0,0,0,0,0,0,0,0,0,148,1400,218,20)
Skill = (2,175,205,0,0,0,0,0,0,0,10,0,0,0,0)
Skill = (3,22,65,0,0,0,0,0,0,0,15,0,0,0,0)
Skill = (4,79,79,0,0,0,0,0,0,0,1,0,0,0,0)
Skill = (5,510,510,0,0,0,0,0,0,0,20,0,0,0,0)
Skill = (6,23,0,10,0,0,0,0,0,0,0,2639,1100,2797,100)
Skill = (7,36,0,10,0,0,0,0,0,0,0,3336,1100,3632,30)
Skill = (8,10,0,10,0,0,0,0,0,0,0,17,1200,50,50)
Skill = (9,13,0,10,0,0,0,0,0,0,0,200,1200,268,50)
Skill = (10,10,0,10,0,0,0,0,0,0,0,0,1200,50,50)
Skill = (11,20,0,10,0,0,0,0,0,0,0,1494,1200,1607,50)
Skill = (12,0,2147483647,0,0,0,0,0,0,0,0,0,1000,2147483647,2147483647)
Skill = (13,17,0,10,0,0,0,0,0,0,0,189,1100,228,20)
Skill = (14,0,1200,0,0,0,485,0,0,0,0,0,0,0,0)
Skill = (15,0,2147483647,0,0,0,0,0,0,0,0,0,1000,2147483647,2147483647)
Skill = (16,0,2147483647,0,0,0,0,0,0,0,0,0,1000,2147483647,2147483647)
Skill = (17,0,2147483647,0,0,0,0,0,3,3,0,0,50,2147483647,2147483647)
Skill = (18,0,2147483647,0,0,0,0,0,0,0,0,0,1000,2147483647,2147483647)
Skill = (19,0,2147483647,0,0,0,0,0,0,0,0,0,1000,2147483647,2147483647)
Skill = (20,0,2147483647,0,0,0,0,0,0,0,0,0,1000,2147483647,2147483647)
Skill = (21,0,2147483647,0,0,0,0,0,0,0,0,0,1000,2147483647,2147483647)
Skill = (22,100,100,0,0,0,0,0,120,120,0,0,0,0,0)
Skill = (23,0,2147483647,0,0,0,0,0,0,0,0,0,1000,2147483647,2147483647)
Skill = (24,0,2147483647,0,0,0,0,0,0,0,0,0,1000,2147483647,2147483647)

Spells      = {10,20,51}
QuestValues = {(17,1),(18,1),(20,1),(21,1),(23,1),(27,1),(32,1),(33,1),(34,1),(100,1),(223,1)}
Murders     = {1132102486,1132105714}
