ID              = 9842803
Name            = "Than Helsing"
Race            = 1
Profession      = 1
OriginalOutfit  = 129-114-114-88-94
CurrentOutfit   = 129-114-114-88-94
LastLogin       = 1131850692
LastLogout      = 1131850708
StartPosition   = [32369,32241,7]
CurrentPosition = [32352,32229,7]
PlayerkillerEnd = 0

Skill = (0,10,0,1,0,0,0,0,0,0,1,10051,0,13000,100)
Skill = (1,1,0,0,0,0,0,0,0,0,0,73,3000,80,20)
Skill = (2,140,215,0,0,0,0,0,0,0,15,0,0,0,0)
Skill = (3,0,45,0,0,0,0,0,0,0,5,0,0,0,0)
Skill = (4,79,79,0,0,0,0,0,0,0,1,0,0,0,0)
Skill = (5,520,520,0,0,0,0,0,0,0,25,0,0,0,0)
Skill = (6,14,0,10,0,0,0,0,0,0,0,574,1100,610,100)
Skill = (7,11,0,10,0,0,0,0,0,0,0,41,1400,71,30)
Skill = (8,26,0,10,0,0,0,0,0,0,0,2012,1100,2027,50)
Skill = (9,13,0,10,0,0,0,0,0,0,0,216,1100,232,50)
Skill = (10,11,0,10,0,0,0,0,0,0,0,78,1100,105,50)
Skill = (11,12,0,10,0,0,0,0,0,0,0,150,1100,165,50)
Skill = (12,0,2147483647,0,0,0,0,0,0,0,0,0,1000,2147483647,2147483647)
Skill = (13,10,0,10,0,0,0,0,0,0,0,18,1100,20,20)
Skill = (14,0,1200,0,0,0,0,0,0,0,0,0,0,0,0)
Skill = (15,0,2147483647,0,0,0,0,0,83,83,0,0,1000,2147483647,2147483647)
Skill = (16,0,2147483647,0,0,0,0,0,0,0,0,0,1000,2147483647,2147483647)
Skill = (17,0,2147483647,0,0,0,0,0,0,0,0,0,50,2147483647,2147483647)
Skill = (18,0,2147483647,0,0,0,0,0,8,8,0,0,1000,2147483647,2147483647)
Skill = (19,0,2147483647,0,0,0,0,0,0,0,0,0,1000,2147483647,2147483647)
Skill = (20,0,2147483647,0,0,0,0,0,0,0,0,0,1000,2147483647,2147483647)
Skill = (21,0,2147483647,0,0,0,0,0,0,0,0,0,1000,2147483647,2147483647)
Skill = (22,100,100,0,0,0,0,0,120,120,0,0,0,0,0)
Skill = (23,0,2147483647,0,0,0,0,0,0,0,0,0,1000,2147483647,2147483647)
Skill = (24,0,2147483647,0,0,0,0,0,0,0,0,0,1000,2147483647,2147483647)

Spells      = {10}
QuestValues = {(18,1),(20,1),(21,1),(22,1),(23,1),(37,1),(106,1),(107,1)}
Murders     = {}
