ID              = 11440523
Name            = "Leon El Inmortal"
Race            = 1
Profession      = 1
OriginalOutfit  = 128-58-0-114-0
CurrentOutfit   = 128-58-0-114-0
LastLogin       = 1132098709
LastLogout      = 1132102762
StartPosition   = [32360,31782,7]
CurrentPosition = [32681,31689,7]
PlayerkillerEnd = 0

Skill = (0,11,0,1,0,0,0,0,0,0,1,17506,0,17600,100)
Skill = (1,2,0,0,0,0,0,0,0,0,0,172,3000,260,20)
Skill = (2,193,230,0,0,0,0,0,0,0,15,0,0,0,0)
Skill = (3,49,50,0,0,0,0,0,0,0,5,0,0,0,0)
Skill = (4,80,80,0,0,0,0,0,0,0,1,0,0,0,0)
Skill = (5,545,545,0,0,0,0,0,0,0,25,0,0,0,0)
Skill = (6,42,0,10,0,0,0,0,0,0,0,21077,1100,22225,100)
Skill = (7,10,0,10,0,0,0,0,0,0,0,0,1400,30,30)
Skill = (8,10,0,10,0,0,0,0,0,0,0,0,1100,50,50)
Skill = (9,42,0,10,0,0,0,0,0,0,0,10923,1100,11112,50)
Skill = (10,10,0,10,0,0,0,0,0,0,0,0,1100,50,50)
Skill = (11,10,0,10,0,0,0,0,0,0,0,2,1100,50,50)
Skill = (12,0,2147483647,0,0,0,0,0,0,0,0,0,1000,2147483647,2147483647)
Skill = (13,25,0,10,0,0,0,0,0,0,0,677,1100,718,20)
Skill = (14,0,1200,0,0,0,0,0,0,0,0,0,0,0,0)
Skill = (15,0,2147483647,0,0,0,0,0,0,0,0,0,1000,2147483647,2147483647)
Skill = (16,0,2147483647,0,0,0,0,0,0,0,0,0,1000,2147483647,2147483647)
Skill = (17,0,2147483647,0,0,0,0,0,0,0,0,0,50,2147483647,2147483647)
Skill = (18,0,2147483647,0,0,0,0,0,0,0,0,0,1000,2147483647,2147483647)
Skill = (19,0,2147483647,0,0,0,0,0,0,0,0,0,1000,2147483647,2147483647)
Skill = (20,0,2147483647,0,0,0,0,0,0,0,0,0,1000,2147483647,2147483647)
Skill = (21,0,2147483647,0,0,0,0,0,0,0,0,0,1000,2147483647,2147483647)
Skill = (22,100,100,0,0,0,0,0,120,120,0,0,0,0,0)
Skill = (23,0,2147483647,0,0,0,0,0,0,0,0,0,1000,2147483647,2147483647)
Skill = (24,0,2147483647,0,0,0,0,0,0,0,0,0,1000,2147483647,2147483647)

Spells      = {1,10}
QuestValues = {(20,1),(21,1),(22,1),(23,1),(32,1),(33,1),(34,1),(59,1)}
Murders     = {}
