ID              = 7950823
Name            = "Ortej"
Race            = 1
Profession      = 4
OriginalOutfit  = 128-114-113-114-113
CurrentOutfit   = 128-114-113-114-113
LastLogin       = 1132084414
LastLogout      = 1132084484
StartPosition   = [32732,31634,7]
CurrentPosition = [32679,31683,7]
PlayerkillerEnd = 0

Skill = (0,21,0,1,0,0,0,0,0,0,1,133446,0,135100,100)
Skill = (1,27,0,0,0,0,0,0,0,0,0,2560,1100,2684,20)
Skill = (2,250,250,0,0,0,0,0,0,0,5,0,0,0,0)
Skill = (3,425,425,0,0,0,0,0,0,0,30,0,0,0,0)
Skill = (4,90,90,0,0,0,0,0,0,0,1,0,0,0,0)
Skill = (5,600,600,0,0,0,0,0,0,0,10,0,0,0,0)
Skill = (6,21,0,10,0,0,0,0,0,0,0,24471,1500,25749,100)
Skill = (7,10,0,10,0,0,0,0,0,0,0,8,1800,30,30)
Skill = (8,14,0,10,0,0,0,0,0,0,0,878,1800,1118,50)
Skill = (9,19,0,10,0,0,0,0,0,0,0,15008,1800,22252,50)
Skill = (10,10,0,10,0,0,0,0,0,0,0,0,1800,50,50)
Skill = (11,12,0,10,0,0,0,0,0,0,0,228,1500,237,50)
Skill = (12,0,2147483647,0,0,0,0,0,0,0,0,0,1000,2147483647,2147483647)
Skill = (13,35,0,10,0,0,0,0,0,0,0,2050,1100,2183,20)
Skill = (14,0,1200,0,0,0,0,0,0,0,0,0,0,0,0)
Skill = (15,0,2147483647,0,0,0,0,0,0,0,0,0,1000,2147483647,2147483647)
Skill = (16,0,2147483647,0,0,0,0,0,0,0,0,0,1000,2147483647,2147483647)
Skill = (17,0,2147483647,0,0,0,0,0,0,0,0,0,50,2147483647,2147483647)
Skill = (18,0,2147483647,0,0,0,0,0,0,0,0,0,1000,2147483647,2147483647)
Skill = (19,0,2147483647,0,0,0,0,0,0,0,0,0,1000,2147483647,2147483647)
Skill = (20,0,2147483647,0,0,0,0,0,0,0,0,0,1000,2147483647,2147483647)
Skill = (21,0,2147483647,0,0,0,0,0,0,0,0,0,1000,2147483647,2147483647)
Skill = (22,67,100,0,0,0,0,0,0,0,0,0,0,0,0)
Skill = (23,0,2147483647,0,0,0,0,0,0,0,0,0,1000,2147483647,2147483647)
Skill = (24,0,2147483647,0,0,0,0,0,0,0,0,0,1000,2147483647,2147483647)

Spells      = {3,5,8,10,16,20,42,45}
QuestValues = {(17,1),(20,1),(21,1),(22,1),(23,1),(87,1),(88,1),(89,1),(90,1),(91,1),(92,1),(93,1),(94,1),(95,1),(96,1),(97,1),(98,1),(125,1),(126,1),(190,1),(191,1)}
Murders     = {}
