ID              = 8141523
Name            = "Alfmo Nobam"
Race            = 1
Profession      = 4
OriginalOutfit  = 130-0-114-114-114
CurrentOutfit   = 130-0-114-114-114
LastLogin       = 1130723221
LastLogout      = 1130723240
StartPosition   = [32360,31782,7]
CurrentPosition = [32673,31667,7]
PlayerkillerEnd = 0

Skill = (0,8,0,1,0,0,0,0,0,0,1,5435,0,6400,100)
Skill = (1,0,0,0,0,0,0,0,0,0,0,0,1100,20,20)
Skill = (2,117,185,0,0,0,0,0,0,0,5,0,0,0,0)
Skill = (3,10,10,0,0,0,0,0,0,0,30,0,0,0,0)
Skill = (4,77,77,0,0,0,0,0,0,0,1,0,0,0,0)
Skill = (5,470,470,0,0,0,0,0,0,0,10,0,0,0,0)
Skill = (6,16,0,10,0,0,0,0,0,0,0,2625,1500,3217,100)
Skill = (7,12,0,10,0,0,0,0,0,0,0,153,1800,181,30)
Skill = (8,13,0,10,0,0,0,0,0,0,0,390,1800,593,50)
Skill = (9,15,0,10,0,0,0,0,0,0,0,1523,1800,2063,50)
Skill = (10,12,0,10,0,0,0,0,0,0,0,211,1800,302,50)
Skill = (11,11,0,10,0,0,0,0,0,0,0,115,1500,125,50)
Skill = (12,0,2147483647,0,0,0,0,0,0,0,0,0,1000,2147483647,2147483647)
Skill = (13,16,0,10,0,0,0,0,0,0,0,188,1100,189,20)
Skill = (14,0,1200,0,0,0,243,0,0,0,0,0,0,0,0)
Skill = (15,0,2147483647,0,0,0,0,0,0,0,0,0,1000,2147483647,2147483647)
Skill = (16,0,2147483647,0,0,0,0,0,0,0,0,0,1000,2147483647,2147483647)
Skill = (17,0,2147483647,0,0,0,0,0,0,0,0,0,50,2147483647,2147483647)
Skill = (18,0,2147483647,0,0,0,0,0,0,0,0,0,1000,2147483647,2147483647)
Skill = (19,0,2147483647,0,0,0,0,0,0,0,0,0,1000,2147483647,2147483647)
Skill = (20,0,2147483647,0,0,0,0,0,0,0,0,0,1000,2147483647,2147483647)
Skill = (21,0,2147483647,0,0,0,0,0,0,0,0,0,1000,2147483647,2147483647)
Skill = (22,100,100,0,0,0,0,0,0,0,0,0,0,0,0)
Skill = (23,0,2147483647,0,0,0,0,0,0,0,0,0,1000,2147483647,2147483647)
Skill = (24,0,2147483647,0,0,0,0,0,0,0,0,0,1000,2147483647,2147483647)

Spells      = {}
QuestValues = {(35,1),(223,1)}
Murders     = {}
