ID              = 8146723
Name            = "Mitsuruggi"
Race            = 1
Profession      = 2
OriginalOutfit  = 129-114-114-114-114
CurrentOutfit   = 129-114-114-114-114
LastLogin       = 1119426425
LastLogout      = 1119426512
StartPosition   = [32360,31782,7]
CurrentPosition = [32360,31782,7]
PlayerkillerEnd = 1120311777

Skill = (0,24,0,1,0,0,0,0,0,0,1,191387,0,204800,100)
Skill = (1,10,0,0,0,0,0,0,0,0,0,1745,1400,1974,20)
Skill = (2,345,345,0,0,0,0,0,0,0,10,0,0,0,0)
Skill = (3,275,275,0,0,0,0,0,0,0,15,0,0,0,0)
Skill = (4,93,93,0,0,0,0,0,0,0,1,0,0,0,0)
Skill = (5,790,790,0,0,0,0,0,0,0,20,0,0,0,0)
Skill = (6,55,0,10,0,0,0,0,0,0,0,75598,1100,79179,100)
Skill = (7,68,0,10,0,0,0,0,0,0,0,82436,1100,82740,30)
Skill = (8,11,0,10,0,0,0,0,0,0,0,84,1200,109,50)
Skill = (9,15,0,10,0,0,0,0,0,0,0,495,1200,496,50)
Skill = (10,10,0,10,0,0,0,0,0,0,0,0,1200,50,50)
Skill = (11,22,0,10,0,0,0,0,0,0,0,2126,1200,2424,50)
Skill = (12,0,2147483647,0,0,0,0,0,0,0,0,0,1000,2147483647,2147483647)
Skill = (13,53,0,10,0,0,0,0,0,0,0,12096,1100,13052,20)
Skill = (14,0,1200,0,0,0,0,0,0,0,0,0,0,0,0)
Skill = (15,0,2147483647,0,0,0,0,0,0,0,0,0,1000,2147483647,2147483647)
Skill = (16,0,2147483647,0,0,0,0,0,0,0,0,0,1000,2147483647,2147483647)
Skill = (17,0,2147483647,0,0,0,0,0,0,0,0,0,50,2147483647,2147483647)
Skill = (18,0,2147483647,0,0,0,0,0,0,0,0,0,1000,2147483647,2147483647)
Skill = (19,0,2147483647,0,0,0,0,0,0,0,0,0,1000,2147483647,2147483647)
Skill = (20,0,2147483647,0,0,0,0,0,0,0,0,0,1000,2147483647,2147483647)
Skill = (21,0,2147483647,0,0,0,0,0,0,0,0,0,1000,2147483647,2147483647)
Skill = (22,200,200,0,0,0,0,0,0,0,0,0,0,0,0)
Skill = (23,0,2147483647,0,0,0,0,0,0,0,0,0,1000,2147483647,2147483647)
Skill = (24,0,2147483647,0,0,0,0,0,0,0,0,0,1000,2147483647,2147483647)

Spells      = {1,2,3,7,8,10,15,29,42,44,51}
QuestValues = {(20,1),(21,1),(22,1),(23,1),(27,1),(33,1),(34,1),(58,1),(88,1),(89,1),(90,1),(106,1),(107,1),(109,1),(125,1),(126,1),(190,1),(191,1),(223,1)}
Murders     = {}
