ID              = 8620423
Name            = "Magnus Niggleson"
Race            = 1
Profession      = 14
OriginalOutfit  = 128-78-78-78-78
CurrentOutfit   = 128-78-78-78-78
LastLogin       = 1132091121
LastLogout      = 1132093216
StartPosition   = [32369,32241,7]
CurrentPosition = [32414,32263,7]
PlayerkillerEnd = 1133740868

Skill = (0,15,0,1,0,0,0,0,0,0,1,37966,0,47000,100)
Skill = (1,20,0,0,0,0,0,0,0,0,0,1193,1100,1280,20)
Skill = (2,220,220,0,0,0,0,0,0,0,5,0,0,0,0)
Skill = (3,230,245,0,0,0,0,0,0,0,30,0,0,0,0)
Skill = (4,84,84,0,0,0,0,0,0,0,1,0,0,0,0)
Skill = (5,540,540,0,0,0,0,0,0,0,10,0,0,0,0)
Skill = (6,18,0,10,0,0,0,0,0,0,0,7206,1500,7488,100)
Skill = (7,10,0,10,0,0,0,0,0,0,0,0,1800,30,30)
Skill = (8,10,0,10,0,0,0,0,0,0,0,0,1800,50,50)
Skill = (9,18,0,10,0,0,0,0,0,0,0,7379,1800,12334,50)
Skill = (10,12,0,10,0,0,0,0,0,0,0,245,1800,302,50)
Skill = (11,11,0,10,0,0,0,0,0,0,0,83,1500,125,50)
Skill = (12,0,2147483647,0,0,0,0,0,0,0,0,0,1000,2147483647,2147483647)
Skill = (13,23,0,10,0,0,0,0,0,0,0,522,1100,559,20)
Skill = (14,0,1200,0,0,0,274,0,0,0,0,0,0,0,0)
Skill = (15,0,2147483647,0,0,0,0,0,0,0,0,0,1000,2147483647,2147483647)
Skill = (16,0,2147483647,0,0,0,0,0,0,0,0,0,1000,2147483647,2147483647)
Skill = (17,0,2147483647,0,0,0,0,0,3,3,0,0,50,2147483647,2147483647)
Skill = (18,0,2147483647,0,0,0,0,0,8,8,0,0,1000,2147483647,2147483647)
Skill = (19,0,2147483647,0,0,0,0,0,0,0,0,0,1000,2147483647,2147483647)
Skill = (20,0,2147483647,0,0,0,0,0,0,0,0,0,1000,2147483647,2147483647)
Skill = (21,0,2147483647,0,0,0,0,0,0,0,0,0,1000,2147483647,2147483647)
Skill = (22,7,100,0,0,0,0,0,120,120,0,0,0,0,0)
Skill = (23,0,2147483647,0,0,0,0,0,0,0,0,0,1000,2147483647,2147483647)
Skill = (24,0,2147483647,0,0,0,0,0,0,0,0,0,1000,2147483647,2147483647)

Spells      = {1,2,4,5,10,20,42}
QuestValues = {(37,1),(142,1),(190,1),(191,1)}
Murders     = {1129582786,1129677673,1129688487,1130278707,1130966319,1131148868,1131725901}
