ID              = 8690923
Name            = "Master Morla de zanera"
Race            = 1
Profession      = 2
OriginalOutfit  = 136-13-114-114-15
CurrentOutfit   = 136-13-114-114-15
LastLogin       = 1126979534
LastLogout      = 1126979536
StartPosition   = [32957,32076,7]
CurrentPosition = [32954,32076,7]
PlayerkillerEnd = 0

Skill = (0,6,0,1,0,0,0,0,0,0,1,2379,0,2600,100)
Skill = (1,1,0,0,0,0,0,0,0,0,0,38,1400,47,20)
Skill = (2,165,165,0,0,0,0,0,0,0,10,0,0,0,0)
Skill = (3,5,5,0,0,0,0,0,0,0,15,0,0,0,0)
Skill = (4,75,75,0,0,0,0,0,0,0,1,0,0,0,0)
Skill = (5,430,430,0,0,0,0,0,0,0,20,0,0,0,0)
Skill = (6,20,0,10,0,0,0,0,0,0,0,1706,1100,1853,100)
Skill = (7,26,0,10,0,0,0,0,0,0,0,1132,1100,1216,30)
Skill = (8,12,0,10,0,0,0,0,0,0,0,118,1200,181,50)
Skill = (9,10,0,10,0,0,0,0,0,0,0,14,1200,50,50)
Skill = (10,10,0,10,0,0,0,0,0,0,0,9,1200,50,50)
Skill = (11,13,0,10,0,0,0,0,0,0,0,207,1200,268,50)
Skill = (12,0,2147483647,0,0,0,0,0,0,0,0,0,1000,2147483647,2147483647)
Skill = (13,12,0,10,0,0,0,0,0,0,0,54,1100,66,20)
Skill = (14,0,1200,0,0,0,0,0,0,0,0,0,0,0,0)
Skill = (15,0,2147483647,0,0,0,0,0,0,0,0,0,1000,2147483647,2147483647)
Skill = (16,0,2147483647,0,0,0,0,0,0,0,0,0,1000,2147483647,2147483647)
Skill = (17,0,2147483647,0,0,0,0,0,0,0,0,0,50,2147483647,2147483647)
Skill = (18,0,2147483647,0,0,0,0,0,0,0,0,0,1000,2147483647,2147483647)
Skill = (19,0,2147483647,0,0,0,0,0,0,0,0,0,1000,2147483647,2147483647)
Skill = (20,0,2147483647,0,0,0,0,0,0,0,0,0,1000,2147483647,2147483647)
Skill = (21,0,2147483647,0,0,0,0,0,0,0,0,0,1000,2147483647,2147483647)
Skill = (22,100,100,0,0,0,0,0,0,0,0,0,0,0,0)
Skill = (23,0,2147483647,0,0,0,0,0,0,0,0,0,1000,2147483647,2147483647)
Skill = (24,0,2147483647,0,0,0,0,0,0,0,0,0,1000,2147483647,2147483647)

Spells      = {1,10}
QuestValues = {(17,1),(20,1),(21,1),(22,1),(23,1),(32,1),(33,1),(34,1),(59,1)}
Murders     = {}
