ID              = 9104023
Name            = "Antaurus"
Race            = 1
Profession      = 2
OriginalOutfit  = 129-114-94-82-95
CurrentOutfit   = 129-114-94-82-95
LastLogin       = 1131460073
LastLogout      = 1131460318
StartPosition   = [32360,31782,7]
CurrentPosition = [32354,31642,4]
PlayerkillerEnd = 0

Skill = (0,13,0,1,0,0,0,0,0,0,1,28148,0,29900,100)
Skill = (1,5,0,0,0,0,0,0,0,0,0,240,1400,326,20)
Skill = (2,87,235,0,0,0,0,0,0,0,10,0,0,0,0)
Skill = (3,37,110,0,0,0,0,0,0,0,15,0,0,0,0)
Skill = (4,82,82,0,0,0,0,0,0,0,1,0,0,0,0)
Skill = (5,570,570,0,0,0,0,0,0,0,20,0,0,0,0)
Skill = (6,33,0,10,0,0,0,0,0,0,0,8750,1100,8849,100)
Skill = (7,27,0,10,0,0,0,0,0,0,0,1237,1100,1367,30)
Skill = (8,10,0,10,0,0,0,0,0,0,0,0,1200,50,50)
Skill = (9,26,0,10,0,0,0,0,0,0,0,5276,1200,5296,50)
Skill = (10,10,0,10,0,0,0,0,0,0,0,28,1200,50,50)
Skill = (11,11,0,10,0,0,0,0,0,0,0,89,1200,109,50)
Skill = (12,0,2147483647,0,0,0,0,0,0,0,0,0,1000,2147483647,2147483647)
Skill = (13,15,0,10,0,0,0,0,0,0,0,139,1100,154,20)
Skill = (14,0,1200,0,0,0,242,0,0,0,0,0,0,0,0)
Skill = (15,0,2147483647,0,0,0,0,0,0,0,0,0,1000,2147483647,2147483647)
Skill = (16,0,2147483647,0,0,0,0,0,0,0,0,0,1000,2147483647,2147483647)
Skill = (17,0,2147483647,0,0,0,0,0,0,0,0,0,50,2147483647,2147483647)
Skill = (18,0,2147483647,0,0,0,0,0,0,0,0,0,1000,2147483647,2147483647)
Skill = (19,0,2147483647,0,0,0,0,0,0,0,0,0,1000,2147483647,2147483647)
Skill = (20,0,2147483647,0,0,0,0,0,0,0,0,0,1000,2147483647,2147483647)
Skill = (21,0,2147483647,0,0,0,0,0,0,0,0,0,1000,2147483647,2147483647)
Skill = (22,100,100,0,0,0,1,0,17,120,0,0,0,0,0)
Skill = (23,0,2147483647,0,0,0,0,0,0,0,0,0,1000,2147483647,2147483647)
Skill = (24,0,2147483647,0,0,0,0,0,0,0,0,0,1000,2147483647,2147483647)

Spells      = {1,7,8,10,15,42,51}
QuestValues = {(125,1),(126,1)}
Murders     = {}
