ID              = 9579623
Name            = "Fliken"
Race            = 1
Profession      = 12
OriginalOutfit  = 133-40-114-132-0
CurrentOutfit   = 133-40-114-132-0
LastLogin       = 1132095190
LastLogout      = 1132095203
StartPosition   = [32369,32241,7]
CurrentPosition = [32347,32227,7]
PlayerkillerEnd = 0

Skill = (0,28,0,1,0,0,0,0,0,0,1,302438,0,330400,100)
Skill = (1,10,0,0,0,0,0,0,0,0,0,1475,1400,1974,20)
Skill = (2,385,385,0,0,0,0,0,0,0,10,0,0,0,0)
Skill = (3,335,335,0,0,0,0,0,0,0,15,0,0,0,0)
Skill = (4,97,97,0,0,0,0,0,0,0,1,0,0,0,0)
Skill = (5,870,870,0,0,0,0,0,0,0,20,0,0,0,0)
Skill = (6,45,0,10,0,0,0,0,0,0,0,27702,1100,29912,100)
Skill = (7,66,0,10,0,0,0,0,0,0,0,62118,1100,68328,30)
Skill = (8,11,0,10,0,0,0,0,0,0,0,65,1200,109,50)
Skill = (9,13,0,10,0,0,0,0,0,0,0,231,1200,268,50)
Skill = (10,10,0,10,0,0,0,0,0,0,0,0,1200,50,50)
Skill = (11,16,0,10,0,0,0,0,0,0,0,522,1200,645,50)
Skill = (12,0,2147483647,0,0,0,0,0,0,0,0,0,1000,2147483647,2147483647)
Skill = (13,30,0,10,0,0,0,0,0,0,0,1234,1100,1280,20)
Skill = (14,0,1200,0,0,0,0,0,0,0,0,0,0,0,0)
Skill = (15,0,2147483647,0,0,0,0,0,0,0,0,0,1000,2147483647,2147483647)
Skill = (16,0,2147483647,0,0,0,0,0,0,0,0,0,1000,2147483647,2147483647)
Skill = (17,0,2147483647,0,0,0,0,0,0,0,0,0,50,2147483647,2147483647)
Skill = (18,0,2147483647,0,0,0,0,0,0,0,0,0,1000,2147483647,2147483647)
Skill = (19,0,2147483647,0,0,0,0,0,0,0,0,0,1000,2147483647,2147483647)
Skill = (20,0,2147483647,0,0,0,0,0,0,0,0,0,1000,2147483647,2147483647)
Skill = (21,0,2147483647,0,0,0,0,0,0,0,0,0,1000,2147483647,2147483647)
Skill = (22,100,100,0,0,0,0,0,0,0,0,0,0,0,0)
Skill = (23,0,2147483647,0,0,0,0,0,0,0,0,0,1000,2147483647,2147483647)
Skill = (24,0,2147483647,0,0,0,0,0,0,0,0,0,1000,2147483647,2147483647)

Spells      = {1,2,3,6,10,20,29,42,51,76,79,81}
QuestValues = {(21,1),(22,1),(23,1),(37,1),(55,1),(106,1),(107,1),(140,1),(141,1),(190,1),(191,1)}
Murders     = {}
