ID              = 9984023
Name            = "Ketchup Supremo"
Race            = 1
Profession      = 0
OriginalOutfit  = 130-94-94-94-94
CurrentOutfit   = 130-94-94-94-94
LastLogin       = 1126395700
LastLogout      = 1126395718
StartPosition   = [32097,32219,7]
CurrentPosition = [31976,32158,7]
PlayerkillerEnd = 0

Skill = (0,11,0,1,0,0,0,0,0,0,1,15392,0,17600,100)
Skill = (1,0,0,0,0,0,0,0,0,0,0,0,3000,20,20)
Skill = (2,31,200,0,0,0,0,0,0,0,5,0,0,0,0)
Skill = (3,50,50,0,0,0,0,0,0,0,5,0,0,0,0)
Skill = (4,80,80,0,0,0,0,0,0,0,1,0,0,0,0)
Skill = (5,500,500,0,0,0,0,0,0,0,10,0,0,0,0)
Skill = (6,18,0,10,0,0,0,0,0,0,0,6626,1500,7488,100)
Skill = (7,10,0,10,0,0,0,0,0,0,0,25,2000,30,30)
Skill = (8,11,0,10,0,0,0,0,0,0,0,75,2000,150,50)
Skill = (9,17,0,10,0,0,0,0,0,0,0,6777,2000,12750,50)
Skill = (10,10,0,10,0,0,0,0,0,0,0,0,2000,50,50)
Skill = (11,12,0,10,0,0,0,0,0,0,0,167,1500,237,50)
Skill = (12,0,2147483647,0,0,0,0,0,0,0,0,0,1000,2147483647,2147483647)
Skill = (13,25,0,10,0,0,0,0,0,0,0,712,1100,718,20)
Skill = (14,0,1200,0,0,0,0,0,0,0,0,0,0,0,0)
Skill = (15,0,2147483647,0,0,0,0,0,0,0,0,0,1000,2147483647,2147483647)
Skill = (16,0,2147483647,0,0,0,0,0,0,0,0,0,1000,2147483647,2147483647)
Skill = (17,0,2147483647,0,0,0,0,0,3,3,0,0,50,2147483647,2147483647)
Skill = (18,0,2147483647,0,0,0,0,0,8,8,0,0,1000,2147483647,2147483647)
Skill = (19,0,2147483647,0,0,0,0,0,0,0,0,0,1000,2147483647,2147483647)
Skill = (20,0,2147483647,0,0,0,0,0,0,0,0,0,1000,2147483647,2147483647)
Skill = (21,0,2147483647,0,0,0,0,0,0,0,0,0,1000,2147483647,2147483647)
Skill = (22,100,100,0,0,0,1,0,62,120,0,0,0,0,0)
Skill = (23,0,2147483647,0,0,0,0,0,0,0,0,0,1000,2147483647,2147483647)
Skill = (24,0,2147483647,0,0,0,0,0,0,0,0,0,1000,2147483647,2147483647)

Spells      = {}
QuestValues = {(223,1)}
Murders     = {}
