ID              = 10372763
Name            = "Roko Felzer"
Race            = 1
Profession      = 4
OriginalOutfit  = 130-114-0-114-0
CurrentOutfit   = 130-114-0-114-0
LastLogin       = 1131639247
LastLogout      = 1131639707
StartPosition   = [32360,31782,7]
CurrentPosition = [32304,31792,7]
PlayerkillerEnd = 0

Skill = (0,16,0,1,0,0,0,0,0,0,1,53737,0,57600,100)
Skill = (1,24,0,0,0,0,0,0,0,0,0,1834,1100,1966,20)
Skill = (2,210,225,0,0,0,0,0,0,0,5,0,0,0,0)
Skill = (3,206,275,0,0,0,0,0,0,0,30,0,0,0,0)
Skill = (4,85,85,0,0,0,0,0,0,0,1,0,0,0,0)
Skill = (5,550,550,0,0,0,0,0,0,0,10,0,0,0,0)
Skill = (6,20,0,10,0,0,0,0,0,0,0,15615,1500,17099,100)
Skill = (7,13,0,10,0,0,0,0,0,0,0,191,1800,356,30)
Skill = (8,19,0,10,0,0,0,0,0,0,0,13292,1800,22252,50)
Skill = (9,10,0,10,0,0,0,0,0,0,0,41,1800,50,50)
Skill = (10,10,0,10,0,0,0,0,0,0,0,0,1800,50,50)
Skill = (11,13,0,10,0,0,0,0,0,0,0,276,1500,406,50)
Skill = (12,0,2147483647,0,0,0,0,0,0,0,0,0,1000,2147483647,2147483647)
Skill = (13,36,0,10,0,0,0,0,0,0,0,2228,1100,2421,20)
Skill = (14,0,1200,0,0,0,1107,0,0,0,0,0,0,0,0)
Skill = (15,0,2147483647,0,0,0,0,0,83,83,0,0,1000,2147483647,2147483647)
Skill = (16,0,2147483647,0,0,0,0,0,200,200,0,0,1000,2147483647,2147483647)
Skill = (17,0,2147483647,0,0,0,0,0,0,0,0,0,50,2147483647,2147483647)
Skill = (18,0,2147483647,0,0,0,0,0,8,8,0,0,1000,2147483647,2147483647)
Skill = (19,0,2147483647,0,0,0,0,0,0,0,0,0,1000,2147483647,2147483647)
Skill = (20,0,2147483647,0,0,0,0,0,120,120,0,0,1000,2147483647,2147483647)
Skill = (21,0,2147483647,0,0,0,0,0,0,0,0,0,1000,2147483647,2147483647)
Skill = (22,18,100,0,0,0,0,0,120,120,0,0,0,0,0)
Skill = (23,0,2147483647,0,0,0,0,0,0,0,0,0,1000,2147483647,2147483647)
Skill = (24,0,2147483647,0,0,0,0,0,0,0,0,0,1000,2147483647,2147483647)

Spells      = {1,5,8,10,15,16,30,38,42,45}
QuestValues = {(18,1),(21,1),(22,1),(23,1),(32,1),(33,1),(34,1),(46,1),(60,1),(61,1),(113,1),(114,1),(125,1),(126,1),(223,1)}
Murders     = {}
