ID              = 10969363
Name            = "Zerek Da'Morte"
Race            = 1
Profession      = 1
OriginalOutfit  = 129-81-88-86-0
CurrentOutfit   = 129-81-88-86-0
LastLogin       = 1130611787
LastLogout      = 1130611972
StartPosition   = [32360,31782,7]
CurrentPosition = [32522,31890,9]
PlayerkillerEnd = 0

Skill = (0,11,0,1,0,0,0,0,0,0,1,13800,0,17600,100)
Skill = (1,2,0,0,0,0,0,0,0,0,0,91,3000,260,20)
Skill = (2,150,230,0,0,0,0,0,0,0,15,0,0,0,0)
Skill = (3,18,50,0,0,0,0,0,0,0,5,0,0,0,0)
Skill = (4,80,80,0,0,0,0,0,0,0,1,0,0,0,0)
Skill = (5,545,545,0,0,0,0,0,0,0,25,0,0,0,0)
Skill = (6,41,0,10,0,0,0,0,0,0,0,18905,1100,20113,100)
Skill = (7,11,0,10,0,0,0,0,0,0,0,39,1400,71,30)
Skill = (8,43,0,10,0,0,0,0,0,0,0,11704,1100,12273,50)
Skill = (9,10,0,10,0,0,0,0,0,0,0,2,1100,50,50)
Skill = (10,10,0,10,0,0,0,0,0,0,0,0,1100,50,50)
Skill = (11,10,0,10,0,0,0,0,0,0,0,11,1100,50,50)
Skill = (12,0,2147483647,0,0,0,0,0,0,0,0,0,1000,2147483647,2147483647)
Skill = (13,22,0,10,0,0,0,0,0,0,0,461,1100,490,20)
Skill = (14,0,1200,0,0,0,0,0,0,0,0,0,0,0,0)
Skill = (15,0,2147483647,0,0,0,0,0,83,83,0,0,1000,2147483647,2147483647)
Skill = (16,0,2147483647,0,0,0,0,0,0,0,0,0,1000,2147483647,2147483647)
Skill = (17,0,2147483647,0,0,0,0,0,0,0,0,0,50,2147483647,2147483647)
Skill = (18,0,2147483647,0,0,0,0,0,0,0,0,0,1000,2147483647,2147483647)
Skill = (19,0,2147483647,0,0,0,0,0,0,0,0,0,1000,2147483647,2147483647)
Skill = (20,0,2147483647,0,0,0,0,0,0,0,0,0,1000,2147483647,2147483647)
Skill = (21,0,2147483647,0,0,0,0,0,0,0,0,0,1000,2147483647,2147483647)
Skill = (22,100,100,0,0,0,2,0,58,120,0,0,0,0,0)
Skill = (23,0,2147483647,0,0,0,0,0,0,0,0,0,1000,2147483647,2147483647)
Skill = (24,0,2147483647,0,0,0,0,0,0,0,0,0,1000,2147483647,2147483647)

Spells      = {1,10}
QuestValues = {(20,1),(21,1),(22,1),(23,1),(32,1),(33,1),(34,1),(35,1),(59,1)}
Murders     = {}
