ID              = 7972663
Name            = "Aztek of'Drangon"
Race            = 1
Profession      = 1
OriginalOutfit  = 133-0-114-126-114
CurrentOutfit   = 133-0-114-126-114
LastLogin       = 1132105369
LastLogout      = 1132105437
StartPosition   = [32369,32241,7]
CurrentPosition = [32643,31915,8]
PlayerkillerEnd = 0

Skill = (0,9,0,1,0,0,0,0,0,0,1,7185,0,9300,100)
Skill = (1,1,0,0,0,0,0,0,0,0,0,42,3000,80,20)
Skill = (2,200,200,0,0,0,0,0,0,0,15,0,0,0,0)
Skill = (3,32,40,0,0,0,0,0,0,0,5,0,0,0,0)
Skill = (4,78,78,0,0,0,0,0,0,0,1,0,0,0,0)
Skill = (5,495,495,0,0,0,0,0,0,0,25,0,0,0,0)
Skill = (6,22,0,10,0,0,0,0,0,0,0,2206,1100,2452,100)
Skill = (7,10,0,10,0,0,0,0,0,0,0,0,1400,30,30)
Skill = (8,10,0,10,0,0,0,0,0,0,0,8,1100,50,50)
Skill = (9,20,0,10,0,0,0,0,0,0,0,850,1100,926,50)
Skill = (10,17,0,10,0,0,0,0,0,0,0,534,1100,571,50)
Skill = (11,10,0,10,0,0,0,0,0,0,0,5,1100,50,50)
Skill = (12,0,2147483647,0,0,0,0,0,0,0,0,0,1000,2147483647,2147483647)
Skill = (13,23,0,10,0,0,0,0,0,0,0,528,1100,559,20)
Skill = (14,0,1200,0,0,0,879,0,0,0,0,0,0,0,0)
Skill = (15,0,2147483647,0,0,0,0,0,83,83,0,0,1000,2147483647,2147483647)
Skill = (16,0,2147483647,0,0,0,0,0,0,0,0,0,1000,2147483647,2147483647)
Skill = (17,0,2147483647,0,0,0,0,0,3,3,0,0,50,2147483647,2147483647)
Skill = (18,0,2147483647,0,0,0,0,0,8,8,0,0,1000,2147483647,2147483647)
Skill = (19,0,2147483647,0,0,0,0,0,0,0,0,0,1000,2147483647,2147483647)
Skill = (20,0,2147483647,0,0,0,0,0,0,0,0,0,1000,2147483647,2147483647)
Skill = (21,0,2147483647,0,0,0,0,0,0,0,0,0,1000,2147483647,2147483647)
Skill = (22,100,100,0,0,0,0,0,120,120,0,0,0,0,0)
Skill = (23,0,2147483647,0,0,0,0,0,0,0,0,0,1000,2147483647,2147483647)
Skill = (24,0,2147483647,0,0,0,0,0,0,0,0,0,1000,2147483647,2147483647)

Spells      = {1,10,20}
QuestValues = {(20,1),(21,1),(22,1),(23,1),(28,1),(30,1),(31,1),(32,1),(33,1),(34,1),(59,1)}
Murders     = {}
