ID              = 8447263
Name            = "Locojackson"
Race            = 1
Profession      = 3
OriginalOutfit  = 128-40-127-58-114
CurrentOutfit   = 128-40-127-58-114
LastLogin       = 1131849702
LastLogout      = 1131849990
StartPosition   = [32360,31782,7]
CurrentPosition = [32603,31828,9]
PlayerkillerEnd = 0

Skill = (0,16,0,1,0,0,0,0,0,0,1,50753,0,57600,100)
Skill = (1,31,0,0,0,0,0,0,0,0,0,3772,1100,4022,20)
Skill = (2,217,225,0,0,0,0,0,0,0,5,0,0,0,0)
Skill = (3,83,275,0,0,0,0,0,0,0,30,0,0,0,0)
Skill = (4,85,85,0,0,0,0,0,0,0,1,0,0,0,0)
Skill = (5,550,550,0,0,0,0,0,0,0,10,0,0,0,0)
Skill = (6,21,0,10,0,0,0,0,0,0,0,19444,1500,25749,100)
Skill = (7,10,0,10,0,0,0,0,0,0,0,14,2000,30,30)
Skill = (8,17,0,10,0,0,0,0,0,0,0,6936,2000,12750,50)
Skill = (9,17,0,10,0,0,0,0,0,0,0,11080,2000,12750,50)
Skill = (10,11,0,10,0,0,0,0,0,0,0,65,2000,150,50)
Skill = (11,17,0,10,0,0,0,0,0,0,0,1893,1500,2462,50)
Skill = (12,0,2147483647,0,0,0,0,0,0,0,0,0,1000,2147483647,2147483647)
Skill = (13,48,0,10,0,0,0,0,0,0,0,7992,1100,8028,20)
Skill = (14,0,1200,0,0,0,907,0,0,0,0,0,0,0,0)
Skill = (15,0,2147483647,0,0,0,0,0,0,0,0,0,1000,2147483647,2147483647)
Skill = (16,0,2147483647,0,0,0,0,0,200,200,0,0,1000,2147483647,2147483647)
Skill = (17,0,2147483647,0,0,0,0,0,3,3,0,0,50,2147483647,2147483647)
Skill = (18,0,2147483647,0,0,0,0,0,0,0,0,0,1000,2147483647,2147483647)
Skill = (19,0,2147483647,0,0,0,0,0,0,0,0,0,1000,2147483647,2147483647)
Skill = (20,0,2147483647,0,0,0,0,0,0,0,0,0,1000,2147483647,2147483647)
Skill = (21,0,2147483647,0,0,0,0,0,0,0,0,0,1000,2147483647,2147483647)
Skill = (22,43,100,0,0,0,2,0,41,120,0,0,0,0,0)
Skill = (23,0,2147483647,0,0,0,0,0,0,0,0,0,1000,2147483647,2147483647)
Skill = (24,0,2147483647,0,0,0,0,0,0,0,0,0,1000,2147483647,2147483647)

Spells      = {1,3,8,9,10,16,20,21,23,27,29,45}
QuestValues = {(20,1),(21,1),(22,1),(23,1),(46,1),(58,1),(59,1),(61,1),(125,1),(126,1),(190,1),(191,1)}
Murders     = {}
