ID              = 8556063
Name            = "Joseph Palmer"
Race            = 1
Profession      = 1
OriginalOutfit  = 134-116-88-0-0
CurrentOutfit   = 134-116-88-0-0
LastLogin       = 1129143472
LastLogout      = 1129143486
StartPosition   = [32369,32241,7]
CurrentPosition = [32644,32025,7]
PlayerkillerEnd = 0

Skill = (0,24,0,1,0,0,0,0,0,0,1,204310,0,204800,100)
Skill = (1,4,0,0,0,0,0,0,0,0,0,2175,3000,2420,20)
Skill = (2,425,425,0,0,0,0,0,0,0,15,0,0,0,0)
Skill = (3,54,115,0,0,0,0,0,0,0,5,0,0,0,0)
Skill = (4,93,93,0,0,0,0,0,10,10,1,0,0,0,0)
Skill = (5,870,870,0,0,0,0,0,0,0,25,0,0,0,0)
Skill = (6,66,0,10,0,0,0,0,0,0,0,224811,1100,227761,100)
Skill = (7,10,0,10,0,0,0,0,0,0,0,0,1400,30,30)
Skill = (8,74,0,10,0,0,0,0,0,0,0,230147,1100,244685,50)
Skill = (9,15,0,10,0,0,0,0,0,0,0,326,1100,385,50)
Skill = (10,10,0,10,0,0,0,0,0,0,0,0,1100,50,50)
Skill = (11,10,0,10,0,0,0,0,0,0,0,0,1100,50,50)
Skill = (12,0,2147483647,0,0,0,0,0,0,0,0,0,1000,2147483647,2147483647)
Skill = (13,21,0,10,0,0,0,0,0,0,0,382,1100,427,20)
Skill = (14,0,1200,0,0,0,0,0,0,0,0,0,0,0,0)
Skill = (15,0,2147483647,0,0,0,0,0,125,125,0,0,1000,2147483647,2147483647)
Skill = (16,0,2147483647,0,0,0,0,0,0,0,0,0,1000,2147483647,2147483647)
Skill = (17,0,2147483647,0,0,0,0,0,0,0,0,0,50,2147483647,2147483647)
Skill = (18,0,2147483647,0,0,0,0,0,0,0,0,0,1000,2147483647,2147483647)
Skill = (19,0,2147483647,0,0,0,0,0,0,0,0,0,1000,2147483647,2147483647)
Skill = (20,0,2147483647,0,0,0,0,0,0,0,0,0,1000,2147483647,2147483647)
Skill = (21,0,2147483647,0,0,0,0,0,0,0,0,0,1000,2147483647,2147483647)
Skill = (22,100,100,0,0,0,0,0,0,0,0,0,0,0,0)
Skill = (23,0,2147483647,0,0,0,0,0,0,0,0,0,1000,2147483647,2147483647)
Skill = (24,0,2147483647,0,0,0,0,0,0,0,0,0,1000,2147483647,2147483647)

Spells      = {1,6,10,11,20,29,76,81}
QuestValues = {(20,1),(21,1),(22,1),(23,1),(35,1),(58,1),(59,1)}
Murders     = {}
