ID              = 8797463
Name            = "Gelofera"
Race            = 1
Profession      = 1
OriginalOutfit  = 128-0-113-114-0
CurrentOutfit   = 128-0-113-114-0
LastLogin       = 1124124752
LastLogout      = 1124124755
StartPosition   = [32369,32241,7]
CurrentPosition = [32369,32226,7]
PlayerkillerEnd = 1124313538

Skill = (0,7,0,1,0,0,0,0,0,0,1,2966,0,4200,100)
Skill = (1,0,0,0,0,0,0,0,0,0,0,0,3000,20,20)
Skill = (2,170,170,0,0,0,0,0,0,0,15,0,0,0,0)
Skill = (3,30,30,0,0,0,0,0,0,0,5,0,0,0,0)
Skill = (4,76,76,0,0,0,0,0,0,0,1,0,0,0,0)
Skill = (5,445,445,0,0,0,0,0,0,0,25,0,0,0,0)
Skill = (6,12,0,10,0,0,0,0,0,0,0,270,1100,331,100)
Skill = (7,10,0,10,0,0,0,0,0,0,0,4,1400,30,30)
Skill = (8,10,0,10,0,0,0,0,0,0,0,36,1100,50,50)
Skill = (9,12,0,10,0,0,0,0,0,0,0,139,1100,165,50)
Skill = (10,16,0,10,0,0,0,0,0,0,0,430,1100,474,50)
Skill = (11,10,0,10,0,0,0,0,0,0,0,11,1100,50,50)
Skill = (12,0,2147483647,0,0,0,0,0,0,0,0,0,1000,2147483647,2147483647)
Skill = (13,14,0,10,0,0,0,0,0,0,0,106,1100,122,20)
Skill = (14,0,1200,0,0,0,0,0,0,0,0,0,0,0,0)
Skill = (15,0,2147483647,0,0,0,0,0,0,0,0,0,1000,2147483647,2147483647)
Skill = (16,0,2147483647,0,0,0,0,0,0,0,0,0,1000,2147483647,2147483647)
Skill = (17,0,2147483647,0,0,0,0,0,0,0,0,0,50,2147483647,2147483647)
Skill = (18,0,2147483647,0,0,0,0,0,0,0,0,0,1000,2147483647,2147483647)
Skill = (19,0,2147483647,0,0,0,0,0,0,0,0,0,1000,2147483647,2147483647)
Skill = (20,0,2147483647,0,0,0,0,0,0,0,0,0,1000,2147483647,2147483647)
Skill = (21,0,2147483647,0,0,0,0,0,0,0,0,0,1000,2147483647,2147483647)
Skill = (22,100,100,0,0,0,0,0,0,0,0,0,0,0,0)
Skill = (23,0,2147483647,0,0,0,0,0,0,0,0,0,1000,2147483647,2147483647)
Skill = (24,0,2147483647,0,0,0,0,0,0,0,0,0,1000,2147483647,2147483647)

Spells      = {}
QuestValues = {(18,1)}
Murders     = {1121720903,1121721369,1121721538}
