ID              = 8947063
Name            = "Master Gokuza"
Race            = 1
Profession      = 2
OriginalOutfit  = 131-91-91-91-91
CurrentOutfit   = 131-91-91-91-91
LastLogin       = 1122051910
LastLogout      = 1122053473
StartPosition   = [32957,32076,7]
CurrentPosition = [32957,32076,7]
PlayerkillerEnd = 0

Skill = (0,17,0,1,0,0,0,0,0,0,1,57621,0,69700,100)
Skill = (1,6,0,0,0,0,0,0,0,0,0,434,1400,477,20)
Skill = (2,275,275,0,0,0,0,0,0,0,10,0,0,0,0)
Skill = (3,170,170,0,0,0,0,0,0,0,15,0,0,0,0)
Skill = (4,86,86,0,0,0,0,0,0,0,1,0,0,0,0)
Skill = (5,650,650,0,0,0,0,0,0,0,20,0,0,0,0)
Skill = (6,42,0,10,0,0,0,0,0,0,0,21888,1100,22225,100)
Skill = (7,56,0,10,0,0,0,0,0,0,0,24910,1100,26159,30)
Skill = (8,10,0,10,0,0,0,0,0,0,0,0,1200,50,50)
Skill = (9,13,0,10,0,0,0,0,0,0,0,263,1200,268,50)
Skill = (10,10,0,10,0,0,0,0,0,0,0,0,1200,50,50)
Skill = (11,14,0,10,0,0,0,0,0,0,0,269,1200,372,50)
Skill = (12,0,2147483647,0,0,0,0,0,0,0,0,0,1000,2147483647,2147483647)
Skill = (13,25,0,10,0,0,0,0,0,0,0,639,1100,718,20)
Skill = (14,0,1200,0,0,0,0,0,0,0,0,0,0,0,0)
Skill = (15,0,2147483647,0,0,0,0,0,83,83,0,0,1000,2147483647,2147483647)
Skill = (16,0,2147483647,0,0,0,0,0,0,0,0,0,1000,2147483647,2147483647)
Skill = (17,0,2147483647,0,0,0,0,0,0,0,0,0,50,2147483647,2147483647)
Skill = (18,0,2147483647,0,0,0,0,0,8,8,0,0,1000,2147483647,2147483647)
Skill = (19,0,2147483647,0,0,0,0,0,0,0,0,0,1000,2147483647,2147483647)
Skill = (20,0,2147483647,0,0,0,0,0,0,0,0,0,1000,2147483647,2147483647)
Skill = (21,0,2147483647,0,0,0,0,0,0,0,0,0,1000,2147483647,2147483647)
Skill = (22,200,200,0,0,0,0,0,0,0,0,0,0,0,0)
Skill = (23,0,2147483647,0,0,0,0,0,0,0,0,0,1000,2147483647,2147483647)
Skill = (24,0,2147483647,0,0,0,0,0,0,0,0,0,1000,2147483647,2147483647)

Spells      = {2,8,10,20,29,42,51}
QuestValues = {(18,1),(20,1),(21,1),(22,1),(23,1),(32,1),(33,1),(34,1),(35,1)}
Murders     = {}
