ID              = 9035463
Name            = "Maciejek Nowak"
Race            = 1
Profession      = 1
OriginalOutfit  = 131-114-0-94-94
CurrentOutfit   = 131-114-0-94-94
LastLogin       = 1121593431
LastLogout      = 1121597114
StartPosition   = [32369,32241,7]
CurrentPosition = [32369,32241,7]
PlayerkillerEnd = 0

Skill = (0,10,0,1,0,0,0,0,0,0,1,10987,0,13000,100)
Skill = (1,2,0,0,0,0,0,0,0,0,0,129,3000,260,20)
Skill = (2,215,215,0,0,0,0,0,0,0,15,0,0,0,0)
Skill = (3,40,45,0,0,0,0,0,0,0,5,0,0,0,0)
Skill = (4,79,79,0,0,0,0,0,0,0,1,0,0,0,0)
Skill = (5,520,520,0,0,0,0,0,0,0,25,0,0,0,0)
Skill = (6,37,0,10,0,0,0,0,0,0,0,13070,1100,13420,100)
Skill = (7,11,0,10,0,0,0,0,0,0,0,66,1400,71,30)
Skill = (8,41,0,10,0,0,0,0,0,0,0,9172,1100,10056,50)
Skill = (9,11,0,10,0,0,0,0,0,0,0,69,1100,105,50)
Skill = (10,12,0,10,0,0,0,0,0,0,0,114,1100,165,50)
Skill = (11,11,0,10,0,0,0,0,0,0,0,65,1100,105,50)
Skill = (12,0,2147483647,0,0,0,0,0,0,0,0,0,1000,2147483647,2147483647)
Skill = (13,34,0,10,0,0,0,0,0,0,0,1771,1100,1966,20)
Skill = (14,0,1200,0,0,0,834,0,0,0,0,0,0,0,0)
Skill = (15,0,2147483647,0,0,0,0,0,83,83,0,0,1000,2147483647,2147483647)
Skill = (16,0,2147483647,0,0,0,0,0,0,0,0,0,1000,2147483647,2147483647)
Skill = (17,0,2147483647,0,0,0,0,0,3,3,0,0,50,2147483647,2147483647)
Skill = (18,0,2147483647,0,0,0,0,0,0,0,0,0,1000,2147483647,2147483647)
Skill = (19,0,2147483647,0,0,0,0,0,0,0,0,0,1000,2147483647,2147483647)
Skill = (20,0,2147483647,0,0,0,0,0,120,120,0,0,1000,2147483647,2147483647)
Skill = (21,0,2147483647,0,0,0,0,0,0,0,0,0,1000,2147483647,2147483647)
Skill = (22,200,200,0,0,0,0,0,0,0,0,0,0,0,0)
Skill = (23,0,2147483647,0,0,0,0,0,0,0,0,0,1000,2147483647,2147483647)
Skill = (24,0,2147483647,0,0,0,0,0,0,0,0,0,1000,2147483647,2147483647)

Spells      = {1,10,29}
QuestValues = {(17,1),(18,1),(19,1),(20,1),(21,1),(22,1),(23,1),(32,1),(33,1),(34,1),(35,1),(59,1),(100,1),(106,1),(107,1),(128,1),(223,1)}
Murders     = {}
