ID              = 9297363
Name            = "Matusai Angelous"
Race            = 1
Profession      = 2
OriginalOutfit  = 129-114-114-114-114
CurrentOutfit   = 129-114-114-114-114
LastLogin       = 1127071883
LastLogout      = 1127071901
StartPosition   = [32649,31925,11]
CurrentPosition = [32647,31919,8]
PlayerkillerEnd = 0

Skill = (0,15,0,1,0,0,0,0,0,0,1,37848,0,47000,100)
Skill = (1,6,0,0,0,0,0,0,0,0,0,471,1400,477,20)
Skill = (2,171,250,0,0,0,0,0,0,0,10,0,0,0,0)
Skill = (3,6,130,0,0,0,0,0,0,0,15,0,0,0,0)
Skill = (4,84,84,0,0,0,0,0,0,0,1,0,0,0,0)
Skill = (5,600,600,0,0,0,0,0,0,0,20,0,0,0,0)
Skill = (6,41,0,10,0,0,0,0,0,0,0,18915,1100,20113,100)
Skill = (7,49,0,10,0,0,0,0,0,0,0,12481,1100,13277,30)
Skill = (8,24,0,10,0,0,0,0,0,0,0,3401,1200,3601,50)
Skill = (9,14,0,10,0,0,0,0,0,0,0,351,1200,372,50)
Skill = (10,10,0,10,0,0,0,0,0,0,0,25,1200,50,50)
Skill = (11,17,0,10,0,0,0,0,0,0,0,682,1200,824,50)
Skill = (12,0,2147483647,0,0,0,0,0,0,0,0,0,1000,2147483647,2147483647)
Skill = (13,10,0,10,0,0,0,0,0,0,0,9,1100,20,20)
Skill = (14,0,1200,0,0,0,0,0,0,0,0,0,0,0,0)
Skill = (15,0,2147483647,0,0,0,0,0,0,0,0,0,1000,2147483647,2147483647)
Skill = (16,0,2147483647,0,0,0,0,0,0,0,0,0,1000,2147483647,2147483647)
Skill = (17,0,2147483647,0,0,0,0,0,0,0,0,0,50,2147483647,2147483647)
Skill = (18,0,2147483647,0,0,0,0,0,0,0,0,0,1000,2147483647,2147483647)
Skill = (19,0,2147483647,0,0,0,0,0,0,0,0,0,1000,2147483647,2147483647)
Skill = (20,0,2147483647,0,0,0,0,0,0,0,0,0,1000,2147483647,2147483647)
Skill = (21,0,2147483647,0,0,0,0,0,0,0,0,0,1000,2147483647,2147483647)
Skill = (22,100,100,0,0,0,0,0,120,120,0,0,0,0,0)
Skill = (23,0,2147483647,0,0,0,0,0,0,0,0,0,1000,2147483647,2147483647)
Skill = (24,0,2147483647,0,0,0,0,0,0,0,0,0,1000,2147483647,2147483647)

Spells      = {1,2,7,8,10,11,15,20,29,30,42,44,51}
QuestValues = {(15,1),(20,1),(21,1),(22,1),(23,1),(32,1),(33,1),(34,1),(35,1),(59,1),(88,1),(89,1),(90,1),(91,1),(92,1),(96,1),(97,1),(98,1),(100,1),(106,1),(107,1),(125,1),(126,1),(226,1),(253,1)}
Murders     = {}
