ID              = 10154509
Name            = "Trekast"
Race            = 1
Profession      = 1
OriginalOutfit  = 129-114-94-105-0
CurrentOutfit   = 129-114-94-105-0
LastLogin       = 1124042483
LastLogout      = 1124042509
StartPosition   = [32360,31782,7]
CurrentPosition = [32336,31783,7]
PlayerkillerEnd = 0

Skill = (0,12,0,1,0,0,0,0,0,0,1,21119,0,23200,100)
Skill = (1,2,0,0,0,0,0,0,0,0,0,87,3000,260,20)
Skill = (2,242,245,0,0,0,0,0,0,0,15,0,0,0,0)
Skill = (3,55,55,0,0,0,0,0,0,0,5,0,0,0,0)
Skill = (4,81,81,0,0,0,0,0,0,0,1,0,0,0,0)
Skill = (5,570,570,0,0,0,0,0,0,0,25,0,0,0,0)
Skill = (6,34,0,10,0,0,0,0,0,0,0,9537,1100,9834,100)
Skill = (7,10,0,10,0,0,0,0,0,0,0,0,1400,30,30)
Skill = (8,38,0,10,0,0,0,0,0,0,0,7389,1100,7431,50)
Skill = (9,12,0,10,0,0,0,0,0,0,0,154,1100,165,50)
Skill = (10,10,0,10,0,0,0,0,0,0,0,0,1100,50,50)
Skill = (11,10,0,10,0,0,0,0,0,0,0,0,1100,50,50)
Skill = (12,0,2147483647,0,0,0,0,0,0,0,0,0,1000,2147483647,2147483647)
Skill = (13,25,0,10,0,0,0,0,0,0,0,711,1100,718,20)
Skill = (14,0,1200,0,0,0,0,0,0,0,0,0,0,0,0)
Skill = (15,0,2147483647,0,0,0,0,0,0,0,0,0,1000,2147483647,2147483647)
Skill = (16,0,2147483647,0,0,0,0,0,0,0,0,0,1000,2147483647,2147483647)
Skill = (17,0,2147483647,0,0,0,0,0,0,0,0,0,50,2147483647,2147483647)
Skill = (18,0,2147483647,0,0,0,0,0,0,0,0,0,1000,2147483647,2147483647)
Skill = (19,0,2147483647,0,0,0,0,0,0,0,0,0,1000,2147483647,2147483647)
Skill = (20,0,2147483647,0,0,0,0,0,0,0,0,0,1000,2147483647,2147483647)
Skill = (21,0,2147483647,0,0,0,0,0,0,0,0,0,1000,2147483647,2147483647)
Skill = (22,100,100,0,0,0,0,0,0,0,0,0,0,0,0)
Skill = (23,0,2147483647,0,0,0,0,0,0,0,0,0,1000,2147483647,2147483647)
Skill = (24,0,2147483647,0,0,0,0,0,0,0,0,0,1000,2147483647,2147483647)

Spells      = {1,10,29}
QuestValues = {(59,1),(61,1)}
Murders     = {}
