ID              = 8364609
Name            = "Soxu Of Zanera"
Race            = 1
Profession      = 4
OriginalOutfit  = 128-58-114-114-0
CurrentOutfit   = 128-58-114-114-0
LastLogin       = 1131114893
LastLogout      = 1131115032
StartPosition   = [32360,31782,7]
CurrentPosition = [32337,31785,7]
PlayerkillerEnd = 0

Skill = (0,15,0,1,0,0,0,0,0,0,1,38952,0,47000,100)
Skill = (1,17,0,0,0,0,0,0,0,0,0,825,1100,911,20)
Skill = (2,165,220,0,0,0,0,0,0,0,5,0,0,0,0)
Skill = (3,49,245,0,0,0,0,0,0,0,30,0,0,0,0)
Skill = (4,84,84,0,0,0,0,0,0,0,1,0,0,0,0)
Skill = (5,540,540,0,0,0,0,0,0,0,10,0,0,0,0)
Skill = (6,19,0,10,0,0,0,0,0,0,0,9140,1500,11333,100)
Skill = (7,10,0,10,0,0,0,0,0,0,0,9,1800,30,30)
Skill = (8,12,0,10,0,0,0,0,0,0,0,183,1800,302,50)
Skill = (9,18,0,10,0,0,0,0,0,0,0,7154,1800,12334,50)
Skill = (10,11,0,10,0,0,0,0,0,0,0,90,1800,140,50)
Skill = (11,12,0,10,0,0,0,0,0,0,0,136,1500,237,50)
Skill = (12,0,2147483647,0,0,0,0,0,0,0,0,0,1000,2147483647,2147483647)
Skill = (13,18,0,10,0,0,0,0,0,0,0,251,1100,271,20)
Skill = (14,0,1200,0,0,0,0,0,0,0,0,0,0,0,0)
Skill = (15,0,2147483647,0,0,0,0,0,83,83,0,0,1000,2147483647,2147483647)
Skill = (16,0,2147483647,0,0,0,0,0,6000,6000,0,0,1000,2147483647,2147483647)
Skill = (17,0,2147483647,0,0,0,0,0,3,3,0,0,50,2147483647,2147483647)
Skill = (18,0,2147483647,0,0,0,0,0,0,0,0,0,1000,2147483647,2147483647)
Skill = (19,0,2147483647,0,0,0,0,0,0,0,0,0,1000,2147483647,2147483647)
Skill = (20,0,2147483647,0,0,0,0,0,0,0,0,0,1000,2147483647,2147483647)
Skill = (21,0,2147483647,0,0,0,0,0,0,0,0,0,1000,2147483647,2147483647)
Skill = (22,91,100,0,0,0,0,0,120,120,0,0,0,0,0)
Skill = (23,0,2147483647,0,0,0,0,0,0,0,0,0,1000,2147483647,2147483647)
Skill = (24,0,2147483647,0,0,0,0,0,0,0,0,0,1000,2147483647,2147483647)

Spells      = {3,4,5,8,9,10,16,20,29}
QuestValues = {(20,1),(21,1),(22,1),(23,1),(32,1),(33,1),(34,1),(59,1),(60,1),(61,1),(72,1),(73,1),(74,1),(75,1),(96,1),(97,1),(98,1),(109,1),(115,1),(125,1),(126,1),(153,1),(190,1),(191,1),(226,1)}
Murders     = {1130533829,1130540859}
