ID              = 8441709
Name            = "Comando Maisantajr"
Race            = 1
Profession      = 4
OriginalOutfit  = 130-94-9-94-10
CurrentOutfit   = 130-94-9-94-10
LastLogin       = 1132102522
LastLogout      = 1132103136
StartPosition   = [32360,31782,7]
CurrentPosition = [32647,31919,8]
PlayerkillerEnd = 0

Skill = (0,16,0,1,0,0,0,0,0,0,1,55160,0,57600,100)
Skill = (1,27,0,0,0,0,0,0,0,0,0,2549,1100,2684,20)
Skill = (2,224,225,0,0,0,0,0,0,0,5,0,0,0,0)
Skill = (3,275,275,0,0,0,0,0,0,0,30,0,0,0,0)
Skill = (4,85,85,0,0,0,0,0,0,0,1,0,0,0,0)
Skill = (5,550,550,0,0,0,0,0,0,0,10,0,0,0,0)
Skill = (6,17,0,10,0,0,0,0,0,0,0,4169,1500,4925,100)
Skill = (7,10,0,10,0,0,0,0,0,0,0,0,1800,30,30)
Skill = (8,10,0,10,0,0,0,0,0,0,0,0,1800,50,50)
Skill = (9,18,0,10,0,0,0,0,0,0,0,7545,1800,12334,50)
Skill = (10,10,0,10,0,0,0,0,0,0,0,5,1800,50,50)
Skill = (11,13,0,10,0,0,0,0,0,0,0,284,1500,406,50)
Skill = (12,0,2147483647,0,0,0,0,0,0,0,0,0,1000,2147483647,2147483647)
Skill = (13,50,0,10,0,0,0,0,0,0,0,9680,1100,9757,20)
Skill = (14,0,1200,0,0,0,0,0,0,0,0,0,0,0,0)
Skill = (15,0,2147483647,0,0,0,0,0,0,0,0,0,1000,2147483647,2147483647)
Skill = (16,0,2147483647,0,0,0,0,0,0,0,0,0,1000,2147483647,2147483647)
Skill = (17,0,2147483647,0,0,0,0,0,0,0,0,0,50,2147483647,2147483647)
Skill = (18,0,2147483647,0,0,0,0,0,0,0,0,0,1000,2147483647,2147483647)
Skill = (19,0,2147483647,0,0,0,0,0,0,0,0,0,1000,2147483647,2147483647)
Skill = (20,0,2147483647,0,0,0,0,0,0,0,0,0,1000,2147483647,2147483647)
Skill = (21,0,2147483647,0,0,0,0,0,0,0,0,0,1000,2147483647,2147483647)
Skill = (22,20,100,0,0,0,0,0,0,0,0,0,0,0,0)
Skill = (23,0,2147483647,0,0,0,0,0,0,0,0,0,1000,2147483647,2147483647)
Skill = (24,0,2147483647,0,0,0,0,0,0,0,0,0,1000,2147483647,2147483647)

Spells      = {5,8,10}
QuestValues = {(20,1),(21,1),(22,1),(23,1),(32,1),(33,1),(34,1),(96,1),(97,1),(98,1),(115,1)}
Murders     = {}
