ID              = 8592909
Name            = "Pikmins"
Race            = 1
Profession      = 1
OriginalOutfit  = 128-96-1-126-1
CurrentOutfit   = 128-96-1-126-1
LastLogin       = 1132102000
LastLogout      = 1132103409
StartPosition   = [32360,31782,7]
CurrentPosition = [32679,31685,8]
PlayerkillerEnd = 0

Skill = (0,30,0,1,0,0,0,0,0,0,1,369871,0,409000,100)
Skill = (1,4,0,0,0,0,0,0,0,0,0,1734,3000,2420,20)
Skill = (2,515,515,0,0,0,0,0,0,0,15,0,0,0,0)
Skill = (3,5,145,0,0,0,0,0,0,0,5,0,0,0,0)
Skill = (4,99,99,0,0,0,0,0,0,0,1,0,0,0,0)
Skill = (5,1020,1020,0,0,0,0,0,0,0,25,0,0,0,0)
Skill = (6,63,0,10,0,0,0,0,0,0,0,155306,1100,170871,100)
Skill = (7,10,0,10,0,0,0,0,0,0,0,0,1400,30,30)
Skill = (8,10,0,10,0,0,0,0,0,0,0,17,1100,50,50)
Skill = (9,64,0,10,0,0,0,0,0,0,0,89202,1100,94029,50)
Skill = (10,10,0,10,0,0,0,0,0,0,0,0,1100,50,50)
Skill = (11,16,0,10,0,0,0,0,0,0,0,453,1100,474,50)
Skill = (12,0,2147483647,0,0,0,0,0,0,0,0,0,1000,2147483647,2147483647)
Skill = (13,43,0,10,0,0,0,0,0,0,0,4685,1100,4909,20)
Skill = (14,0,1200,0,0,0,0,0,0,0,0,0,0,0,0)
Skill = (15,0,2147483647,0,0,0,0,0,83,83,0,0,1000,2147483647,2147483647)
Skill = (16,0,2147483647,0,0,0,0,0,6000,6000,0,0,1000,2147483647,2147483647)
Skill = (17,0,2147483647,0,0,0,0,0,3,3,0,0,50,2147483647,2147483647)
Skill = (18,0,2147483647,0,0,0,0,0,1,1,0,0,1000,2147483647,2147483647)
Skill = (19,0,2147483647,0,0,0,0,0,0,0,0,0,1000,2147483647,2147483647)
Skill = (20,0,2147483647,0,0,0,0,0,120,120,0,0,1000,2147483647,2147483647)
Skill = (21,0,2147483647,0,0,0,0,0,0,0,0,0,1000,2147483647,2147483647)
Skill = (22,100,100,0,0,0,0,0,120,120,0,0,0,0,0)
Skill = (23,0,2147483647,0,0,0,0,0,0,0,0,0,1000,2147483647,2147483647)
Skill = (24,0,2147483647,0,0,0,0,0,0,0,0,0,1000,2147483647,2147483647)

Spells      = {1,10,20}
QuestValues = {(21,1),(22,1),(23,1),(28,1),(32,1),(33,1),(34,1),(46,1),(96,1),(97,1),(98,1),(115,1),(125,1),(126,1),(190,1),(191,1),(208,1),(223,1),(224,1)}
Murders     = {}
