ID              = 8819609
Name            = "Lord Dark Zyrus"
Race            = 1
Profession      = 4
OriginalOutfit  = 129-114-0-126-0
CurrentOutfit   = 129-114-0-126-0
LastLogin       = 1131900967
LastLogout      = 1131902792
StartPosition   = [32957,32076,7]
CurrentPosition = [32910,32258,7]
PlayerkillerEnd = 0

Skill = (0,24,0,1,0,0,0,0,0,0,1,183939,0,204800,100)
Skill = (1,34,0,0,0,0,0,0,0,0,0,5219,1100,5420,20)
Skill = (2,220,265,0,0,0,0,0,0,0,5,0,0,0,0)
Skill = (3,12,515,0,0,0,0,0,0,0,30,0,0,0,0)
Skill = (4,93,93,0,0,0,0,0,0,0,1,0,0,0,0)
Skill = (5,630,630,0,0,0,0,0,0,0,10,0,0,0,0)
Skill = (6,22,0,10,0,0,0,0,0,0,0,37370,1500,38723,100)
Skill = (7,10,0,10,0,0,0,0,0,0,0,20,1800,30,30)
Skill = (8,12,0,10,0,0,0,0,0,0,0,156,1800,302,50)
Skill = (9,20,0,10,0,0,0,0,0,0,0,26289,1800,40105,50)
Skill = (10,10,0,10,0,0,0,0,0,0,0,0,1800,50,50)
Skill = (11,13,0,10,0,0,0,0,0,0,0,291,1500,406,50)
Skill = (12,0,2147483647,0,0,0,0,0,0,0,0,0,1000,2147483647,2147483647)
Skill = (13,44,0,10,0,0,0,0,0,0,0,5131,1100,5420,20)
Skill = (14,0,1200,0,0,0,666,0,0,0,0,0,0,0,0)
Skill = (15,0,2147483647,0,0,0,0,0,0,0,0,0,1000,2147483647,2147483647)
Skill = (16,0,2147483647,0,0,0,0,0,200,200,0,0,1000,2147483647,2147483647)
Skill = (17,0,2147483647,0,0,0,0,0,3,3,0,0,50,2147483647,2147483647)
Skill = (18,0,2147483647,0,0,0,0,0,8,8,0,0,1000,2147483647,2147483647)
Skill = (19,0,2147483647,0,0,0,0,0,0,0,0,0,1000,2147483647,2147483647)
Skill = (20,0,2147483647,0,0,0,0,0,120,120,0,0,1000,2147483647,2147483647)
Skill = (21,0,2147483647,0,0,0,0,0,0,0,0,0,1000,2147483647,2147483647)
Skill = (22,18,100,0,0,0,1,0,18,120,0,0,0,0,0)
Skill = (23,0,2147483647,0,0,0,0,0,0,0,0,0,1000,2147483647,2147483647)
Skill = (24,0,2147483647,0,0,0,0,0,0,0,0,0,1000,2147483647,2147483647)

Spells      = {3,5,8,9,16,18,38,42}
QuestValues = {(20,1),(35,1),(99,1),(190,1),(191,1)}
Murders     = {}
