ID              = 8245574
Name            = "Cloudpk"
Race            = 1
Profession      = 2
OriginalOutfit  = 129-88-94-88-88
CurrentOutfit   = 129-88-94-88-88
LastLogin       = 1122249412
LastLogout      = 1122249425
StartPosition   = [32369,32241,7]
CurrentPosition = [32369,32241,7]
PlayerkillerEnd = 0

Skill = (0,12,0,1,0,0,0,0,0,0,1,18899,0,23200,100)
Skill = (1,6,0,0,0,0,0,0,0,0,0,458,1400,477,20)
Skill = (2,225,225,0,0,0,0,0,0,0,10,0,0,0,0)
Skill = (3,95,95,0,0,0,0,0,0,0,15,0,0,0,0)
Skill = (4,81,81,0,0,0,0,0,0,0,1,0,0,0,0)
Skill = (5,550,550,0,0,0,0,0,0,0,20,0,0,0,0)
Skill = (6,15,0,10,0,0,0,0,0,0,0,756,1100,771,100)
Skill = (7,37,0,10,0,0,0,0,0,0,0,3791,1100,4026,30)
Skill = (8,10,0,10,0,0,0,0,0,0,0,34,1200,50,50)
Skill = (9,14,0,10,0,0,0,0,0,0,0,307,1200,372,50)
Skill = (10,10,0,10,0,0,0,0,0,0,0,30,1200,50,50)
Skill = (11,12,0,10,0,0,0,0,0,0,0,125,1200,181,50)
Skill = (12,0,2147483647,0,0,0,0,0,0,0,0,0,1000,2147483647,2147483647)
Skill = (13,37,0,10,0,0,0,0,0,0,0,2517,1100,2684,20)
Skill = (14,0,1200,0,0,0,0,0,0,0,0,0,0,0,0)
Skill = (15,0,2147483647,0,0,0,0,0,0,0,0,0,1000,2147483647,2147483647)
Skill = (16,0,2147483647,0,0,0,0,0,0,0,0,0,1000,2147483647,2147483647)
Skill = (17,0,2147483647,0,0,0,0,0,0,0,0,0,50,2147483647,2147483647)
Skill = (18,0,2147483647,0,0,0,0,0,0,0,0,0,1000,2147483647,2147483647)
Skill = (19,0,2147483647,0,0,0,0,0,0,0,0,0,1000,2147483647,2147483647)
Skill = (20,0,2147483647,0,0,0,0,0,0,0,0,0,1000,2147483647,2147483647)
Skill = (21,0,2147483647,0,0,0,0,0,0,0,0,0,1000,2147483647,2147483647)
Skill = (22,200,200,0,0,0,0,0,0,0,0,0,0,0,0)
Skill = (23,0,2147483647,0,0,0,0,0,0,0,0,0,1000,2147483647,2147483647)
Skill = (24,0,2147483647,0,0,0,0,0,0,0,0,0,1000,2147483647,2147483647)

Spells      = {2,8,10,20,42,51}
QuestValues = {(18,1),(21,1),(22,1),(23,1),(32,1),(33,1),(37,1),(59,1),(109,1)}
Murders     = {}
