ID              = 8309574
Name            = "Arquero de thura"
Race            = 1
Profession      = 1
OriginalOutfit  = 134-114-94-114-114
CurrentOutfit   = 134-114-94-114-114
LastLogin       = 1130476689
LastLogout      = 1130476708
StartPosition   = [32360,31782,7]
CurrentPosition = [32679,31687,8]
PlayerkillerEnd = 0

Skill = (0,10,0,1,0,0,0,0,0,0,1,12848,0,13000,100)
Skill = (1,0,0,0,0,0,0,0,0,0,0,11,3000,20,20)
Skill = (2,215,215,0,0,0,0,0,0,0,15,0,0,0,0)
Skill = (3,45,45,0,0,0,0,0,0,0,5,0,0,0,0)
Skill = (4,79,79,0,0,0,0,0,0,0,1,0,0,0,0)
Skill = (5,520,520,0,0,0,0,0,0,0,25,0,0,0,0)
Skill = (6,24,0,10,0,0,0,0,0,0,0,2886,1100,3177,100)
Skill = (7,10,0,10,0,0,0,0,0,0,0,0,1400,30,30)
Skill = (8,15,0,10,0,0,0,0,0,0,0,370,1100,385,50)
Skill = (9,25,0,10,0,0,0,0,0,0,0,1637,1100,1797,50)
Skill = (10,10,0,10,0,0,0,0,0,0,0,0,1100,50,50)
Skill = (11,10,0,10,0,0,0,0,0,0,0,0,1100,50,50)
Skill = (12,0,2147483647,0,0,0,0,0,0,0,0,0,1000,2147483647,2147483647)
Skill = (13,10,0,10,0,0,0,0,0,0,0,7,1100,20,20)
Skill = (14,0,1200,0,0,0,0,0,0,0,0,0,0,0,0)
Skill = (15,0,2147483647,0,0,0,0,0,0,0,0,0,1000,2147483647,2147483647)
Skill = (16,0,2147483647,0,0,0,0,0,0,0,0,0,1000,2147483647,2147483647)
Skill = (17,0,2147483647,0,0,0,0,0,3,3,0,0,50,2147483647,2147483647)
Skill = (18,0,2147483647,0,0,0,0,0,0,0,0,0,1000,2147483647,2147483647)
Skill = (19,0,2147483647,0,0,0,0,0,0,0,0,0,1000,2147483647,2147483647)
Skill = (20,0,2147483647,0,0,0,0,0,0,0,0,0,1000,2147483647,2147483647)
Skill = (21,0,2147483647,0,0,0,0,0,0,0,0,0,1000,2147483647,2147483647)
Skill = (22,100,100,0,0,0,0,0,120,120,0,0,0,0,0)
Skill = (23,0,2147483647,0,0,0,0,0,0,0,0,0,1000,2147483647,2147483647)
Skill = (24,0,2147483647,0,0,0,0,0,0,0,0,0,1000,2147483647,2147483647)

Spells      = {20}
QuestValues = {(14,1),(15,1),(17,1),(18,1),(20,1),(21,1),(22,1),(23,1),(27,1),(32,1),(33,1),(34,1),(35,1),(223,1)}
Murders     = {}
