ID              = 8536474
Name            = "Grea Ligon"
Race            = 1
Profession      = 2
OriginalOutfit  = 129-79-94-107-114
CurrentOutfit   = 129-79-94-107-114
LastLogin       = 1132107952
LastLogout      = 1132108345
StartPosition   = [32369,32241,7]
CurrentPosition = [32354,32155,9]
PlayerkillerEnd = 0

Skill = (0,22,0,1,0,0,0,0,0,0,1,144429,0,156200,100)
Skill = (1,11,0,0,0,0,0,0,0,0,0,2069,1400,2784,20)
Skill = (2,279,325,0,0,0,0,0,0,0,10,0,0,0,0)
Skill = (3,109,245,0,0,0,0,0,0,0,15,0,0,0,0)
Skill = (4,91,91,0,0,0,0,0,0,0,1,0,0,0,0)
Skill = (5,750,750,0,0,0,0,0,0,0,20,0,0,0,0)
Skill = (6,28,0,10,0,0,0,0,0,0,0,4855,1100,5115,100)
Skill = (7,54,0,10,0,0,0,0,0,0,0,21052,1100,21567,30)
Skill = (8,14,0,10,0,0,0,0,0,0,0,355,1200,372,50)
Skill = (9,21,0,10,0,0,0,0,0,0,0,1745,1200,1979,50)
Skill = (10,10,0,10,0,0,0,0,0,0,0,10,1200,50,50)
Skill = (11,16,0,10,0,0,0,0,0,0,0,542,1200,645,50)
Skill = (12,0,2147483647,0,0,0,0,0,0,0,0,0,1000,2147483647,2147483647)
Skill = (13,41,0,10,0,0,0,0,0,0,0,3998,1100,4022,20)
Skill = (14,0,1200,0,0,0,972,0,0,0,0,0,0,0,0)
Skill = (15,0,2147483647,0,0,0,0,0,83,83,0,0,1000,2147483647,2147483647)
Skill = (16,0,2147483647,0,0,0,0,0,0,0,0,0,1000,2147483647,2147483647)
Skill = (17,0,2147483647,0,0,0,0,0,3,3,0,0,50,2147483647,2147483647)
Skill = (18,0,2147483647,0,0,0,0,0,8,8,0,0,1000,2147483647,2147483647)
Skill = (19,0,2147483647,0,0,0,0,0,10,10,0,0,1000,2147483647,2147483647)
Skill = (20,0,2147483647,0,0,0,0,0,0,0,0,0,1000,2147483647,2147483647)
Skill = (21,0,2147483647,0,0,0,0,0,0,0,0,0,1000,2147483647,2147483647)
Skill = (22,83,100,0,0,0,2,0,59,120,0,0,0,0,0)
Skill = (23,0,2147483647,0,0,0,0,0,0,0,0,0,1000,2147483647,2147483647)
Skill = (24,0,2147483647,0,0,0,0,0,0,0,0,0,1000,2147483647,2147483647)

Spells      = {2,3,7,8,10,15,20,29,30,42,44,48,49,51}
QuestValues = {(14,1),(15,1),(20,1),(21,1),(22,1),(23,1),(32,1),(33,1),(34,1),(59,1),(93,1),(94,1),(95,1),(96,1),(97,1),(98,1),(99,1),(100,1),(106,1),(107,1),(190,1),(191,1)}
Murders     = {}
