ID              = 9197074
Name            = "Chino de'maniak"
Race            = 1
Profession      = 2
OriginalOutfit  = 129-121-0-94-94
CurrentOutfit   = 129-121-0-94-94
LastLogin       = 1127330438
LastLogout      = 1127330474
StartPosition   = [32369,32241,7]
CurrentPosition = [32662,31904,8]
PlayerkillerEnd = 0

Skill = (0,11,0,1,0,0,0,0,0,0,1,13919,0,17600,100)
Skill = (1,4,0,0,0,0,0,0,0,0,0,202,1400,218,20)
Skill = (2,215,215,0,0,0,0,0,0,0,10,0,0,0,0)
Skill = (3,49,80,0,0,0,0,0,0,0,15,0,0,0,0)
Skill = (4,80,80,0,0,0,0,0,0,0,1,0,0,0,0)
Skill = (5,530,530,0,0,0,0,0,0,0,20,0,0,0,0)
Skill = (6,32,0,10,0,0,0,0,0,0,0,7947,1100,7954,100)
Skill = (7,40,0,10,0,0,0,0,0,0,0,4985,1100,5458,30)
Skill = (8,10,0,10,0,0,0,0,0,0,0,16,1200,50,50)
Skill = (9,14,0,10,0,0,0,0,0,0,0,326,1200,372,50)
Skill = (10,13,0,10,0,0,0,0,0,0,0,216,1200,268,50)
Skill = (11,11,0,10,0,0,0,0,0,0,0,87,1200,109,50)
Skill = (12,0,2147483647,0,0,0,0,0,0,0,0,0,1000,2147483647,2147483647)
Skill = (13,22,0,10,0,0,0,0,0,0,0,451,1100,490,20)
Skill = (14,0,1200,0,0,0,527,0,0,0,0,0,0,0,0)
Skill = (15,0,2147483647,0,0,0,2,0,40,83,0,0,1000,2147483647,2147483647)
Skill = (16,0,2147483647,0,0,0,0,0,0,0,0,0,1000,2147483647,2147483647)
Skill = (17,0,2147483647,0,0,0,0,0,3,3,0,0,50,2147483647,2147483647)
Skill = (18,0,2147483647,0,0,0,0,0,0,0,0,0,1000,2147483647,2147483647)
Skill = (19,0,2147483647,0,0,0,0,0,0,0,0,0,1000,2147483647,2147483647)
Skill = (20,0,2147483647,0,0,0,0,0,0,0,0,0,1000,2147483647,2147483647)
Skill = (21,0,2147483647,0,0,0,0,0,0,0,0,0,1000,2147483647,2147483647)
Skill = (22,100,100,0,0,0,0,0,120,120,0,0,0,0,0)
Skill = (23,0,2147483647,0,0,0,0,0,0,0,0,0,1000,2147483647,2147483647)
Skill = (24,0,2147483647,0,0,0,0,0,0,0,0,0,1000,2147483647,2147483647)

Spells      = {10,20,42,51}
QuestValues = {(17,1),(18,1),(20,1),(59,1),(100,1)}
Murders     = {}
