ID              = 9271874
Name            = "Gothreks"
Race            = 1
Profession      = 3
OriginalOutfit  = 129-0-114-0-0
CurrentOutfit   = 129-0-114-0-0
LastLogin       = 1131814997
LastLogout      = 1131815030
StartPosition   = [32360,31782,7]
CurrentPosition = [32395,31785,7]
PlayerkillerEnd = 0

Skill = (0,22,0,1,0,0,0,0,0,0,1,136959,0,156200,100)
Skill = (1,31,0,0,0,0,0,0,0,0,0,3685,1100,4022,20)
Skill = (2,255,255,0,0,0,0,0,0,0,5,0,0,0,0)
Skill = (3,0,455,0,0,0,0,0,0,0,30,0,0,0,0)
Skill = (4,91,91,0,0,0,0,0,0,0,1,0,0,0,0)
Skill = (5,610,610,0,0,0,0,0,0,0,10,0,0,0,0)
Skill = (6,22,0,10,0,0,0,0,0,0,0,37127,1500,38723,100)
Skill = (7,10,0,10,0,0,0,0,0,0,0,9,2000,30,30)
Skill = (8,19,0,10,0,0,0,0,0,0,0,26203,2000,51150,50)
Skill = (9,10,0,10,0,0,0,0,0,0,0,7,2000,50,50)
Skill = (10,10,0,10,0,0,0,0,0,0,0,9,2000,50,50)
Skill = (11,10,0,10,0,0,0,0,0,0,0,19,1500,50,50)
Skill = (12,0,2147483647,0,0,0,0,0,0,0,0,0,1000,2147483647,2147483647)
Skill = (13,45,0,10,0,0,0,0,0,0,0,5633,1100,5982,20)
Skill = (14,0,1200,0,0,0,0,0,0,0,0,0,0,0,0)
Skill = (15,0,2147483647,0,0,0,2,0,83,83,0,0,1000,2147483647,2147483647)
Skill = (16,0,2147483647,0,0,0,0,0,0,0,0,0,1000,2147483647,2147483647)
Skill = (17,0,2147483647,0,0,0,0,0,0,0,0,0,50,2147483647,2147483647)
Skill = (18,0,2147483647,0,0,0,0,0,0,0,0,0,1000,2147483647,2147483647)
Skill = (19,0,2147483647,0,0,0,0,0,0,0,0,0,1000,2147483647,2147483647)
Skill = (20,0,2147483647,0,0,0,0,0,0,0,0,0,1000,2147483647,2147483647)
Skill = (21,0,2147483647,0,0,0,0,0,0,0,0,0,1000,2147483647,2147483647)
Skill = (22,100,100,0,0,0,0,0,0,0,0,0,0,0,0)
Skill = (23,0,2147483647,0,0,0,0,0,0,0,0,0,1000,2147483647,2147483647)
Skill = (24,0,2147483647,0,0,0,0,0,0,0,0,0,1000,2147483647,2147483647)

Spells      = {1,2,3,8,9,10,15,16,20,21,22,27,29,44,45}
QuestValues = {(20,1),(21,1),(22,1),(23,1),(35,1),(59,1),(60,1),(61,1),(106,1),(107,1),(125,1),(126,1),(223,1)}
Murders     = {}
