ID              = 9873174
Name            = "Nightwater"
Race            = 1
Profession      = 3
OriginalOutfit  = 128-109-114-114-114
CurrentOutfit   = 128-109-114-114-114
LastLogin       = 1132008088
LastLogout      = 1132008350
StartPosition   = [32369,32241,7]
CurrentPosition = [32347,32225,7]
PlayerkillerEnd = 0

Skill = (0,8,0,1,0,0,0,0,0,0,1,4288,0,6400,100)
Skill = (1,0,0,0,0,0,0,0,0,0,0,0,1100,20,20)
Skill = (2,40,185,0,0,0,0,0,0,0,5,0,0,0,0)
Skill = (3,35,35,0,0,0,0,0,0,0,30,0,0,0,0)
Skill = (4,77,77,0,0,0,0,0,0,0,1,0,0,0,0)
Skill = (5,470,470,0,0,0,0,0,0,0,10,0,0,0,0)
Skill = (6,17,0,10,0,0,0,0,0,0,0,4866,1500,4925,100)
Skill = (7,16,0,10,0,0,0,0,0,0,0,1911,2000,3810,30)
Skill = (8,13,0,10,0,0,0,0,0,0,0,389,2000,750,50)
Skill = (9,15,0,10,0,0,0,0,0,0,0,1833,2000,3150,50)
Skill = (10,11,0,10,0,0,0,0,0,0,0,102,2000,150,50)
Skill = (11,17,0,10,0,0,0,0,0,0,0,1792,1500,2462,50)
Skill = (12,0,2147483647,0,0,0,0,0,0,0,0,0,1000,2147483647,2147483647)
Skill = (13,10,0,10,0,0,0,0,0,0,0,0,1100,20,20)
Skill = (14,0,1200,0,0,0,0,0,0,0,0,0,0,0,0)
Skill = (15,0,2147483647,0,0,0,0,0,0,0,0,0,1000,2147483647,2147483647)
Skill = (16,0,2147483647,0,0,0,0,0,0,0,0,0,1000,2147483647,2147483647)
Skill = (17,0,2147483647,0,0,0,0,0,0,0,0,0,50,2147483647,2147483647)
Skill = (18,0,2147483647,0,0,0,0,0,8,8,0,0,1000,2147483647,2147483647)
Skill = (19,0,2147483647,0,0,0,0,0,0,0,0,0,1000,2147483647,2147483647)
Skill = (20,0,2147483647,0,0,0,0,0,0,0,0,0,1000,2147483647,2147483647)
Skill = (21,0,2147483647,0,0,0,0,0,0,0,0,0,1000,2147483647,2147483647)
Skill = (22,100,100,0,0,0,0,0,120,120,0,0,0,0,0)
Skill = (23,0,2147483647,0,0,0,0,0,0,0,0,0,1000,2147483647,2147483647)
Skill = (24,0,2147483647,0,0,0,0,0,0,0,0,0,1000,2147483647,2147483647)

Spells      = {}
QuestValues = {(20,1),(21,1),(22,1),(23,1),(27,1),(33,1),(34,1),(35,1),(59,1),(223,1)}
Murders     = {}
