ID              = 11063568
Name            = "Mikoko paladino"
Race            = 1
Profession      = 2
OriginalOutfit  = 129-4-120-114-114
CurrentOutfit   = 129-4-120-114-114
LastLogin       = 1131572535
LastLogout      = 1131572730
StartPosition   = [32360,31782,7]
CurrentPosition = [32336,31778,7]
PlayerkillerEnd = 0

Skill = (0,15,0,1,0,0,0,0,0,0,1,41879,0,47000,100)
Skill = (1,8,0,0,0,0,0,0,0,0,0,761,1400,983,20)
Skill = (2,89,255,0,0,0,0,0,0,0,10,0,0,0,0)
Skill = (3,24,140,0,0,0,0,0,0,0,15,0,0,0,0)
Skill = (4,84,84,0,0,0,0,0,0,0,1,0,0,0,0)
Skill = (5,610,610,0,0,0,0,0,0,0,20,0,0,0,0)
Skill = (6,29,0,10,0,0,0,0,0,0,0,5118,1100,5727,100)
Skill = (7,44,0,10,0,0,0,0,0,0,0,8089,1100,8130,30)
Skill = (8,17,0,10,0,0,0,0,0,0,0,691,1200,824,50)
Skill = (9,11,0,10,0,0,0,0,0,0,0,93,1200,109,50)
Skill = (10,14,0,10,0,0,0,0,0,0,0,343,1200,372,50)
Skill = (11,18,0,10,0,0,0,0,0,0,0,885,1200,1039,50)
Skill = (12,0,2147483647,0,0,0,0,0,0,0,0,0,1000,2147483647,2147483647)
Skill = (13,10,0,10,0,0,0,0,0,0,0,0,1100,20,20)
Skill = (14,0,1200,0,0,0,0,0,0,0,0,0,0,0,0)
Skill = (15,0,2147483647,0,0,0,0,0,0,0,0,0,1000,2147483647,2147483647)
Skill = (16,0,2147483647,0,0,0,0,0,0,0,0,0,1000,2147483647,2147483647)
Skill = (17,0,2147483647,0,0,0,0,0,0,0,0,0,50,2147483647,2147483647)
Skill = (18,0,2147483647,0,0,0,0,0,0,0,0,0,1000,2147483647,2147483647)
Skill = (19,0,2147483647,0,0,0,0,0,0,0,0,0,1000,2147483647,2147483647)
Skill = (20,0,2147483647,0,0,0,0,0,0,0,0,0,1000,2147483647,2147483647)
Skill = (21,0,2147483647,0,0,0,0,0,200,200,0,0,1000,2147483647,2147483647)
Skill = (22,100,100,0,0,0,0,0,120,120,0,0,0,0,0)
Skill = (23,0,2147483647,0,0,0,0,0,0,0,0,0,1000,2147483647,2147483647)
Skill = (24,0,2147483647,0,0,0,0,0,0,0,0,0,1000,2147483647,2147483647)

Spells      = {2,3,8,10,15,29,42,44,51}
QuestValues = {(18,1),(20,1),(21,1),(22,1),(23,1),(28,1),(29,1),(30,1),(32,1),(33,1),(34,1),(35,1),(46,1),(59,1),(60,1),(61,1),(106,1),(107,1),(125,1),(126,1),(223,1)}
Murders     = {1129571926,1129656073}
