ID              = 11140268
Name            = "Celdarck of Zanera"
Race            = 1
Profession      = 3
OriginalOutfit  = 130-77-92-0-115
CurrentOutfit   = 130-77-92-0-115
LastLogin       = 1132075518
LastLogout      = 1132077527
StartPosition   = [32957,32076,7]
CurrentPosition = [32918,32072,6]
PlayerkillerEnd = 0

Skill = (0,15,0,1,0,0,0,0,0,0,1,37809,0,47000,100)
Skill = (1,15,0,0,0,0,0,0,0,0,0,696,1100,718,20)
Skill = (2,220,220,0,0,0,0,0,0,0,5,0,0,0,0)
Skill = (3,65,245,0,0,0,0,0,0,0,30,0,0,0,0)
Skill = (4,84,84,0,0,0,0,0,0,0,1,0,0,0,0)
Skill = (5,540,540,0,0,0,0,0,0,0,10,0,0,0,0)
Skill = (6,20,0,10,0,0,0,0,0,0,0,14954,1500,17099,100)
Skill = (7,10,0,10,0,0,0,0,0,0,0,0,2000,30,30)
Skill = (8,17,0,10,0,0,0,0,0,0,0,12137,2000,12750,50)
Skill = (9,10,0,10,0,0,0,0,0,0,0,8,2000,50,50)
Skill = (10,10,0,10,0,0,0,0,0,0,0,0,2000,50,50)
Skill = (11,10,0,10,0,0,0,0,0,0,0,14,1500,50,50)
Skill = (12,0,2147483647,0,0,0,0,0,0,0,0,0,1000,2147483647,2147483647)
Skill = (13,27,0,10,0,0,0,0,0,0,0,854,1100,911,20)
Skill = (14,0,1200,0,0,0,0,0,0,0,0,0,0,0,0)
Skill = (15,0,2147483647,0,0,0,0,0,0,0,0,0,1000,2147483647,2147483647)
Skill = (16,0,2147483647,0,0,0,0,0,200,200,0,0,1000,2147483647,2147483647)
Skill = (17,0,2147483647,0,0,0,0,0,3,3,0,0,50,2147483647,2147483647)
Skill = (18,0,2147483647,0,0,0,0,0,8,8,0,0,1000,2147483647,2147483647)
Skill = (19,0,2147483647,0,0,0,0,0,0,0,0,0,1000,2147483647,2147483647)
Skill = (20,0,2147483647,0,0,0,0,0,0,0,0,0,1000,2147483647,2147483647)
Skill = (21,0,2147483647,0,0,0,0,0,0,0,0,0,1000,2147483647,2147483647)
Skill = (22,43,100,0,0,0,0,0,120,120,0,0,0,0,0)
Skill = (23,0,2147483647,0,0,0,0,0,0,0,0,0,1000,2147483647,2147483647)
Skill = (24,0,2147483647,0,0,0,0,0,0,0,0,0,1000,2147483647,2147483647)

Spells      = {2,3,8,10,16,20,29,38,44}
QuestValues = {(20,1),(21,1),(22,1),(23,1),(24,1),(32,1),(33,1),(34,1),(35,1),(59,1),(223,1)}
Murders     = {}
