ID              = 8058868
Name            = "Sorcerer of the Royalty"
Race            = 1
Profession      = 3
OriginalOutfit  = 133-38-38-76-76
CurrentOutfit   = 133-38-38-76-76
LastLogin       = 1123682286
LastLogout      = 1123683821
StartPosition   = [33213,32454,1]
CurrentPosition = [32674,32759,6]
PlayerkillerEnd = 0

Skill = (0,10,0,1,0,0,0,0,0,0,1,9889,0,13000,100)
Skill = (1,4,0,0,0,0,0,0,0,0,0,107,1100,122,20)
Skill = (2,55,195,0,0,0,0,0,0,0,5,0,0,0,0)
Skill = (3,11,95,0,0,0,0,0,0,0,30,0,0,0,0)
Skill = (4,79,79,0,0,0,0,0,0,0,1,0,0,0,0)
Skill = (5,490,490,0,0,0,0,0,0,0,10,0,0,0,0)
Skill = (6,17,0,10,0,0,0,0,0,0,0,4064,1500,4925,100)
Skill = (7,10,0,10,0,0,0,0,0,0,0,16,2000,30,30)
Skill = (8,10,0,10,0,0,0,0,0,0,0,0,2000,50,50)
Skill = (9,10,0,10,0,0,0,0,0,0,0,29,2000,50,50)
Skill = (10,16,0,10,0,0,0,0,0,0,0,3680,2000,6350,50)
Skill = (11,10,0,10,0,0,0,0,0,0,0,5,1500,50,50)
Skill = (12,0,2147483647,0,0,0,0,0,0,0,0,0,1000,2147483647,2147483647)
Skill = (13,27,0,10,0,0,0,0,0,0,0,893,1100,911,20)
Skill = (14,0,1200,0,0,0,1031,0,0,0,0,0,0,0,0)
Skill = (15,0,2147483647,0,0,0,0,0,83,83,0,0,1000,2147483647,2147483647)
Skill = (16,0,2147483647,0,0,0,0,0,0,0,0,0,1000,2147483647,2147483647)
Skill = (17,0,2147483647,0,0,0,0,0,3,3,0,0,50,2147483647,2147483647)
Skill = (18,0,2147483647,0,0,0,0,0,8,8,0,0,1000,2147483647,2147483647)
Skill = (19,0,2147483647,0,0,0,0,0,0,0,0,0,1000,2147483647,2147483647)
Skill = (20,0,2147483647,0,0,0,0,0,0,0,0,0,1000,2147483647,2147483647)
Skill = (21,0,2147483647,0,0,0,0,0,0,0,0,0,1000,2147483647,2147483647)
Skill = (22,100,100,0,0,0,1,0,58,120,0,0,0,0,0)
Skill = (23,0,2147483647,0,0,0,0,0,0,0,0,0,1000,2147483647,2147483647)
Skill = (24,0,2147483647,0,0,0,0,0,0,0,0,0,1000,2147483647,2147483647)

Spells      = {1,10}
QuestValues = {(19,1),(20,1),(21,1),(22,1),(23,1),(25,1),(26,1),(27,1),(31,1),(32,1),(33,1),(34,1),(85,1),(86,1),(87,1),(223,1)}
Murders     = {}
