ID              = 8058268
Name            = "Pepito the Archer"
Race            = 1
Profession      = 12
OriginalOutfit  = 134-116-114-95-94
CurrentOutfit   = 134-116-114-95-94
LastLogin       = 1131750523
LastLogout      = 1131750538
StartPosition   = [32369,32241,7]
CurrentPosition = [32364,32108,8]
PlayerkillerEnd = 0

Skill = (0,26,0,1,0,0,0,0,0,0,1,235318,0,262600,100)
Skill = (1,13,0,0,0,0,0,0,0,0,0,4184,1400,5506,20)
Skill = (2,205,365,0,0,0,0,0,0,0,10,0,0,0,0)
Skill = (3,238,305,0,0,0,0,0,0,0,15,0,0,0,0)
Skill = (4,95,95,0,0,0,0,0,10,10,1,0,0,0,0)
Skill = (5,830,830,0,0,0,0,0,0,0,20,0,0,0,0)
Skill = (6,59,0,10,0,0,0,0,0,0,0,110671,1100,116390,100)
Skill = (7,66,0,10,0,0,0,0,0,0,0,67551,1100,68328,30)
Skill = (8,10,0,10,0,0,0,0,0,0,0,0,1200,50,50)
Skill = (9,10,0,10,0,0,0,0,0,0,0,34,1200,50,50)
Skill = (10,33,0,10,0,0,0,0,0,0,0,17763,1200,19624,50)
Skill = (11,18,0,10,0,0,0,0,0,0,0,999,1200,1039,50)
Skill = (12,0,2147483647,0,0,0,0,0,0,0,0,0,1000,2147483647,2147483647)
Skill = (13,54,0,10,0,0,0,0,0,0,0,13086,1100,14378,20)
Skill = (14,0,1200,0,0,0,952,0,0,0,0,0,0,0,0)
Skill = (15,0,2147483647,0,0,0,6,0,75,83,0,0,1000,2147483647,2147483647)
Skill = (16,0,2147483647,0,0,0,0,0,0,0,0,0,1000,2147483647,2147483647)
Skill = (17,0,2147483647,0,0,0,0,0,3,3,0,0,50,2147483647,2147483647)
Skill = (18,0,2147483647,0,0,0,0,0,8,8,0,0,1000,2147483647,2147483647)
Skill = (19,0,2147483647,0,0,0,0,0,10,10,0,0,1000,2147483647,2147483647)
Skill = (20,0,2147483647,0,0,0,0,0,0,0,0,0,1000,2147483647,2147483647)
Skill = (21,0,2147483647,0,0,0,0,0,200,200,0,0,1000,2147483647,2147483647)
Skill = (22,100,100,0,0,0,0,0,120,120,0,0,0,0,0)
Skill = (23,0,2147483647,0,0,0,0,0,0,0,0,0,1000,2147483647,2147483647)
Skill = (24,0,2147483647,0,0,0,0,0,0,0,0,0,1000,2147483647,2147483647)

Spells      = {1,2,3,6,7,8,10,15,20,29,30,42,44,48,49,51,76,79}
QuestValues = {(20,1),(21,1),(22,1),(23,1),(27,1),(31,1),(37,1),(55,1),(60,1),(86,1),(87,1),(88,1),(89,1),(90,1),(91,1),(92,1),(96,1),(97,1),(98,1),(100,1),(106,1),(107,1),(115,1),(125,1),(126,1),(140,1),(141,1),(190,1),(191,1)}
Murders     = {1129338735,1130867938}
