ID              = 8629168
Name            = "Anorthox"
Race            = 1
Profession      = 1
OriginalOutfit  = 128-81-114-114-81
CurrentOutfit   = 128-81-114-114-81
LastLogin       = 1128989491
LastLogout      = 1128991750
StartPosition   = [32957,32076,7]
CurrentPosition = [33014,32050,6]
PlayerkillerEnd = 0

Skill = (0,24,0,1,0,0,0,0,0,0,1,193239,0,204800,100)
Skill = (1,4,0,0,0,0,0,0,0,0,0,1063,3000,2420,20)
Skill = (2,422,425,0,0,0,0,0,0,0,15,0,0,0,0)
Skill = (3,65,115,0,0,0,0,0,0,0,5,0,0,0,0)
Skill = (4,93,93,0,0,0,0,0,0,0,1,0,0,0,0)
Skill = (5,870,870,0,0,0,0,0,0,0,25,0,0,0,0)
Skill = (6,60,0,10,0,0,0,0,0,0,0,123042,1100,128129,100)
Skill = (7,10,0,10,0,0,0,0,0,0,0,9,1400,30,30)
Skill = (8,62,0,10,0,0,0,0,0,0,0,71917,1100,77623,50)
Skill = (9,10,0,10,0,0,0,0,0,0,0,0,1100,50,50)
Skill = (10,10,0,10,0,0,0,0,0,0,0,0,1100,50,50)
Skill = (11,10,0,10,0,0,0,0,0,0,0,41,1100,50,50)
Skill = (12,0,2147483647,0,0,0,0,0,0,0,0,0,1000,2147483647,2147483647)
Skill = (13,29,0,10,0,0,0,0,0,0,0,1110,1100,1145,20)
Skill = (14,0,1200,0,0,0,45,0,0,0,0,0,0,0,0)
Skill = (15,0,2147483647,0,0,0,0,0,0,0,0,0,1000,2147483647,2147483647)
Skill = (16,0,2147483647,0,0,0,0,0,0,0,0,0,1000,2147483647,2147483647)
Skill = (17,0,2147483647,0,0,0,0,0,0,0,0,0,50,2147483647,2147483647)
Skill = (18,0,2147483647,0,0,0,0,0,8,8,0,0,1000,2147483647,2147483647)
Skill = (19,0,2147483647,0,0,0,0,0,0,0,0,0,1000,2147483647,2147483647)
Skill = (20,0,2147483647,0,0,0,0,0,0,0,0,0,1000,2147483647,2147483647)
Skill = (21,0,2147483647,0,0,0,0,0,0,0,0,0,1000,2147483647,2147483647)
Skill = (22,100,100,0,0,0,0,0,120,120,0,0,0,0,0)
Skill = (23,0,2147483647,0,0,0,0,0,0,0,0,0,1000,2147483647,2147483647)
Skill = (24,0,2147483647,0,0,0,0,0,0,0,0,0,1000,2147483647,2147483647)

Spells      = {1,10,20,29}
QuestValues = {(14,1),(15,1),(17,1),(18,1),(19,1),(21,1),(22,1),(23,1),(37,1),(49,1),(76,1),(77,1),(78,1),(96,1),(97,1),(98,1),(99,1),(100,1),(106,1),(107,1),(125,1),(126,1),(153,1),(190,1),(191,1),(208,1),(226,1)}
Murders     = {}
