ID              = 8963068
Name            = "Konneman"
Race            = 1
Profession      = 2
OriginalOutfit  = 129-107-79-107-79
CurrentOutfit   = 129-107-79-107-79
LastLogin       = 1131102920
LastLogout      = 1131104418
StartPosition   = [32360,31782,7]
CurrentPosition = [32930,32072,7]
PlayerkillerEnd = 0

Skill = (0,12,0,1,0,0,0,0,0,0,1,20608,0,23200,100)
Skill = (1,6,0,0,0,0,0,0,0,0,0,416,1400,477,20)
Skill = (2,225,225,0,0,0,0,0,0,0,10,0,0,0,0)
Skill = (3,8,95,0,0,0,0,0,0,0,15,0,0,0,0)
Skill = (4,81,81,0,0,0,0,0,0,0,1,0,0,0,0)
Skill = (5,550,550,0,0,0,0,0,0,0,20,0,0,0,0)
Skill = (6,25,0,10,0,0,0,0,0,0,0,3454,1100,3594,100)
Skill = (7,36,0,10,0,0,0,0,0,0,0,3326,1100,3632,30)
Skill = (8,22,0,10,0,0,0,0,0,0,0,2100,1200,2424,50)
Skill = (9,17,0,10,0,0,0,0,0,0,0,684,1200,824,50)
Skill = (10,13,0,10,0,0,0,0,0,0,0,230,1200,268,50)
Skill = (11,12,0,10,0,0,0,0,0,0,0,162,1200,181,50)
Skill = (12,0,2147483647,0,0,0,0,0,0,0,0,0,1000,2147483647,2147483647)
Skill = (13,20,0,10,0,0,0,0,0,0,0,335,1100,370,20)
Skill = (14,0,1200,0,0,0,1030,0,0,0,0,0,0,0,0)
Skill = (15,0,2147483647,0,0,0,0,0,0,0,0,0,1000,2147483647,2147483647)
Skill = (16,0,2147483647,0,0,0,0,0,0,0,0,0,1000,2147483647,2147483647)
Skill = (17,0,2147483647,0,0,0,0,0,3,3,0,0,50,2147483647,2147483647)
Skill = (18,0,2147483647,0,0,0,0,0,0,0,0,0,1000,2147483647,2147483647)
Skill = (19,0,2147483647,0,0,0,0,0,0,0,0,0,1000,2147483647,2147483647)
Skill = (20,0,2147483647,0,0,0,0,0,0,0,0,0,1000,2147483647,2147483647)
Skill = (21,0,2147483647,0,0,0,0,0,0,0,0,0,1000,2147483647,2147483647)
Skill = (22,100,100,0,0,0,0,0,120,120,0,0,0,0,0)
Skill = (23,0,2147483647,0,0,0,0,0,0,0,0,0,1000,2147483647,2147483647)
Skill = (24,0,2147483647,0,0,0,0,0,0,0,0,0,1000,2147483647,2147483647)

Spells      = {2,8,15,42,48,51}
QuestValues = {(35,1),(59,1),(121,1),(125,1),(126,1),(128,1),(223,1)}
Murders     = {}
