ID              = 10002051
Name            = "Elemental Marca"
Race            = 1
Profession      = 4
OriginalOutfit  = 130-114-12-114-95
CurrentOutfit   = 130-114-12-114-95
LastLogin       = 1131561647
LastLogout      = 1131563404
StartPosition   = [32360,31782,7]
CurrentPosition = [32352,31812,7]
PlayerkillerEnd = 0

Skill = (0,11,0,1,0,0,0,0,0,0,1,16598,0,17600,100)
Skill = (1,17,0,0,0,0,0,0,0,0,0,811,1100,911,20)
Skill = (2,145,200,0,0,0,0,0,0,0,5,0,0,0,0)
Skill = (3,2,125,0,0,0,0,0,0,0,30,0,0,0,0)
Skill = (4,80,80,0,0,0,0,0,0,0,1,0,0,0,0)
Skill = (5,500,500,0,0,0,0,0,0,0,10,0,0,0,0)
Skill = (6,19,0,10,0,0,0,0,0,0,0,10336,1500,11333,100)
Skill = (7,10,0,10,0,0,0,0,0,0,0,0,1800,30,30)
Skill = (8,14,0,10,0,0,0,0,0,0,0,846,1800,1118,50)
Skill = (9,18,0,10,0,0,0,0,0,0,0,8877,1800,12334,50)
Skill = (10,18,0,10,0,0,0,0,0,0,0,8215,1800,12334,50)
Skill = (11,10,0,10,0,0,0,0,0,0,0,45,1500,50,50)
Skill = (12,0,2147483647,0,0,0,0,0,0,0,0,0,1000,2147483647,2147483647)
Skill = (13,38,0,10,0,0,0,0,0,0,0,2739,1100,2972,20)
Skill = (14,0,1200,0,0,0,1025,0,0,0,0,0,0,0,0)
Skill = (15,0,2147483647,0,0,0,0,0,0,0,0,0,1000,2147483647,2147483647)
Skill = (16,0,2147483647,0,0,0,0,0,0,0,0,0,1000,2147483647,2147483647)
Skill = (17,0,2147483647,0,0,0,0,0,3,3,0,0,50,2147483647,2147483647)
Skill = (18,0,2147483647,0,0,0,0,0,0,0,0,0,1000,2147483647,2147483647)
Skill = (19,0,2147483647,0,0,0,0,0,0,0,0,0,1000,2147483647,2147483647)
Skill = (20,0,2147483647,0,0,0,0,0,0,0,0,0,1000,2147483647,2147483647)
Skill = (21,0,2147483647,0,0,0,0,0,0,0,0,0,1000,2147483647,2147483647)
Skill = (22,14,100,0,0,0,0,0,120,120,0,0,0,0,0)
Skill = (23,0,2147483647,0,0,0,0,0,0,0,0,0,1000,2147483647,2147483647)
Skill = (24,0,2147483647,0,0,0,0,0,0,0,0,0,1000,2147483647,2147483647)

Spells      = {1,2,3,5,8,16,42}
QuestValues = {(20,1),(21,1),(22,1),(23,1),(28,1),(29,1),(30,1),(32,1),(33,1),(34,1),(35,1),(59,1),(60,1),(61,1),(223,1)}
Murders     = {1131244516,1131253316}
