ID              = 11444151
Name            = "Arkanio the Master Magician"
Race            = 1
Profession      = 13
OriginalOutfit  = 133-38-85-108-108
CurrentOutfit   = 133-38-85-108-108
LastLogin       = 1132091348
LastLogout      = 1132093476
StartPosition   = [33213,32454,1]
CurrentPosition = [33258,32440,7]
PlayerkillerEnd = 0

Skill = (0,25,0,1,0,0,0,0,0,0,1,210718,0,232500,100)
Skill = (1,29,0,0,0,0,0,0,0,0,0,3109,1100,3289,20)
Skill = (2,270,270,0,0,0,0,0,0,0,5,0,0,0,0)
Skill = (3,216,545,0,0,0,0,0,0,0,30,0,0,0,0)
Skill = (4,94,94,0,0,0,0,0,10,10,1,0,0,0,0)
Skill = (5,640,640,0,0,0,0,0,0,0,10,0,0,0,0)
Skill = (6,22,0,10,0,0,0,0,0,0,0,33202,1500,38723,100)
Skill = (7,10,0,10,0,0,0,0,0,0,0,4,2000,30,30)
Skill = (8,10,0,10,0,0,0,0,0,0,0,0,2000,50,50)
Skill = (9,10,0,10,0,0,0,0,0,0,0,7,2000,50,50)
Skill = (10,18,0,10,0,0,0,0,0,0,0,24710,2000,25550,50)
Skill = (11,11,0,10,0,0,0,0,0,0,0,71,1500,125,50)
Skill = (12,0,2147483647,0,0,0,0,0,0,0,0,0,1000,2147483647,2147483647)
Skill = (13,44,0,10,0,0,0,0,0,0,0,4996,1100,5420,20)
Skill = (14,0,1200,0,0,0,487,0,0,0,0,0,0,0,0)
Skill = (15,0,2147483647,0,0,0,0,0,0,0,0,0,1000,2147483647,2147483647)
Skill = (16,0,2147483647,0,0,0,0,0,0,0,0,0,1000,2147483647,2147483647)
Skill = (17,0,2147483647,0,0,0,0,0,0,0,0,0,50,2147483647,2147483647)
Skill = (18,0,2147483647,0,0,0,0,0,0,0,0,0,1000,2147483647,2147483647)
Skill = (19,0,2147483647,0,0,0,0,0,0,0,0,0,1000,2147483647,2147483647)
Skill = (20,0,2147483647,0,0,0,0,0,0,0,0,0,1000,2147483647,2147483647)
Skill = (21,0,2147483647,0,0,0,0,0,0,0,0,0,1000,2147483647,2147483647)
Skill = (22,200,200,0,0,0,0,0,15,15,0,0,0,0,0)
Skill = (23,0,2147483647,0,0,0,0,0,0,0,0,0,1000,2147483647,2147483647)
Skill = (24,0,2147483647,0,0,0,0,0,0,0,0,0,1000,2147483647,2147483647)

Spells      = {1,3,8,9,10,13,16,20,21,29,30,39,44,45,81,88}
QuestValues = {(20,1),(190,1),(191,1)}
Murders     = {}
