ID              = 8081751
Name            = "Lionhart"
Race            = 1
Profession      = 1
OriginalOutfit  = 129-0-77-77-77
CurrentOutfit   = 129-0-77-77-77
LastLogin       = 1121355308
LastLogout      = 1121357463
StartPosition   = [32369,32241,7]
CurrentPosition = [32369,32241,7]
PlayerkillerEnd = 0

Skill = (0,13,0,1,0,0,0,0,0,0,1,25064,0,29900,100)
Skill = (1,0,0,0,0,0,0,0,0,0,0,0,3000,20,20)
Skill = (2,260,260,0,0,0,0,0,0,0,15,0,0,0,0)
Skill = (3,60,60,0,0,0,0,0,0,0,5,0,0,0,0)
Skill = (4,82,82,0,0,0,0,0,0,0,1,0,0,0,0)
Skill = (5,595,595,0,0,0,0,0,0,0,25,0,0,0,0)
Skill = (6,29,0,10,0,0,0,0,0,0,0,5537,1100,5727,100)
Skill = (7,11,0,10,0,0,0,0,0,0,0,42,1400,71,30)
Skill = (8,14,0,10,0,0,0,0,0,0,0,279,1100,305,50)
Skill = (9,33,0,10,0,0,0,0,0,0,0,4288,1100,4424,50)
Skill = (10,10,0,10,0,0,0,0,0,0,0,6,1100,50,50)
Skill = (11,10,0,10,0,0,0,0,0,0,0,16,1100,50,50)
Skill = (12,0,2147483647,0,0,0,0,0,0,0,0,0,1000,2147483647,2147483647)
Skill = (13,12,0,10,0,0,0,0,0,0,0,60,1100,66,20)
Skill = (14,0,1200,0,0,0,0,0,0,0,0,0,0,0,0)
Skill = (15,0,2147483647,0,0,0,0,0,0,0,0,0,1000,2147483647,2147483647)
Skill = (16,0,2147483647,0,0,0,0,0,0,0,0,0,1000,2147483647,2147483647)
Skill = (17,0,2147483647,0,0,0,0,0,0,0,0,0,50,2147483647,2147483647)
Skill = (18,0,2147483647,0,0,0,0,0,0,0,0,0,1000,2147483647,2147483647)
Skill = (19,0,2147483647,0,0,0,0,0,0,0,0,0,1000,2147483647,2147483647)
Skill = (20,0,2147483647,0,0,0,0,0,0,0,0,0,1000,2147483647,2147483647)
Skill = (21,0,2147483647,0,0,0,0,0,0,0,0,0,1000,2147483647,2147483647)
Skill = (22,200,200,0,0,0,0,0,0,0,0,0,0,0,0)
Skill = (23,0,2147483647,0,0,0,0,0,0,0,0,0,1000,2147483647,2147483647)
Skill = (24,0,2147483647,0,0,0,0,0,0,0,0,0,1000,2147483647,2147483647)

Spells      = {10}
QuestValues = {(18,1),(20,1),(21,1),(22,1),(23,1),(32,1),(33,1),(34,1),(58,1),(59,1),(223,1)}
Murders     = {}
