ID              = 8104851
Name            = "Shev'chenko"
Race            = 1
Profession      = 4
OriginalOutfit  = 130-3-114-114-114
CurrentOutfit   = 130-3-114-114-114
LastLogin       = 1124921629
LastLogout      = 1124921631
StartPosition   = [32369,32241,7]
CurrentPosition = [32369,32241,7]
PlayerkillerEnd = 1127356109

Skill = (0,12,0,1,0,0,0,0,0,0,1,18957,0,23200,100)
Skill = (1,16,0,0,0,0,0,0,0,0,0,807,1100,810,20)
Skill = (2,205,205,0,0,0,0,0,0,0,5,0,0,0,0)
Skill = (3,155,155,0,0,0,0,0,0,0,30,0,0,0,0)
Skill = (4,81,81,0,0,0,0,0,0,0,1,0,0,0,0)
Skill = (5,510,510,0,0,0,0,0,0,0,10,0,0,0,0)
Skill = (6,19,0,10,0,0,0,0,0,0,0,7699,1500,11333,100)
Skill = (7,10,0,10,0,0,0,0,0,0,0,0,1800,30,30)
Skill = (8,17,0,10,0,0,0,0,0,0,0,4419,1800,6824,50)
Skill = (9,15,0,10,0,0,0,0,0,0,0,1799,1800,2063,50)
Skill = (10,10,0,10,0,0,0,0,0,0,0,0,1800,50,50)
Skill = (11,11,0,10,0,0,0,0,0,0,0,52,1500,125,50)
Skill = (12,0,2147483647,0,0,0,0,0,0,0,0,0,1000,2147483647,2147483647)
Skill = (13,35,0,10,0,0,0,0,0,0,0,2176,1100,2183,20)
Skill = (14,0,1200,0,0,0,0,0,0,0,0,0,0,0,0)
Skill = (15,0,2147483647,0,0,0,0,0,0,0,0,0,1000,2147483647,2147483647)
Skill = (16,0,2147483647,0,0,0,0,0,0,0,0,0,1000,2147483647,2147483647)
Skill = (17,0,2147483647,0,0,0,0,0,0,0,0,0,50,2147483647,2147483647)
Skill = (18,0,2147483647,0,0,0,0,0,0,0,0,0,1000,2147483647,2147483647)
Skill = (19,0,2147483647,0,0,0,0,0,0,0,0,0,1000,2147483647,2147483647)
Skill = (20,0,2147483647,0,0,0,0,0,0,0,0,0,1000,2147483647,2147483647)
Skill = (21,0,2147483647,0,0,0,0,0,0,0,0,0,1000,2147483647,2147483647)
Skill = (22,93,100,0,0,0,0,0,0,0,0,0,0,0,0)
Skill = (23,0,2147483647,0,0,0,0,0,0,0,0,0,1000,2147483647,2147483647)
Skill = (24,0,2147483647,0,0,0,0,0,0,0,0,0,1000,2147483647,2147483647)

Spells      = {1,5,8,29,42}
QuestValues = {(17,1),(19,1),(20,1),(21,1),(22,1),(23,1),(27,1),(32,1),(33,1),(34,1),(59,1),(100,1),(106,1),(107,1),(128,1),(224,1)}
Murders     = {1124758534,1124759070,1124764109}
