ID              = 8129551
Name            = "Element Shax"
Race            = 1
Profession      = 2
OriginalOutfit  = 129-58-114-124-114
CurrentOutfit   = 129-58-114-124-114
LastLogin       = 1132102225
LastLogout      = 1132102332
StartPosition   = [32957,32076,7]
CurrentPosition = [32624,31654,6]
PlayerkillerEnd = 0

Skill = (0,33,0,1,0,0,0,0,0,0,1,509455,0,548900,100)
Skill = (1,11,0,0,0,0,0,0,0,0,0,2132,1400,2784,20)
Skill = (2,435,435,0,0,0,0,0,0,0,10,0,0,0,0)
Skill = (3,15,410,0,0,0,0,0,0,0,15,0,0,0,0)
Skill = (4,102,102,0,0,0,0,0,0,0,1,0,0,0,0)
Skill = (5,970,970,0,0,0,0,0,0,0,20,0,0,0,0)
Skill = (6,49,0,10,0,0,0,0,0,0,0,40719,1100,44259,100)
Skill = (7,66,0,10,0,0,0,0,0,0,0,64964,1100,68328,30)
Skill = (8,21,0,10,0,0,0,0,0,0,0,1960,1200,1979,50)
Skill = (9,10,0,10,0,0,0,0,0,0,0,9,1200,50,50)
Skill = (10,10,0,10,0,0,0,0,0,0,0,0,1200,50,50)
Skill = (11,19,0,10,0,0,0,0,0,0,0,1086,1200,1297,50)
Skill = (12,0,2147483647,0,0,0,0,0,0,0,0,0,1000,2147483647,2147483647)
Skill = (13,40,0,10,0,0,0,0,0,0,0,3464,1100,3638,20)
Skill = (14,0,1200,0,0,0,634,0,0,0,0,0,0,0,0)
Skill = (15,0,2147483647,0,0,0,0,0,83,83,0,0,1000,2147483647,2147483647)
Skill = (16,0,2147483647,0,0,0,0,0,6000,6000,0,0,1000,2147483647,2147483647)
Skill = (17,0,2147483647,0,0,0,0,0,3,3,0,0,50,2147483647,2147483647)
Skill = (18,0,2147483647,0,0,0,0,0,8,8,0,0,1000,2147483647,2147483647)
Skill = (19,0,2147483647,0,0,0,0,0,0,0,0,0,1000,2147483647,2147483647)
Skill = (20,0,2147483647,0,0,0,0,0,0,0,0,0,1000,2147483647,2147483647)
Skill = (21,0,2147483647,0,0,0,0,0,0,0,0,0,1000,2147483647,2147483647)
Skill = (22,100,100,0,0,0,0,0,120,120,0,0,0,0,0)
Skill = (23,0,2147483647,0,0,0,0,0,0,0,0,0,1000,2147483647,2147483647)
Skill = (24,0,2147483647,0,0,0,0,0,0,0,0,0,1000,2147483647,2147483647)

Spells      = {1,3,6,10,29,42,44,51,76,81}
QuestValues = {(20,1),(21,1),(22,1),(23,1),(32,1),(33,1),(34,1),(35,1),(86,1),(87,1),(96,1),(97,1),(98,1),(111,1),(112,1),(190,1),(191,1),(208,1)}
Murders     = {1131515412,1131517991}
