ID              = 8168251
Name            = "Sir Wiri Wiri"
Race            = 1
Profession      = 2
OriginalOutfit  = 134-20-95-114-116
CurrentOutfit   = 134-20-95-114-116
LastLogin       = 1123831684
LastLogout      = 1123831741
StartPosition   = [32369,32241,7]
CurrentPosition = [32352,32226,6]
PlayerkillerEnd = 0

Skill = (0,9,0,1,0,0,0,0,0,0,1,6651,0,9300,100)
Skill = (1,3,0,0,0,0,0,0,0,0,0,117,1400,142,20)
Skill = (2,195,195,0,0,0,0,0,0,0,10,0,0,0,0)
Skill = (3,50,50,0,0,0,0,0,0,0,15,0,0,0,0)
Skill = (4,78,78,0,0,0,0,0,0,0,1,0,0,0,0)
Skill = (5,490,490,0,0,0,0,0,0,0,20,0,0,0,0)
Skill = (6,20,0,10,0,0,0,0,0,0,0,1834,1100,1853,100)
Skill = (7,31,0,10,0,0,0,0,0,0,0,2057,1100,2142,30)
Skill = (8,10,0,10,0,0,0,0,0,0,0,0,1200,50,50)
Skill = (9,10,0,10,0,0,0,0,0,0,0,2,1200,50,50)
Skill = (10,10,0,10,0,0,0,0,0,0,0,0,1200,50,50)
Skill = (11,13,0,10,0,0,0,0,0,0,0,236,1200,268,50)
Skill = (12,0,2147483647,0,0,0,0,0,0,0,0,0,1000,2147483647,2147483647)
Skill = (13,10,0,10,0,0,0,0,0,0,0,18,1100,20,20)
Skill = (14,0,1200,0,0,0,0,0,0,0,0,0,0,0,0)
Skill = (15,0,2147483647,0,0,0,0,0,0,0,0,0,1000,2147483647,2147483647)
Skill = (16,0,2147483647,0,0,0,0,0,0,0,0,0,1000,2147483647,2147483647)
Skill = (17,0,2147483647,0,0,0,0,0,0,0,0,0,50,2147483647,2147483647)
Skill = (18,0,2147483647,0,0,0,0,0,0,0,0,0,1000,2147483647,2147483647)
Skill = (19,0,2147483647,0,0,0,0,0,0,0,0,0,1000,2147483647,2147483647)
Skill = (20,0,2147483647,0,0,0,0,0,0,0,0,0,1000,2147483647,2147483647)
Skill = (21,0,2147483647,0,0,0,0,0,0,0,0,0,1000,2147483647,2147483647)
Skill = (22,100,100,0,0,0,0,0,0,0,0,0,0,0,0)
Skill = (23,0,2147483647,0,0,0,0,0,0,0,0,0,1000,2147483647,2147483647)
Skill = (24,0,2147483647,0,0,0,0,0,0,0,0,0,1000,2147483647,2147483647)

Spells      = {1,8,10,42,51}
QuestValues = {(20,1),(21,1),(22,1),(23,1),(27,1),(32,1),(61,1),(93,1),(94,1),(95,1),(109,1),(140,1),(141,1),(257,1)}
Murders     = {}
