ID              = 8250951
Name            = "Darck Tirano"
Race            = 1
Profession      = 4
OriginalOutfit  = 128-114-132-132-114
CurrentOutfit   = 128-114-132-132-114
LastLogin       = 1131765035
LastLogout      = 1131765067
StartPosition   = [32360,31782,7]
CurrentPosition = [32341,31782,7]
PlayerkillerEnd = 0

Skill = (0,14,0,1,0,0,0,0,0,0,1,33688,0,37800,100)
Skill = (1,16,0,0,0,0,0,0,0,0,0,744,1100,810,20)
Skill = (2,215,215,0,0,0,0,0,0,0,5,0,0,0,0)
Skill = (3,13,215,0,0,0,0,0,0,0,30,0,0,0,0)
Skill = (4,83,83,0,0,0,0,0,0,0,1,0,0,0,0)
Skill = (5,530,530,0,0,0,0,0,0,0,10,0,0,0,0)
Skill = (6,17,0,10,0,0,0,0,0,0,0,3804,1500,4925,100)
Skill = (7,10,0,10,0,0,0,0,0,0,0,16,1800,30,30)
Skill = (8,15,0,10,0,0,0,0,0,0,0,1134,1800,2063,50)
Skill = (9,17,0,10,0,0,0,0,0,0,0,3844,1800,6824,50)
Skill = (10,14,0,10,0,0,0,0,0,0,0,908,1800,1118,50)
Skill = (11,11,0,10,0,0,0,0,0,0,0,85,1500,125,50)
Skill = (12,0,2147483647,0,0,0,0,0,0,0,0,0,1000,2147483647,2147483647)
Skill = (13,13,0,10,0,0,0,0,0,0,0,69,1100,92,20)
Skill = (14,0,1200,0,0,0,1039,0,0,0,0,0,0,0,0)
Skill = (15,0,2147483647,0,0,0,0,0,83,83,0,0,1000,2147483647,2147483647)
Skill = (16,0,2147483647,0,0,0,0,0,0,0,0,0,1000,2147483647,2147483647)
Skill = (17,0,2147483647,0,0,0,0,0,0,0,0,0,50,2147483647,2147483647)
Skill = (18,0,2147483647,0,0,0,0,0,8,8,0,0,1000,2147483647,2147483647)
Skill = (19,0,2147483647,0,0,0,0,0,0,0,0,0,1000,2147483647,2147483647)
Skill = (20,0,2147483647,0,0,0,0,0,0,0,0,0,1000,2147483647,2147483647)
Skill = (21,0,2147483647,0,0,0,0,0,0,0,0,0,1000,2147483647,2147483647)
Skill = (22,89,100,0,0,0,0,0,120,120,0,0,0,0,0)
Skill = (23,0,2147483647,0,0,0,0,0,0,0,0,0,1000,2147483647,2147483647)
Skill = (24,0,2147483647,0,0,0,0,0,0,0,0,0,1000,2147483647,2147483647)

Spells      = {5,8,10,15,16,18,20,28,29,42}
QuestValues = {(18,1),(20,1),(21,1),(22,1),(23,1),(32,1),(35,1),(59,1),(223,1)}
Murders     = {}
