ID              = 9098451
Name            = "Ra-ziel"
Race            = 1
Profession      = 4
OriginalOutfit  = 129-115-94-95-94
CurrentOutfit   = 129-115-94-95-94
LastLogin       = 1132104492
LastLogout      = 1132113806
StartPosition   = [32957,32076,7]
CurrentPosition = [32720,32051,7]
PlayerkillerEnd = 0

Skill = (0,26,0,1,0,0,0,0,0,0,1,232517,0,262600,100)
Skill = (1,30,0,0,0,0,0,0,0,0,0,3452,1100,3638,20)
Skill = (2,245,275,0,0,0,0,0,0,0,5,0,0,0,0)
Skill = (3,181,575,0,0,0,0,0,0,0,30,0,0,0,0)
Skill = (4,95,95,0,0,0,0,0,0,0,1,0,0,0,0)
Skill = (5,650,650,0,0,0,0,0,0,0,10,0,0,0,0)
Skill = (6,22,0,10,0,0,0,0,0,0,0,29062,1500,38723,100)
Skill = (7,10,0,10,0,0,0,0,0,0,0,0,1800,30,30)
Skill = (8,12,0,10,0,0,0,0,0,0,0,146,1800,302,50)
Skill = (9,20,0,10,0,0,0,0,0,0,0,32050,1800,40105,50)
Skill = (10,10,0,10,0,0,0,0,0,0,0,0,1800,50,50)
Skill = (11,12,0,10,0,0,0,0,0,0,0,152,1500,237,50)
Skill = (12,0,2147483647,0,0,0,0,0,0,0,0,0,1000,2147483647,2147483647)
Skill = (13,33,0,10,0,0,0,0,0,0,0,1605,1100,1769,20)
Skill = (14,0,1200,0,0,0,421,0,0,0,0,0,0,0,0)
Skill = (15,0,2147483647,0,0,0,0,0,83,83,0,0,1000,2147483647,2147483647)
Skill = (16,0,2147483647,0,0,0,0,0,0,0,0,0,1000,2147483647,2147483647)
Skill = (17,0,2147483647,0,0,0,0,0,0,0,0,0,50,2147483647,2147483647)
Skill = (18,0,2147483647,0,0,0,0,0,8,8,0,0,1000,2147483647,2147483647)
Skill = (19,0,2147483647,0,0,0,0,0,0,0,0,0,1000,2147483647,2147483647)
Skill = (20,0,2147483647,0,0,0,0,0,0,0,0,0,1000,2147483647,2147483647)
Skill = (21,0,2147483647,0,0,0,0,0,0,0,0,0,1000,2147483647,2147483647)
Skill = (22,88,100,0,0,0,0,0,120,120,0,0,0,0,0)
Skill = (23,0,2147483647,0,0,0,0,0,0,0,0,0,1000,2147483647,2147483647)
Skill = (24,0,2147483647,0,0,0,0,0,0,0,0,0,1000,2147483647,2147483647)

Spells      = {2,3,4,5,8,9,10,16,29,44}
QuestValues = {(20,1),(60,1),(72,1),(73,1),(74,1),(75,1),(93,1),(94,1),(95,1),(96,1),(97,1),(98,1),(99,1),(108,1),(115,1),(120,1),(121,1),(125,1),(126,1),(190,1),(191,1),(208,1),(226,1)}
Murders     = {1129934312,1130659243}
