ID              = 9209151
Name            = "Daen Drack"
Race            = 1
Profession      = 2
OriginalOutfit  = 129-68-68-0-0
CurrentOutfit   = 129-68-68-0-0
LastLogin       = 1128459996
LastLogout      = 1128460016
StartPosition   = [32360,31782,7]
CurrentPosition = [32338,31784,7]
PlayerkillerEnd = 0

Skill = (0,7,0,1,0,0,0,0,0,0,1,3272,0,4200,100)
Skill = (1,0,0,0,0,0,0,0,0,0,0,9,1400,20,20)
Skill = (2,170,170,0,0,0,0,0,0,0,10,0,0,0,0)
Skill = (3,10,10,0,0,0,0,0,0,0,15,0,0,0,0)
Skill = (4,76,76,0,0,0,0,0,0,0,1,0,0,0,0)
Skill = (5,440,440,0,0,0,0,0,0,0,20,0,0,0,0)
Skill = (6,13,0,10,0,0,0,0,0,0,0,382,1100,464,100)
Skill = (7,10,0,10,0,0,0,0,0,0,0,15,1100,30,30)
Skill = (8,18,0,10,0,0,0,0,0,0,0,884,1200,1039,50)
Skill = (9,13,0,10,0,0,0,0,0,0,0,212,1200,268,50)
Skill = (10,11,0,10,0,0,0,0,0,0,0,60,1200,109,50)
Skill = (11,10,0,10,0,0,0,0,0,0,0,35,1200,50,50)
Skill = (12,0,2147483647,0,0,0,0,0,0,0,0,0,1000,2147483647,2147483647)
Skill = (13,10,0,10,0,0,0,0,0,0,0,0,1100,20,20)
Skill = (14,0,1200,0,0,0,0,0,0,0,0,0,0,0,0)
Skill = (15,0,2147483647,0,0,0,0,0,0,0,0,0,1000,2147483647,2147483647)
Skill = (16,0,2147483647,0,0,0,0,0,0,0,0,0,1000,2147483647,2147483647)
Skill = (17,0,2147483647,0,0,0,0,0,0,0,0,0,50,2147483647,2147483647)
Skill = (18,0,2147483647,0,0,0,0,0,0,0,0,0,1000,2147483647,2147483647)
Skill = (19,0,2147483647,0,0,0,0,0,0,0,0,0,1000,2147483647,2147483647)
Skill = (20,0,2147483647,0,0,0,0,0,0,0,0,0,1000,2147483647,2147483647)
Skill = (21,0,2147483647,0,0,0,0,0,0,0,0,0,1000,2147483647,2147483647)
Skill = (22,100,100,0,0,0,0,0,0,0,0,0,0,0,0)
Skill = (23,0,2147483647,0,0,0,0,0,0,0,0,0,1000,2147483647,2147483647)
Skill = (24,0,2147483647,0,0,0,0,0,0,0,0,0,1000,2147483647,2147483647)

Spells      = {10}
QuestValues = {(18,1),(20,1),(32,1),(33,1),(34,1),(35,1),(59,1),(61,1),(223,1)}
Murders     = {}
