ID              = 9612651
Name            = "Pipe Soubest"
Race            = 1
Profession      = 1
OriginalOutfit  = 129-39-0-114-0
CurrentOutfit   = 129-39-0-114-0
LastLogin       = 1125188499
LastLogout      = 1125193536
StartPosition   = [32360,31782,7]
CurrentPosition = [32354,31642,6]
PlayerkillerEnd = 0

Skill = (0,10,0,1,0,0,0,0,0,0,1,10959,0,13000,100)
Skill = (1,1,0,0,0,0,0,0,0,0,0,52,3000,80,20)
Skill = (2,215,215,0,0,0,0,0,0,0,15,0,0,0,0)
Skill = (3,45,45,0,0,0,0,0,0,0,5,0,0,0,0)
Skill = (4,79,79,0,0,0,0,0,0,0,1,0,0,0,0)
Skill = (5,520,520,0,0,0,0,0,0,0,25,0,0,0,0)
Skill = (6,38,0,10,0,0,0,0,0,0,0,13502,1100,14863,100)
Skill = (7,10,0,10,0,0,0,0,0,0,0,2,1400,30,30)
Skill = (8,12,0,10,0,0,0,0,0,0,0,132,1100,165,50)
Skill = (9,40,0,10,0,0,0,0,0,0,0,8748,1100,9097,50)
Skill = (10,10,0,10,0,0,0,0,0,0,0,45,1100,50,50)
Skill = (11,13,0,10,0,0,0,0,0,0,0,193,1100,232,50)
Skill = (12,0,2147483647,0,0,0,0,0,0,0,0,0,1000,2147483647,2147483647)
Skill = (13,22,0,10,0,0,0,0,0,0,0,433,1100,490,20)
Skill = (14,0,1200,0,0,0,261,0,0,0,0,0,0,0,0)
Skill = (15,0,2147483647,0,0,0,0,0,83,83,0,0,1000,2147483647,2147483647)
Skill = (16,0,2147483647,0,0,0,0,0,0,0,0,0,1000,2147483647,2147483647)
Skill = (17,0,2147483647,0,0,0,0,0,3,3,0,0,50,2147483647,2147483647)
Skill = (18,0,2147483647,0,0,0,0,0,0,0,0,0,1000,2147483647,2147483647)
Skill = (19,0,2147483647,0,0,0,0,0,0,0,0,0,1000,2147483647,2147483647)
Skill = (20,0,2147483647,0,0,0,0,0,0,0,0,0,1000,2147483647,2147483647)
Skill = (21,0,2147483647,0,0,0,0,0,0,0,0,0,1000,2147483647,2147483647)
Skill = (22,100,100,0,0,0,0,0,120,120,0,0,0,0,0)
Skill = (23,0,2147483647,0,0,0,0,0,0,0,0,0,1000,2147483647,2147483647)
Skill = (24,0,2147483647,0,0,0,0,0,0,0,0,0,1000,2147483647,2147483647)

Spells      = {10}
QuestValues = {(17,1),(18,1),(20,1),(21,1),(22,1),(23,1),(28,1),(29,1),(30,1),(35,1),(58,1),(59,1),(60,1),(61,1),(223,1),(224,1)}
Murders     = {}
