ID              = 9817051
Name            = "Alasene Silo"
Race            = 1
Profession      = 2
OriginalOutfit  = 137-58-67-76-1
CurrentOutfit   = 137-58-67-76-1
LastLogin       = 1131915286
LastLogout      = 1131915326
StartPosition   = [32957,32076,7]
CurrentPosition = [32922,32070,7]
PlayerkillerEnd = 0

Skill = (0,15,0,1,0,0,0,0,0,0,1,39159,0,47000,100)
Skill = (1,6,0,0,0,0,0,0,0,0,0,375,1400,477,20)
Skill = (2,255,255,0,0,0,0,0,0,0,10,0,0,0,0)
Skill = (3,24,140,0,0,0,0,0,0,0,15,0,0,0,0)
Skill = (4,84,84,0,0,0,0,0,0,0,1,0,0,0,0)
Skill = (5,610,610,0,0,0,0,0,0,0,20,0,0,0,0)
Skill = (6,33,0,10,0,0,0,0,0,0,0,8345,1100,8849,100)
Skill = (7,46,0,10,0,0,0,0,0,0,0,9494,1100,9901,30)
Skill = (8,12,0,10,0,0,0,0,0,0,0,139,1200,181,50)
Skill = (9,15,0,10,0,0,0,0,0,0,0,430,1200,496,50)
Skill = (10,10,0,10,0,0,0,0,0,0,0,0,1200,50,50)
Skill = (11,17,0,10,0,0,0,0,0,0,0,772,1200,824,50)
Skill = (12,0,2147483647,0,0,0,0,0,0,0,0,0,1000,2147483647,2147483647)
Skill = (13,28,0,10,0,0,0,0,0,0,0,943,1100,1023,20)
Skill = (14,0,1200,0,0,0,0,0,0,0,0,0,0,0,0)
Skill = (15,0,2147483647,0,0,0,0,0,0,0,0,0,1000,2147483647,2147483647)
Skill = (16,0,2147483647,0,0,0,0,0,0,0,0,0,1000,2147483647,2147483647)
Skill = (17,0,2147483647,0,0,0,0,0,0,0,0,0,50,2147483647,2147483647)
Skill = (18,0,2147483647,0,0,0,0,0,8,8,0,0,1000,2147483647,2147483647)
Skill = (19,0,2147483647,0,0,0,0,0,0,0,0,0,1000,2147483647,2147483647)
Skill = (20,0,2147483647,0,0,0,0,0,0,0,0,0,1000,2147483647,2147483647)
Skill = (21,0,2147483647,0,0,0,0,0,0,0,0,0,1000,2147483647,2147483647)
Skill = (22,100,100,0,0,0,0,0,0,0,0,0,0,0,0)
Skill = (23,0,2147483647,0,0,0,0,0,0,0,0,0,1000,2147483647,2147483647)
Skill = (24,0,2147483647,0,0,0,0,0,0,0,0,0,1000,2147483647,2147483647)

Spells      = {1,10,51}
QuestValues = {(14,1),(15,1),(16,1),(20,1),(21,1),(22,1),(23,1),(27,1),(32,1),(33,1),(34,1),(58,1),(96,1),(97,1),(98,1),(208,1)}
Murders     = {}
