ID              = 11021526
Name            = "Haelkazion Elfris"
Race            = 1
Profession      = 1
OriginalOutfit  = 130-113-114-114-132
CurrentOutfit   = 130-113-114-114-132
LastLogin       = 1131310235
LastLogout      = 1131311173
StartPosition   = [32360,31782,7]
CurrentPosition = [32234,31718,8]
PlayerkillerEnd = 0

Skill = (0,9,0,1,0,0,0,0,0,0,1,8380,0,9300,100)
Skill = (1,0,0,0,0,0,0,0,0,0,0,0,3000,20,20)
Skill = (2,122,200,0,0,0,0,0,0,0,15,0,0,0,0)
Skill = (3,40,40,0,0,0,0,0,0,0,5,0,0,0,0)
Skill = (4,78,78,0,0,0,0,0,0,0,1,0,0,0,0)
Skill = (5,495,495,0,0,0,0,0,0,0,25,0,0,0,0)
Skill = (6,21,0,10,0,0,0,0,0,0,0,2135,1100,2138,100)
Skill = (7,10,0,10,0,0,0,0,0,0,0,0,1400,30,30)
Skill = (8,13,0,10,0,0,0,0,0,0,0,227,1100,232,50)
Skill = (9,24,0,10,0,0,0,0,0,0,0,1542,1100,1588,50)
Skill = (10,10,0,10,0,0,0,0,0,0,0,38,1100,50,50)
Skill = (11,16,0,10,0,0,0,0,0,0,0,433,1100,474,50)
Skill = (12,0,2147483647,0,0,0,0,0,0,0,0,0,1000,2147483647,2147483647)
Skill = (13,10,0,10,0,0,0,0,0,0,0,1,1100,20,20)
Skill = (14,0,1200,0,0,0,0,0,0,0,0,0,0,0,0)
Skill = (15,0,2147483647,0,0,0,0,0,0,0,0,0,1000,2147483647,2147483647)
Skill = (16,0,2147483647,0,0,0,0,0,0,0,0,0,1000,2147483647,2147483647)
Skill = (17,0,2147483647,0,0,0,0,0,3,3,0,0,50,2147483647,2147483647)
Skill = (18,0,2147483647,0,0,0,0,0,0,0,0,0,1000,2147483647,2147483647)
Skill = (19,0,2147483647,0,0,0,0,0,0,0,0,0,1000,2147483647,2147483647)
Skill = (20,0,2147483647,0,0,0,0,0,0,0,0,0,1000,2147483647,2147483647)
Skill = (21,0,2147483647,0,0,0,0,0,0,0,0,0,1000,2147483647,2147483647)
Skill = (22,100,100,0,0,0,2,0,45,120,0,0,0,0,0)
Skill = (23,0,2147483647,0,0,0,0,0,0,0,0,0,1000,2147483647,2147483647)
Skill = (24,0,2147483647,0,0,0,0,0,0,0,0,0,1000,2147483647,2147483647)

Spells      = {}
QuestValues = {(18,1),(20,1),(22,1),(23,1),(32,1),(33,1),(34,1),(35,1),(59,1),(223,1)}
Murders     = {}
