ID              = 11070726
Name            = "Paranoid Androidxx"
Race            = 1
Profession      = 1
OriginalOutfit  = 128-95-92-77-0
CurrentOutfit   = 128-95-92-77-0
LastLogin       = 1132091690
LastLogout      = 1132091695
StartPosition   = [32369,32241,7]
CurrentPosition = [32356,32153,12]
PlayerkillerEnd = 0

Skill = (0,8,0,1,0,0,0,0,0,0,1,4936,0,6400,100)
Skill = (1,0,0,0,0,0,0,0,0,0,0,0,3000,20,20)
Skill = (2,81,185,0,0,0,0,0,0,0,15,0,0,0,0)
Skill = (3,35,35,0,0,0,0,0,0,0,5,0,0,0,0)
Skill = (4,77,77,0,0,0,0,0,0,0,1,0,0,0,0)
Skill = (5,470,470,0,0,0,0,0,0,0,25,0,0,0,0)
Skill = (6,21,0,10,0,0,0,0,0,0,0,1970,1100,2138,100)
Skill = (7,10,0,10,0,0,0,0,0,0,0,0,1400,30,30)
Skill = (8,21,0,10,0,0,0,0,0,0,0,972,1100,1069,50)
Skill = (9,13,0,10,0,0,0,0,0,0,0,166,1100,232,50)
Skill = (10,11,0,10,0,0,0,0,0,0,0,50,1100,105,50)
Skill = (11,10,0,10,0,0,0,0,0,0,0,1,1100,50,50)
Skill = (12,0,2147483647,0,0,0,0,0,0,0,0,0,1000,2147483647,2147483647)
Skill = (13,11,0,10,0,0,0,0,0,0,0,26,1100,42,20)
Skill = (14,0,1200,0,0,0,179,0,0,0,0,0,0,0,0)
Skill = (15,0,2147483647,0,0,0,0,0,0,0,0,0,1000,2147483647,2147483647)
Skill = (16,0,2147483647,0,0,0,0,0,0,0,0,0,1000,2147483647,2147483647)
Skill = (17,0,2147483647,0,0,0,0,0,3,3,0,0,50,2147483647,2147483647)
Skill = (18,0,2147483647,0,0,0,0,0,0,0,0,0,1000,2147483647,2147483647)
Skill = (19,0,2147483647,0,0,0,0,0,0,0,0,0,1000,2147483647,2147483647)
Skill = (20,0,2147483647,0,0,0,0,0,0,0,0,0,1000,2147483647,2147483647)
Skill = (21,0,2147483647,0,0,0,0,0,0,0,0,0,1000,2147483647,2147483647)
Skill = (22,100,100,0,0,0,1,0,105,120,0,0,0,0,0)
Skill = (23,0,2147483647,0,0,0,0,0,0,0,0,0,1000,2147483647,2147483647)
Skill = (24,0,2147483647,0,0,0,0,0,0,0,0,0,1000,2147483647,2147483647)

Spells      = {}
QuestValues = {(27,1),(32,1),(33,1),(34,1),(59,1),(223,1)}
Murders     = {}
