ID              = 11669126
Name            = "Pablo of chylonia"
Race            = 1
Profession      = 0
OriginalOutfit  = 129-18-114-114-114
CurrentOutfit   = 129-18-114-114-114
LastLogin       = 1131882772
LastLogout      = 1131884797
StartPosition   = [32097,32219,7]
CurrentPosition = [32098,32205,7]
PlayerkillerEnd = 0

Skill = (0,5,0,1,0,0,0,0,0,0,1,947,0,1500,100)
Skill = (1,0,0,0,0,0,0,0,0,0,0,0,3000,20,20)
Skill = (2,117,170,0,0,0,0,0,0,0,5,0,0,0,0)
Skill = (3,20,20,0,0,0,0,0,0,0,5,0,0,0,0)
Skill = (4,74,74,0,0,0,0,0,0,0,1,0,0,0,0)
Skill = (5,440,440,0,0,0,0,0,0,0,10,0,0,0,0)
Skill = (6,12,0,10,0,0,0,0,0,0,0,433,1500,475,100)
Skill = (7,10,0,10,0,0,0,0,0,0,0,0,2000,30,30)
Skill = (8,14,0,10,0,0,0,0,0,0,0,1113,2000,1550,50)
Skill = (9,12,0,10,0,0,0,0,0,0,0,285,2000,350,50)
Skill = (10,10,0,10,0,0,0,0,0,0,0,0,2000,50,50)
Skill = (11,10,0,10,0,0,0,0,0,0,0,0,1500,50,50)
Skill = (12,0,2147483647,0,0,0,0,0,0,0,0,0,1000,2147483647,2147483647)
Skill = (13,10,0,10,0,0,0,0,0,0,0,0,1100,20,20)
Skill = (14,0,1200,0,0,0,0,0,0,0,0,0,0,0,0)
Skill = (15,0,2147483647,0,0,0,0,0,0,0,0,0,1000,2147483647,2147483647)
Skill = (16,0,2147483647,0,0,0,0,0,0,0,0,0,1000,2147483647,2147483647)
Skill = (17,0,2147483647,0,0,0,0,0,0,0,0,0,1000,2147483647,2147483647)
Skill = (18,0,2147483647,0,0,0,0,0,0,0,0,0,1000,2147483647,2147483647)
Skill = (19,0,2147483647,0,0,0,0,0,0,0,0,0,1000,2147483647,2147483647)
Skill = (20,0,2147483647,0,0,0,0,0,0,0,0,0,1000,2147483647,2147483647)
Skill = (21,0,2147483647,0,0,0,0,0,0,0,0,0,1000,2147483647,2147483647)
Skill = (22,100,100,0,0,0,0,0,120,120,0,0,0,0,0)
Skill = (23,0,2147483647,0,0,0,0,0,0,0,0,0,1000,2147483647,2147483647)
Skill = (24,0,2147483647,0,0,0,0,0,0,0,0,0,1000,2147483647,2147483647)

Spells      = {}
QuestValues = {(20,1)}
Murders     = {}
