ID              = 8447126
Name            = "Unreal Vincent"
Race            = 1
Profession      = 2
OriginalOutfit  = 129-76-121-115-114
CurrentOutfit   = 129-76-121-115-114
LastLogin       = 1115543306
LastLogout      = 1115545747
StartPosition   = [32369,32241,7]
CurrentPosition = [32369,32241,7]
PlayerkillerEnd = 0

Skill = (0,9,0,1,0,0,0,0,0,0,1,8225,0,9300,100)
Skill = (1,3,0,0,0,0,0,0,0,0,0,127,1400,142,20)
Skill = (2,191,195,0,0,0,0,0,0,0,10,0,0,0,0)
Skill = (3,6,50,0,0,0,0,0,0,0,15,0,0,0,0)
Skill = (4,78,78,0,0,0,0,0,0,0,1,0,0,0,0)
Skill = (5,490,490,0,0,0,0,0,0,0,20,0,0,0,0)
Skill = (6,30,0,10,0,0,0,0,0,0,0,5743,1100,6400,100)
Skill = (7,36,0,10,0,0,0,0,0,0,0,3367,1100,3632,30)
Skill = (8,15,0,10,0,0,0,0,0,0,0,376,1200,496,50)
Skill = (9,10,0,10,0,0,0,0,0,0,0,5,1200,50,50)
Skill = (10,10,0,10,0,0,0,0,0,0,0,0,1200,50,50)
Skill = (11,10,0,10,0,0,0,0,0,0,0,19,1200,50,50)
Skill = (12,0,2147483647,0,0,0,0,0,0,0,0,0,1000,2147483647,2147483647)
Skill = (13,26,0,10,0,0,0,0,0,0,0,722,1100,810,20)
Skill = (14,0,1200,0,0,0,884,0,0,0,0,0,0,0,0)
Skill = (15,0,2147483647,0,0,0,5,0,31,83,0,0,1000,2147483647,2147483647)
Skill = (16,0,2147483647,0,0,0,0,0,0,0,0,0,1000,2147483647,2147483647)
Skill = (17,0,2147483647,0,0,0,0,0,3,3,0,0,50,2147483647,2147483647)
Skill = (18,0,2147483647,0,0,0,0,0,0,0,0,0,1000,2147483647,2147483647)
Skill = (19,0,2147483647,0,0,0,0,0,0,0,0,0,1000,2147483647,2147483647)
Skill = (20,0,2147483647,0,0,0,0,0,0,0,0,0,1000,2147483647,2147483647)
Skill = (21,0,2147483647,0,0,0,0,0,0,0,0,0,1000,2147483647,2147483647)
Skill = (22,200,200,0,0,0,0,0,0,0,0,0,0,0,0)
Skill = (23,0,2147483647,0,0,0,0,0,0,0,0,0,1000,2147483647,2147483647)
Skill = (24,0,2147483647,0,0,0,0,0,0,0,0,0,1000,2147483647,2147483647)

Spells      = {1,10,29}
QuestValues = {(21,1),(22,1),(23,1),(32,1),(33,1),(34,1),(37,1),(59,1),(100,1),(224,1)}
Murders     = {}
