ID              = 9475726
Name            = "Exsodia"
Race            = 1
Profession      = 2
OriginalOutfit  = 129-95-120-58-115
CurrentOutfit   = 129-95-120-58-115
LastLogin       = 1127776572
LastLogout      = 1127779145
StartPosition   = [32360,31782,7]
CurrentPosition = [32679,31683,8]
PlayerkillerEnd = 0

Skill = (0,14,0,1,0,0,0,0,0,0,1,35107,0,37800,100)
Skill = (1,5,0,0,0,0,0,0,0,0,0,237,1400,326,20)
Skill = (2,245,245,0,0,0,0,0,0,0,10,0,0,0,0)
Skill = (3,55,125,0,0,0,0,0,0,0,15,0,0,0,0)
Skill = (4,83,83,0,0,0,0,0,0,0,1,0,0,0,0)
Skill = (5,590,590,0,0,0,0,0,0,0,20,0,0,0,0)
Skill = (6,39,0,10,0,0,0,0,0,0,0,15513,1100,16449,100)
Skill = (7,19,0,10,0,0,0,0,0,0,0,434,1100,478,30)
Skill = (8,17,0,10,0,0,0,0,0,0,0,729,1200,824,50)
Skill = (9,30,0,10,0,0,0,0,0,0,0,11028,1200,11251,50)
Skill = (10,19,0,10,0,0,0,0,0,0,0,1074,1200,1297,50)
Skill = (11,13,0,10,0,0,0,0,0,0,0,223,1200,268,50)
Skill = (12,0,2147483647,0,0,0,0,0,0,0,0,0,1000,2147483647,2147483647)
Skill = (13,10,0,10,0,0,0,0,0,0,0,8,1100,20,20)
Skill = (14,0,1200,0,0,0,0,0,0,0,0,0,0,0,0)
Skill = (15,0,2147483647,0,0,0,0,0,0,0,0,0,1000,2147483647,2147483647)
Skill = (16,0,2147483647,0,0,0,0,0,0,0,0,0,1000,2147483647,2147483647)
Skill = (17,0,2147483647,0,0,0,0,0,3,3,0,0,50,2147483647,2147483647)
Skill = (18,0,2147483647,0,0,0,0,0,0,0,0,0,1000,2147483647,2147483647)
Skill = (19,0,2147483647,0,0,0,0,0,0,0,0,0,1000,2147483647,2147483647)
Skill = (20,0,2147483647,0,0,0,0,0,0,0,0,0,1000,2147483647,2147483647)
Skill = (21,0,2147483647,0,0,0,0,0,0,0,0,0,1000,2147483647,2147483647)
Skill = (22,100,100,0,0,0,0,0,120,120,0,0,0,0,0)
Skill = (23,0,2147483647,0,0,0,0,0,0,0,0,0,1000,2147483647,2147483647)
Skill = (24,0,2147483647,0,0,0,0,0,0,0,0,0,1000,2147483647,2147483647)

Spells      = {1,8,10,42}
QuestValues = {(18,1),(20,1),(35,1),(59,1),(125,1),(126,1),(223,1)}
Murders     = {}
