ID              = 9603226
Name            = "Bengi prais"
Race            = 1
Profession      = 1
OriginalOutfit  = 128-94-0-114-85
CurrentOutfit   = 128-94-0-114-85
LastLogin       = 1131419569
LastLogout      = 1131419571
StartPosition   = [32957,32076,7]
CurrentPosition = [32681,31689,6]
PlayerkillerEnd = 0

Skill = (0,15,0,1,0,0,0,0,0,0,1,42460,0,47000,100)
Skill = (1,2,0,0,0,0,0,0,0,0,0,178,3000,260,20)
Skill = (2,290,290,0,0,0,0,0,0,0,15,0,0,0,0)
Skill = (3,10,70,0,0,0,0,0,0,0,5,0,0,0,0)
Skill = (4,84,84,0,0,0,0,0,0,0,1,0,0,0,0)
Skill = (5,645,645,0,0,0,0,0,0,0,25,0,0,0,0)
Skill = (6,38,0,10,0,0,0,0,0,0,0,14074,1100,14863,100)
Skill = (7,10,0,10,0,0,0,0,0,0,0,23,1400,30,30)
Skill = (8,42,0,10,0,0,0,0,0,0,0,11006,1100,11112,50)
Skill = (9,10,0,10,0,0,0,0,0,0,0,9,1100,50,50)
Skill = (10,10,0,10,0,0,0,0,0,0,0,0,1100,50,50)
Skill = (11,11,0,10,0,0,0,0,0,0,0,53,1100,105,50)
Skill = (12,0,2147483647,0,0,0,0,0,0,0,0,0,1000,2147483647,2147483647)
Skill = (13,20,0,10,0,0,0,0,0,0,0,328,1100,370,20)
Skill = (14,0,1200,0,0,0,0,0,0,0,0,0,0,0,0)
Skill = (15,0,2147483647,0,0,0,0,0,83,83,0,0,1000,2147483647,2147483647)
Skill = (16,0,2147483647,0,0,0,0,0,0,0,0,0,1000,2147483647,2147483647)
Skill = (17,0,2147483647,0,0,0,0,0,0,0,0,0,50,2147483647,2147483647)
Skill = (18,0,2147483647,0,0,0,0,0,8,8,0,0,1000,2147483647,2147483647)
Skill = (19,0,2147483647,0,0,0,0,0,10,10,0,0,1000,2147483647,2147483647)
Skill = (20,0,2147483647,0,0,0,0,0,120,120,0,0,1000,2147483647,2147483647)
Skill = (21,0,2147483647,0,0,0,0,0,0,0,0,0,1000,2147483647,2147483647)
Skill = (22,100,100,0,0,0,0,0,120,120,0,0,0,0,0)
Skill = (23,0,2147483647,0,0,0,0,0,0,0,0,0,1000,2147483647,2147483647)
Skill = (24,0,2147483647,0,0,0,0,0,0,0,0,0,1000,2147483647,2147483647)

Spells      = {1,10,29}
QuestValues = {(20,1),(21,1),(22,1),(23,1),(32,1),(33,1),(34,1),(59,1),(72,1),(73,1),(74,1),(75,1),(93,1),(94,1),(95,1),(96,1),(97,1),(98,1),(99,1),(125,1),(126,1),(208,1),(224,1),(226,1)}
Murders     = {}
