ID              = 9652826
Name            = "Bortex of zanera"
Race            = 1
Profession      = 3
OriginalOutfit  = 129-114-114-114-114
CurrentOutfit   = 129-114-114-114-114
LastLogin       = 1132001619
LastLogout      = 1132001803
StartPosition   = [32957,32076,7]
CurrentPosition = [32908,32095,4]
PlayerkillerEnd = 0

Skill = (0,14,0,1,0,0,0,0,0,0,1,32651,0,37800,100)
Skill = (1,18,0,0,0,0,0,0,0,0,0,982,1100,1023,20)
Skill = (2,215,215,0,0,0,0,0,0,0,5,0,0,0,0)
Skill = (3,0,215,0,0,0,0,0,0,0,30,0,0,0,0)
Skill = (4,83,83,0,0,0,0,0,0,0,1,0,0,0,0)
Skill = (5,530,530,0,0,0,0,0,0,0,10,0,0,0,0)
Skill = (6,19,0,10,0,0,0,0,0,0,0,10983,1500,11333,100)
Skill = (7,10,0,10,0,0,0,0,0,0,0,12,2000,30,30)
Skill = (8,15,0,10,0,0,0,0,0,0,0,1860,2000,3150,50)
Skill = (9,17,0,10,0,0,0,0,0,0,0,7922,2000,12750,50)
Skill = (10,12,0,10,0,0,0,0,0,0,0,259,2000,350,50)
Skill = (11,10,0,10,0,0,0,0,0,0,0,14,1500,50,50)
Skill = (12,0,2147483647,0,0,0,0,0,0,0,0,0,1000,2147483647,2147483647)
Skill = (13,31,0,10,0,0,0,0,0,0,0,1288,1100,1428,20)
Skill = (14,0,1200,0,0,0,0,0,0,0,0,0,0,0,0)
Skill = (15,0,2147483647,0,0,0,0,0,0,0,0,0,1000,2147483647,2147483647)
Skill = (16,0,2147483647,0,0,0,0,0,200,200,0,0,1000,2147483647,2147483647)
Skill = (17,0,2147483647,0,0,0,0,0,0,0,0,0,50,2147483647,2147483647)
Skill = (18,0,2147483647,0,0,0,0,0,0,0,0,0,1000,2147483647,2147483647)
Skill = (19,0,2147483647,0,0,0,0,0,0,0,0,0,1000,2147483647,2147483647)
Skill = (20,0,2147483647,0,0,0,0,0,0,0,0,0,1000,2147483647,2147483647)
Skill = (21,0,2147483647,0,0,0,0,0,0,0,0,0,1000,2147483647,2147483647)
Skill = (22,29,100,0,0,0,0,0,0,0,0,0,0,0,0)
Skill = (23,0,2147483647,0,0,0,0,0,0,0,0,0,1000,2147483647,2147483647)
Skill = (24,0,2147483647,0,0,0,0,0,0,0,0,0,1000,2147483647,2147483647)

Spells      = {1,2,8,9,10,16,17,18,19,38}
QuestValues = {(23,1),(59,1),(96,1),(97,1),(98,1),(121,1)}
Murders     = {}
