ID              = 10847048
Name            = "Zacahuil los domingos"
Race            = 1
Profession      = 3
OriginalOutfit  = 137-91-114-114-92
CurrentOutfit   = 137-91-114-114-92
LastLogin       = 1132087094
LastLogout      = 1132087096
StartPosition   = [32360,31782,7]
CurrentPosition = [32336,31785,7]
PlayerkillerEnd = 1132255763

Skill = (0,15,0,1,0,0,0,0,0,0,1,40176,0,47000,100)
Skill = (1,18,0,0,0,0,0,0,0,0,0,920,1100,1023,20)
Skill = (2,220,220,0,0,0,0,0,0,0,5,0,0,0,0)
Skill = (3,104,245,0,0,0,0,0,0,0,30,0,0,0,0)
Skill = (4,84,84,0,0,0,0,0,0,0,1,0,0,0,0)
Skill = (5,540,540,0,0,0,0,0,0,0,10,0,0,0,0)
Skill = (6,19,0,10,0,0,0,0,0,0,0,8121,1500,11333,100)
Skill = (7,10,0,10,0,0,0,0,0,0,0,0,2000,30,30)
Skill = (8,11,0,10,0,0,0,0,0,0,0,62,2000,150,50)
Skill = (9,17,0,10,0,0,0,0,0,0,0,8098,2000,12750,50)
Skill = (10,10,0,10,0,0,0,0,0,0,0,0,2000,50,50)
Skill = (11,10,0,10,0,0,0,0,0,0,0,0,1500,50,50)
Skill = (12,0,2147483647,0,0,0,0,0,0,0,0,0,1000,2147483647,2147483647)
Skill = (13,27,0,10,0,0,0,0,0,0,0,818,1100,911,20)
Skill = (14,0,1200,0,0,0,0,0,0,0,0,0,0,0,0)
Skill = (15,0,2147483647,0,0,0,0,0,83,83,0,0,1000,2147483647,2147483647)
Skill = (16,0,2147483647,0,0,0,0,0,0,0,0,0,1000,2147483647,2147483647)
Skill = (17,0,2147483647,0,0,0,0,0,3,3,0,0,50,2147483647,2147483647)
Skill = (18,0,2147483647,0,0,0,0,0,8,8,0,0,1000,2147483647,2147483647)
Skill = (19,0,2147483647,0,0,0,0,0,0,0,0,0,1000,2147483647,2147483647)
Skill = (20,0,2147483647,0,0,0,0,0,0,0,0,0,1000,2147483647,2147483647)
Skill = (21,0,2147483647,0,0,0,0,0,0,0,0,0,1000,2147483647,2147483647)
Skill = (22,44,100,0,0,0,0,0,120,120,0,0,0,0,0)
Skill = (23,0,2147483647,0,0,0,0,0,0,0,0,0,1000,2147483647,2147483647)
Skill = (24,0,2147483647,0,0,0,0,0,0,0,0,0,1000,2147483647,2147483647)

Spells      = {1,2,3,8,10,16,17,20,29}
QuestValues = {(20,1),(21,1),(22,1),(23,1),(60,1)}
Murders     = {1129663725,1129663763}
