ID              = 11185848
Name            = "Darck Mokona"
Race            = 1
Profession      = 1
OriginalOutfit  = 137-109-0-109-109
CurrentOutfit   = 137-109-0-109-109
LastLogin       = 1132108019
LastLogout      = 1132110828
StartPosition   = [32957,32076,7]
CurrentPosition = [32679,31685,7]
PlayerkillerEnd = 0

Skill = (0,19,0,1,0,0,0,0,0,0,1,95483,0,98800,100)
Skill = (1,3,0,0,0,0,0,0,0,0,0,387,3000,800,20)
Skill = (2,152,330,0,0,0,0,0,0,0,15,0,0,0,0)
Skill = (3,57,90,0,0,0,0,0,0,0,5,0,0,0,0)
Skill = (4,88,88,0,0,0,0,0,0,0,1,0,0,0,0)
Skill = (5,715,715,0,0,0,0,0,0,0,25,0,0,0,0)
Skill = (6,38,0,10,0,0,0,0,0,0,0,13530,1100,14863,100)
Skill = (7,10,0,10,0,0,0,0,0,0,0,0,1400,30,30)
Skill = (8,43,0,10,0,0,0,0,0,0,0,11592,1100,12273,50)
Skill = (9,19,0,10,0,0,0,0,0,0,0,732,1100,796,50)
Skill = (10,12,0,10,0,0,0,0,0,0,0,132,1100,165,50)
Skill = (11,10,0,10,0,0,0,0,0,0,0,0,1100,50,50)
Skill = (12,0,2147483647,0,0,0,0,0,0,0,0,0,1000,2147483647,2147483647)
Skill = (13,31,0,10,0,0,0,0,0,0,0,1376,1100,1428,20)
Skill = (14,0,1200,0,0,0,587,0,0,0,0,0,0,0,0)
Skill = (15,0,2147483647,0,0,0,0,0,0,0,0,0,1000,2147483647,2147483647)
Skill = (16,0,2147483647,0,0,0,0,0,0,0,0,0,1000,2147483647,2147483647)
Skill = (17,0,2147483647,0,0,0,0,0,0,0,0,0,50,2147483647,2147483647)
Skill = (18,0,2147483647,0,0,0,0,0,0,0,0,0,1000,2147483647,2147483647)
Skill = (19,0,2147483647,0,0,0,0,0,0,0,0,0,1000,2147483647,2147483647)
Skill = (20,0,2147483647,0,0,0,0,0,0,0,0,0,1000,2147483647,2147483647)
Skill = (21,0,2147483647,0,0,0,0,0,0,0,0,0,1000,2147483647,2147483647)
Skill = (22,100,100,0,0,0,0,0,120,120,0,0,0,0,0)
Skill = (23,0,2147483647,0,0,0,0,0,0,0,0,0,1000,2147483647,2147483647)
Skill = (24,0,2147483647,0,0,0,0,0,0,0,0,0,1000,2147483647,2147483647)

Spells      = {1,10,20}
QuestValues = {(19,1),(20,1),(21,1),(22,1),(23,1),(24,1),(27,1),(30,1),(32,1),(33,1),(34,1),(58,1),(59,1),(60,1),(96,1),(97,1),(98,1)}
Murders     = {}
