ID              = 11277948
Name            = "Star Moone"
Race            = 1
Profession      = 1
OriginalOutfit  = 130-0-76-0-76
CurrentOutfit   = 130-0-76-0-76
LastLogin       = 1132104717
LastLogout      = 1132107045
StartPosition   = [32360,31782,7]
CurrentPosition = [32326,31781,8]
PlayerkillerEnd = 0

Skill = (0,10,0,1,0,0,0,0,0,0,1,10814,0,13000,100)
Skill = (1,1,0,0,0,0,0,0,0,0,0,62,3000,80,20)
Skill = (2,41,215,0,0,0,0,0,0,0,15,0,0,0,0)
Skill = (3,25,45,0,0,0,0,0,0,0,5,0,0,0,0)
Skill = (4,79,79,0,0,0,0,0,0,0,1,0,0,0,0)
Skill = (5,520,520,0,0,0,0,0,0,0,25,0,0,0,0)
Skill = (6,22,0,10,0,0,0,0,0,0,0,2277,1100,2452,100)
Skill = (7,11,0,10,0,0,0,0,0,0,0,40,1400,71,30)
Skill = (8,12,0,10,0,0,0,0,0,0,0,113,1100,165,50)
Skill = (9,27,0,10,0,0,0,0,0,0,0,2074,1100,2279,50)
Skill = (10,11,0,10,0,0,0,0,0,0,0,92,1100,105,50)
Skill = (11,13,0,10,0,0,0,0,0,0,0,224,1100,232,50)
Skill = (12,0,2147483647,0,0,0,0,0,0,0,0,0,1000,2147483647,2147483647)
Skill = (13,13,0,10,0,0,0,0,0,0,0,84,1100,92,20)
Skill = (14,0,1200,0,0,0,0,0,0,0,0,0,0,0,0)
Skill = (15,0,2147483647,0,0,0,0,0,83,83,0,0,1000,2147483647,2147483647)
Skill = (16,0,2147483647,0,0,0,0,0,0,0,0,0,1000,2147483647,2147483647)
Skill = (17,0,2147483647,0,0,0,0,0,3,3,0,0,50,2147483647,2147483647)
Skill = (18,0,2147483647,0,0,0,0,0,8,8,0,0,1000,2147483647,2147483647)
Skill = (19,0,2147483647,0,0,0,0,0,0,0,0,0,1000,2147483647,2147483647)
Skill = (20,0,2147483647,0,0,0,0,0,120,120,0,0,1000,2147483647,2147483647)
Skill = (21,0,2147483647,0,0,0,0,0,0,0,0,0,1000,2147483647,2147483647)
Skill = (22,100,100,0,0,0,0,0,120,120,0,0,0,0,0)
Skill = (23,0,2147483647,0,0,0,0,0,0,0,0,0,1000,2147483647,2147483647)
Skill = (24,0,2147483647,0,0,0,0,0,0,0,0,0,1000,2147483647,2147483647)

Spells      = {10,20}
QuestValues = {(17,1),(18,1),(20,1),(23,1),(32,1),(33,1),(34,1),(35,1),(59,1),(60,1),(61,1),(125,1),(126,1),(223,1)}
Murders     = {}
