ID              = 8255848
Name            = "Mestre Fabasso"
Race            = 1
Profession      = 3
OriginalOutfit  = 129-114-114-95-38
CurrentOutfit   = 129-114-114-95-38
LastLogin       = 1118159305
LastLogout      = 1118163857
StartPosition   = [32360,31782,7]
CurrentPosition = [32360,31782,7]
PlayerkillerEnd = 0

Skill = (0,12,0,1,0,0,0,0,0,0,1,17947,0,23200,100)
Skill = (1,12,0,0,0,0,0,0,0,0,0,460,1100,490,20)
Skill = (2,205,205,0,0,0,0,0,0,0,5,0,0,0,0)
Skill = (3,70,155,0,0,0,0,0,0,0,30,0,0,0,0)
Skill = (4,81,81,0,0,0,0,0,0,0,1,0,0,0,0)
Skill = (5,510,510,0,0,0,0,0,0,0,10,0,0,0,0)
Skill = (6,19,0,10,0,0,0,0,0,0,0,10413,1500,11333,100)
Skill = (7,10,0,10,0,0,0,0,0,0,0,4,2000,30,30)
Skill = (8,10,0,10,0,0,0,0,0,0,0,15,2000,50,50)
Skill = (9,17,0,10,0,0,0,0,0,0,0,7824,2000,12750,50)
Skill = (10,10,0,10,0,0,0,0,0,0,0,33,2000,50,50)
Skill = (11,16,0,10,0,0,0,0,0,0,0,1128,1500,1608,50)
Skill = (12,0,2147483647,0,0,0,0,0,0,0,0,0,1000,2147483647,2147483647)
Skill = (13,41,0,10,0,0,0,0,0,0,0,3646,1100,4022,20)
Skill = (14,0,1200,0,0,0,875,0,0,0,0,0,0,0,0)
Skill = (15,0,2147483647,0,0,0,0,0,83,83,0,0,1000,2147483647,2147483647)
Skill = (16,0,2147483647,0,0,0,0,0,0,0,0,0,1000,2147483647,2147483647)
Skill = (17,0,2147483647,0,0,0,0,0,3,3,0,0,50,2147483647,2147483647)
Skill = (18,0,2147483647,0,0,0,0,0,8,8,0,0,1000,2147483647,2147483647)
Skill = (19,0,2147483647,0,0,0,0,0,0,0,0,0,1000,2147483647,2147483647)
Skill = (20,0,2147483647,0,0,0,0,0,0,0,0,0,1000,2147483647,2147483647)
Skill = (21,0,2147483647,0,0,0,0,0,0,0,0,0,1000,2147483647,2147483647)
Skill = (22,200,200,0,0,0,0,0,0,0,0,0,0,0,0)
Skill = (23,0,2147483647,0,0,0,0,0,0,0,0,0,1000,2147483647,2147483647)
Skill = (24,0,2147483647,0,0,0,0,0,0,0,0,0,1000,2147483647,2147483647)

Spells      = {1,8,10}
QuestValues = {(18,1),(20,1),(21,1),(22,1),(23,1),(106,1),(107,1)}
Murders     = {}
