ID              = 8259848
Name            = "Billy bob joe'schmo"
Race            = 1
Profession      = 3
OriginalOutfit  = 129-114-88-114-88
CurrentOutfit   = 129-114-88-114-88
LastLogin       = 1128308994
LastLogout      = 1128309003
StartPosition   = [32369,32241,7]
CurrentPosition = [32369,32241,7]
PlayerkillerEnd = 0

Skill = (0,11,0,1,0,0,0,0,0,0,1,13747,0,17600,100)
Skill = (1,11,0,0,0,0,0,0,0,0,0,402,1100,427,20)
Skill = (2,200,200,0,0,0,0,0,0,0,5,0,0,0,0)
Skill = (3,125,125,0,0,0,0,0,0,0,30,0,0,0,0)
Skill = (4,80,80,0,0,0,0,0,0,0,1,0,0,0,0)
Skill = (5,500,500,0,0,0,0,0,0,0,10,0,0,0,0)
Skill = (6,17,0,10,0,0,0,0,0,0,0,3387,1500,4925,100)
Skill = (7,10,0,10,0,0,0,0,0,0,0,0,2000,30,30)
Skill = (8,11,0,10,0,0,0,0,0,0,0,84,2000,150,50)
Skill = (9,15,0,10,0,0,0,0,0,0,0,3126,2000,3150,50)
Skill = (10,10,0,10,0,0,0,0,0,0,0,0,2000,50,50)
Skill = (11,10,0,10,0,0,0,0,0,0,0,6,1500,50,50)
Skill = (12,0,2147483647,0,0,0,0,0,0,0,0,0,1000,2147483647,2147483647)
Skill = (13,34,0,10,0,0,0,0,0,0,0,1839,1100,1966,20)
Skill = (14,0,1200,0,0,0,0,0,0,0,0,0,0,0,0)
Skill = (15,0,2147483647,0,0,0,0,0,0,0,0,0,1000,2147483647,2147483647)
Skill = (16,0,2147483647,0,0,0,0,0,0,0,0,0,1000,2147483647,2147483647)
Skill = (17,0,2147483647,0,0,0,0,0,0,0,0,0,50,2147483647,2147483647)
Skill = (18,0,2147483647,0,0,0,0,0,0,0,0,0,1000,2147483647,2147483647)
Skill = (19,0,2147483647,0,0,0,0,0,0,0,0,0,1000,2147483647,2147483647)
Skill = (20,0,2147483647,0,0,0,0,0,0,0,0,0,1000,2147483647,2147483647)
Skill = (21,0,2147483647,0,0,0,0,0,0,0,0,0,1000,2147483647,2147483647)
Skill = (22,100,100,0,0,0,0,0,0,0,0,0,0,0,0)
Skill = (23,0,2147483647,0,0,0,0,0,0,0,0,0,1000,2147483647,2147483647)
Skill = (24,0,2147483647,0,0,0,0,0,0,0,0,0,1000,2147483647,2147483647)

Spells      = {1,3,8,10,25}
QuestValues = {(17,1),(18,1),(20,1),(21,1),(22,1),(23,1),(35,1),(59,1),(100,1),(106,1),(107,1),(224,1)}
Murders     = {}
