ID              = 8636348
Name            = "Gall Levinia"
Race            = 1
Profession      = 3
OriginalOutfit  = 130-20-78-116-114
CurrentOutfit   = 130-20-78-116-114
LastLogin       = 1130058625
LastLogout      = 1130058629
StartPosition   = [32360,31782,7]
CurrentPosition = [32338,31785,7]
PlayerkillerEnd = 0

Skill = (0,18,0,1,0,0,0,0,0,0,1,78075,0,83400,100)
Skill = (1,30,0,0,0,0,0,0,0,0,0,3410,1100,3638,20)
Skill = (2,235,235,0,0,0,0,0,0,0,5,0,0,0,0)
Skill = (3,2,335,0,0,0,0,0,0,0,30,0,0,0,0)
Skill = (4,87,87,0,0,0,0,0,0,0,1,0,0,0,0)
Skill = (5,570,570,0,0,0,0,0,0,0,10,0,0,0,0)
Skill = (6,21,0,10,0,0,0,0,0,0,0,19042,1500,25749,100)
Skill = (7,10,0,10,0,0,0,0,0,0,0,0,2000,30,30)
Skill = (8,10,0,10,0,0,0,0,0,0,0,0,2000,50,50)
Skill = (9,18,0,10,0,0,0,0,0,0,0,16808,2000,25550,50)
Skill = (10,10,0,10,0,0,0,0,0,0,0,0,2000,50,50)
Skill = (11,10,0,10,0,0,0,0,0,0,0,28,1500,50,50)
Skill = (12,0,2147483647,0,0,0,0,0,0,0,0,0,1000,2147483647,2147483647)
Skill = (13,53,0,10,0,0,0,0,0,0,0,11943,1100,13052,20)
Skill = (14,0,1200,0,0,0,1027,0,0,0,0,0,0,0,0)
Skill = (15,0,2147483647,0,0,0,0,0,0,0,0,0,1000,2147483647,2147483647)
Skill = (16,0,2147483647,0,0,0,0,0,0,0,0,0,1000,2147483647,2147483647)
Skill = (17,0,2147483647,0,0,0,0,0,0,0,0,0,50,2147483647,2147483647)
Skill = (18,0,2147483647,0,0,0,0,0,0,0,0,0,1000,2147483647,2147483647)
Skill = (19,0,2147483647,0,0,0,0,0,0,0,0,0,1000,2147483647,2147483647)
Skill = (20,0,2147483647,0,0,0,0,0,0,0,0,0,1000,2147483647,2147483647)
Skill = (21,0,2147483647,0,0,0,0,0,0,0,0,0,1000,2147483647,2147483647)
Skill = (22,95,100,0,0,0,0,0,0,0,0,0,0,0,0)
Skill = (23,0,2147483647,0,0,0,0,0,0,0,0,0,1000,2147483647,2147483647)
Skill = (24,0,2147483647,0,0,0,0,0,0,0,0,0,1000,2147483647,2147483647)

Spells      = {3,8,10,16,18,20,21,27,29,30}
QuestValues = {(60,1),(61,1),(106,1),(107,1),(113,1),(114,1),(125,1),(126,1)}
Murders     = {}
