ID              = 8904648
Name            = "Soul Hamma"
Race            = 1
Profession      = 1
OriginalOutfit  = 134-0-114-114-0
CurrentOutfit   = 134-0-114-114-0
LastLogin       = 1131887203
LastLogout      = 1131887838
StartPosition   = [33217,31814,8]
CurrentPosition = [32472,32170,7]
PlayerkillerEnd = 0

Skill = (0,24,0,1,0,0,0,0,0,0,1,191500,0,204800,100)
Skill = (1,4,0,0,0,0,0,0,0,0,0,1314,3000,2420,20)
Skill = (2,376,425,0,0,0,0,0,0,0,15,0,0,0,0)
Skill = (3,1,115,0,0,0,0,0,0,0,5,0,0,0,0)
Skill = (4,93,93,0,0,0,0,0,10,10,1,0,0,0,0)
Skill = (5,870,870,0,0,0,0,0,0,0,25,0,0,0,0)
Skill = (6,60,0,10,0,0,0,0,0,0,0,120367,1100,128129,100)
Skill = (7,10,0,10,0,0,0,0,0,0,0,29,1400,30,30)
Skill = (8,12,0,10,0,0,0,0,0,0,0,144,1100,165,50)
Skill = (9,62,0,10,0,0,0,0,0,0,0,75369,1100,77623,50)
Skill = (10,10,0,10,0,0,0,0,0,0,0,49,1100,50,50)
Skill = (11,10,0,10,0,0,0,0,0,0,0,44,1100,50,50)
Skill = (12,0,2147483647,0,0,0,0,0,0,0,0,0,1000,2147483647,2147483647)
Skill = (13,37,0,10,0,0,0,0,0,0,0,2586,1100,2684,20)
Skill = (14,0,1200,0,0,0,0,0,0,0,0,0,0,0,0)
Skill = (15,0,2147483647,0,0,0,0,0,83,83,0,0,1000,2147483647,2147483647)
Skill = (16,0,2147483647,0,0,0,0,0,6000,6000,0,0,1000,2147483647,2147483647)
Skill = (17,0,2147483647,0,0,0,0,0,3,3,0,0,50,2147483647,2147483647)
Skill = (18,0,2147483647,0,0,0,0,0,8,8,0,0,1000,2147483647,2147483647)
Skill = (19,0,2147483647,0,0,0,0,0,0,0,0,0,1000,2147483647,2147483647)
Skill = (20,0,2147483647,0,0,0,0,0,0,0,0,0,1000,2147483647,2147483647)
Skill = (21,0,2147483647,0,0,0,0,0,0,0,0,0,1000,2147483647,2147483647)
Skill = (22,100,100,0,0,0,0,0,120,120,0,0,0,0,0)
Skill = (23,0,2147483647,0,0,0,0,0,0,0,0,0,1000,2147483647,2147483647)
Skill = (24,0,2147483647,0,0,0,0,0,0,0,0,0,1000,2147483647,2147483647)

Spells      = {1,6,10,20,76}
QuestValues = {(18,1),(35,1),(86,1),(87,1),(93,1),(94,1),(95,1),(96,1),(97,1),(106,1),(107,1),(109,1),(134,1),(190,1),(191,1)}
Murders     = {}
