ID              = 8968348
Name            = "Tram Steell"
Race            = 1
Profession      = 4
OriginalOutfit  = 128-88-86-114-94
CurrentOutfit   = 128-88-86-114-94
LastLogin       = 1132074413
LastLogout      = 1132074524
StartPosition   = [32360,31782,7]
CurrentPosition = [32338,31783,7]
PlayerkillerEnd = 0

Skill = (0,11,0,1,0,0,0,0,0,0,1,16771,0,17600,100)
Skill = (1,12,0,0,0,0,0,0,0,0,0,433,1100,490,20)
Skill = (2,199,200,0,0,0,0,0,0,0,5,0,0,0,0)
Skill = (3,125,125,0,0,0,0,0,0,0,30,0,0,0,0)
Skill = (4,80,80,0,0,0,0,0,0,0,1,0,0,0,0)
Skill = (5,500,500,0,0,0,0,0,0,0,10,0,0,0,0)
Skill = (6,15,0,10,0,0,0,0,0,0,0,1615,1500,2078,100)
Skill = (7,10,0,10,0,0,0,0,0,0,0,0,1800,30,30)
Skill = (8,13,0,10,0,0,0,0,0,0,0,588,1800,593,50)
Skill = (9,16,0,10,0,0,0,0,0,0,0,2131,1800,3763,50)
Skill = (10,10,0,10,0,0,0,0,0,0,0,9,1800,50,50)
Skill = (11,11,0,10,0,0,0,0,0,0,0,117,1500,125,50)
Skill = (12,0,2147483647,0,0,0,0,0,0,0,0,0,1000,2147483647,2147483647)
Skill = (13,11,0,10,0,0,0,0,0,0,0,41,1100,42,20)
Skill = (14,0,1200,0,0,0,0,0,0,0,0,0,0,0,0)
Skill = (15,0,2147483647,0,0,0,0,0,0,0,0,0,1000,2147483647,2147483647)
Skill = (16,0,2147483647,0,0,0,0,0,0,0,0,0,1000,2147483647,2147483647)
Skill = (17,0,2147483647,0,0,0,0,0,0,0,0,0,50,2147483647,2147483647)
Skill = (18,0,2147483647,0,0,0,0,0,0,0,0,0,1000,2147483647,2147483647)
Skill = (19,0,2147483647,0,0,0,0,0,0,0,0,0,1000,2147483647,2147483647)
Skill = (20,0,2147483647,0,0,0,0,0,0,0,0,0,1000,2147483647,2147483647)
Skill = (21,0,2147483647,0,0,0,0,0,0,0,0,0,1000,2147483647,2147483647)
Skill = (22,3,100,0,0,0,0,0,0,0,0,0,0,0,0)
Skill = (23,0,2147483647,0,0,0,0,0,0,0,0,0,1000,2147483647,2147483647)
Skill = (24,0,2147483647,0,0,0,0,0,0,0,0,0,1000,2147483647,2147483647)

Spells      = {5,8,42}
QuestValues = {(20,1),(21,1),(22,1),(23,1),(32,1),(33,1),(34,1),(54,1),(59,1),(60,1),(61,1),(190,1),(191,1)}
Murders     = {1130427551}
