ID              = 9034048
Name            = "Mena The Tormentor"
Race            = 1
Profession      = 1
OriginalOutfit  = 129-114-0-114-0
CurrentOutfit   = 129-114-0-114-0
LastLogin       = 1132087847
LastLogout      = 1132087912
StartPosition   = [32957,32076,7]
CurrentPosition = [32348,32219,6]
PlayerkillerEnd = 0

Skill = (0,20,0,1,0,0,0,0,0,0,1,114906,0,116000,100)
Skill = (1,3,0,0,0,0,0,0,0,0,0,487,3000,800,20)
Skill = (2,315,365,0,0,0,0,0,0,0,15,0,0,0,0)
Skill = (3,19,95,0,0,0,0,0,0,0,5,0,0,0,0)
Skill = (4,89,89,0,0,0,0,0,0,0,1,0,0,0,0)
Skill = (5,770,770,0,0,0,0,0,0,0,25,0,0,0,0)
Skill = (6,49,0,10,0,0,0,0,0,0,0,42682,1100,44259,100)
Skill = (7,10,0,10,0,0,0,0,0,0,0,0,1400,30,30)
Skill = (8,51,0,10,0,0,0,0,0,0,0,26444,1100,26881,50)
Skill = (9,10,0,10,0,0,0,0,0,0,0,12,1100,50,50)
Skill = (10,10,0,10,0,0,0,0,0,0,0,0,1100,50,50)
Skill = (11,11,0,10,0,0,0,0,0,0,0,52,1100,105,50)
Skill = (12,0,2147483647,0,0,0,0,0,0,0,0,0,1000,2147483647,2147483647)
Skill = (13,14,0,10,0,0,0,0,0,0,0,103,1100,122,20)
Skill = (14,0,1200,0,0,0,612,0,0,0,0,0,0,0,0)
Skill = (15,0,2147483647,0,0,0,0,0,83,83,0,0,1000,2147483647,2147483647)
Skill = (16,0,2147483647,0,0,0,0,0,0,0,0,0,1000,2147483647,2147483647)
Skill = (17,0,2147483647,0,0,0,0,0,3,3,0,0,50,2147483647,2147483647)
Skill = (18,0,2147483647,0,0,0,0,0,8,8,0,0,1000,2147483647,2147483647)
Skill = (19,0,2147483647,0,0,0,0,0,0,0,0,0,1000,2147483647,2147483647)
Skill = (20,0,2147483647,0,0,0,0,0,0,0,0,0,1000,2147483647,2147483647)
Skill = (21,0,2147483647,0,0,0,0,0,0,0,0,0,1000,2147483647,2147483647)
Skill = (22,100,100,0,0,0,0,0,120,120,0,0,0,0,0)
Skill = (23,0,2147483647,0,0,0,0,0,0,0,0,0,1000,2147483647,2147483647)
Skill = (24,0,2147483647,0,0,0,0,0,0,0,0,0,1000,2147483647,2147483647)

Spells      = {1,10,29}
QuestValues = {(18,1),(20,1),(21,1),(22,1),(23,1),(32,1),(33,1),(34,1),(35,1),(37,1),(55,1),(96,1),(97,1),(100,1),(106,1),(107,1),(128,1),(140,1),(141,1)}
Murders     = {1130610001,1131826450}
