ID              = 9477348
Name            = "Suprem Dark Revolucion"
Race            = 1
Profession      = 3
OriginalOutfit  = 129-114-113-114-113
CurrentOutfit   = 129-114-113-114-113
LastLogin       = 1130562954
LastLogout      = 1130563022
StartPosition   = [32957,32076,7]
CurrentPosition = [32922,32074,7]
PlayerkillerEnd = 0

Skill = (0,18,0,1,0,0,0,0,0,0,1,78162,0,83400,100)
Skill = (1,26,0,0,0,0,0,0,0,0,0,2365,1100,2421,20)
Skill = (2,235,235,0,0,0,0,0,0,0,5,0,0,0,0)
Skill = (3,335,335,0,0,0,0,0,0,0,30,0,0,0,0)
Skill = (4,87,87,0,0,0,0,0,0,0,1,0,0,0,0)
Skill = (5,570,570,0,0,0,0,0,0,0,10,0,0,0,0)
Skill = (6,21,0,10,0,0,0,0,0,0,0,21417,1500,25749,100)
Skill = (7,10,0,10,0,0,0,0,0,0,0,1,2000,30,30)
Skill = (8,18,0,10,0,0,0,0,0,0,0,18083,2000,25550,50)
Skill = (9,14,0,10,0,0,0,0,0,0,0,1071,2000,1550,50)
Skill = (10,10,0,10,0,0,0,0,0,0,0,0,2000,50,50)
Skill = (11,14,0,10,0,0,0,0,0,0,0,528,1500,659,50)
Skill = (12,0,2147483647,0,0,0,0,0,0,0,0,0,1000,2147483647,2147483647)
Skill = (13,55,0,10,0,0,0,0,0,0,0,14417,1100,15835,20)
Skill = (14,0,1200,0,0,0,0,0,0,0,0,0,0,0,0)
Skill = (15,0,2147483647,0,0,0,0,0,0,0,0,0,1000,2147483647,2147483647)
Skill = (16,0,2147483647,0,0,0,0,0,0,0,0,0,1000,2147483647,2147483647)
Skill = (17,0,2147483647,0,0,0,0,0,0,0,0,0,50,2147483647,2147483647)
Skill = (18,0,2147483647,0,0,0,0,0,0,0,0,0,1000,2147483647,2147483647)
Skill = (19,0,2147483647,0,0,0,0,0,0,0,0,0,1000,2147483647,2147483647)
Skill = (20,0,2147483647,0,0,0,0,0,0,0,0,0,1000,2147483647,2147483647)
Skill = (21,0,2147483647,0,0,0,0,0,0,0,0,0,1000,2147483647,2147483647)
Skill = (22,75,100,0,0,0,0,0,0,0,0,0,0,0,0)
Skill = (23,0,2147483647,0,0,0,0,0,0,0,0,0,1000,2147483647,2147483647)
Skill = (24,0,2147483647,0,0,0,0,0,0,0,0,0,1000,2147483647,2147483647)

Spells      = {1,2,3,8,10,13,16,19,20,21,22,26,29,45}
QuestValues = {(17,1),(19,1),(20,1),(21,1),(22,1),(23,1),(24,1),(27,1),(32,1),(33,1),(34,1),(59,1),(69,1),(71,1),(93,1),(94,1),(95,1),(96,1),(97,1),(98,1),(99,1),(100,1),(106,1),(107,1),(125,1),(126,1),(190,1),(191,1),(223,1),(254,1)}
Murders     = {1130040323}
