ID              = 9918848
Name            = "Vicent Von Dimitry"
Race            = 1
Profession      = 2
OriginalOutfit  = 129-87-95-132-76
CurrentOutfit   = 129-87-95-132-76
LastLogin       = 1126665435
LastLogout      = 1126665482
StartPosition   = [32369,32241,7]
CurrentPosition = [32343,32226,7]
PlayerkillerEnd = 0

Skill = (0,14,0,1,0,0,0,0,0,0,1,35389,0,37800,100)
Skill = (1,7,0,0,0,0,0,0,0,0,0,675,1400,687,20)
Skill = (2,245,245,0,0,0,0,0,0,0,10,0,0,0,0)
Skill = (3,125,125,0,0,0,0,0,0,0,15,0,0,0,0)
Skill = (4,83,83,0,0,0,0,0,0,0,1,0,0,0,0)
Skill = (5,590,590,0,0,0,0,0,0,0,20,0,0,0,0)
Skill = (6,53,0,10,0,0,0,0,0,0,0,63641,1100,65264,100)
Skill = (7,62,0,10,0,0,0,0,0,0,0,45197,1100,46574,30)
Skill = (8,10,0,10,0,0,0,0,0,0,0,0,1200,50,50)
Skill = (9,12,0,10,0,0,0,0,0,0,0,126,1200,181,50)
Skill = (10,11,0,10,0,0,0,0,0,0,0,89,1200,109,50)
Skill = (11,17,0,10,0,0,0,0,0,0,0,684,1200,824,50)
Skill = (12,0,2147483647,0,0,0,0,0,0,0,0,0,1000,2147483647,2147483647)
Skill = (13,29,0,10,0,0,0,0,0,0,0,1130,1100,1145,20)
Skill = (14,0,1200,0,0,0,0,0,0,0,0,0,0,0,0)
Skill = (15,0,2147483647,0,0,0,0,0,0,0,0,0,1000,2147483647,2147483647)
Skill = (16,0,2147483647,0,0,0,0,0,0,0,0,0,1000,2147483647,2147483647)
Skill = (17,0,2147483647,0,0,0,0,0,0,0,0,0,50,2147483647,2147483647)
Skill = (18,0,2147483647,0,0,0,0,0,0,0,0,0,1000,2147483647,2147483647)
Skill = (19,0,2147483647,0,0,0,0,0,0,0,0,0,1000,2147483647,2147483647)
Skill = (20,0,2147483647,0,0,0,0,0,0,0,0,0,1000,2147483647,2147483647)
Skill = (21,0,2147483647,0,0,0,0,0,0,0,0,0,1000,2147483647,2147483647)
Skill = (22,100,100,0,0,0,0,0,0,0,0,0,0,0,0)
Skill = (23,0,2147483647,0,0,0,0,0,0,0,0,0,1000,2147483647,2147483647)
Skill = (24,0,2147483647,0,0,0,0,0,0,0,0,0,1000,2147483647,2147483647)

Spells      = {1,2,3,6,8,10,11,20,29,30,42,44,51,76,79,81}
QuestValues = {(292,1)}
Murders     = {1125449600,1125449993,1126150978,1126333087,1126336486}
