ID              = 11605324
Name            = "Dared Xans"
Race            = 1
Profession      = 3
OriginalOutfit  = 130-0-0-114-114
CurrentOutfit   = 130-0-0-114-114
LastLogin       = 1132070810
LastLogout      = 1132071501
StartPosition   = [32360,31782,7]
CurrentPosition = [32334,31778,5]
PlayerkillerEnd = 0

Skill = (0,10,0,1,0,0,0,0,0,0,1,12165,0,13000,100)
Skill = (1,3,0,0,0,0,0,0,0,0,0,74,1100,92,20)
Skill = (2,195,195,0,0,0,0,0,0,0,5,0,0,0,0)
Skill = (3,2,70,0,0,0,0,0,0,0,30,0,0,0,0)
Skill = (4,79,79,0,0,0,0,0,0,0,1,0,0,0,0)
Skill = (5,490,490,0,0,0,0,0,0,0,10,0,0,0,0)
Skill = (6,18,0,10,0,0,0,0,0,0,0,5461,1500,7488,100)
Skill = (7,10,0,10,0,0,0,0,0,0,0,3,2000,30,30)
Skill = (8,16,0,10,0,0,0,0,0,0,0,4908,2000,6350,50)
Skill = (9,14,0,10,0,0,0,0,0,0,0,1201,2000,1550,50)
Skill = (10,10,0,10,0,0,0,0,0,0,0,0,2000,50,50)
Skill = (11,10,0,10,0,0,0,0,0,0,0,2,1500,50,50)
Skill = (12,0,2147483647,0,0,0,0,0,0,0,0,0,1000,2147483647,2147483647)
Skill = (13,10,0,10,0,0,0,0,0,0,0,0,1100,20,20)
Skill = (14,0,1200,0,0,0,0,0,0,0,0,0,0,0,0)
Skill = (15,0,2147483647,0,0,0,0,0,83,83,0,0,1000,2147483647,2147483647)
Skill = (16,0,2147483647,0,0,0,0,0,0,0,0,0,1000,2147483647,2147483647)
Skill = (17,0,2147483647,0,0,0,0,0,3,3,0,0,50,2147483647,2147483647)
Skill = (18,0,2147483647,0,0,0,0,0,0,0,0,0,1000,2147483647,2147483647)
Skill = (19,0,2147483647,0,0,0,0,0,0,0,0,0,1000,2147483647,2147483647)
Skill = (20,0,2147483647,0,0,0,0,0,0,0,0,0,1000,2147483647,2147483647)
Skill = (21,0,2147483647,0,0,0,0,0,0,0,0,0,1000,2147483647,2147483647)
Skill = (22,100,100,0,0,0,0,0,120,120,0,0,0,0,0)
Skill = (23,0,2147483647,0,0,0,0,0,0,0,0,0,1000,2147483647,2147483647)
Skill = (24,0,2147483647,0,0,0,0,0,0,0,0,0,1000,2147483647,2147483647)

Spells      = {8,10}
QuestValues = {(18,1),(32,1),(33,1),(59,1),(60,1),(125,1),(126,1)}
Murders     = {}
