ID              = 8323624
Name            = "Zerashiel"
Race            = 1
Profession      = 13
OriginalOutfit  = 134-97-96-115-59
CurrentOutfit   = 134-97-96-115-59
LastLogin       = 1131872995
LastLogout      = 1131873023
StartPosition   = [32957,32076,7]
CurrentPosition = [32345,32220,7]
PlayerkillerEnd = 0

Skill = (0,38,0,1,0,0,0,0,0,0,1,807213,0,847400,100)
Skill = (1,48,0,0,0,0,0,0,0,0,0,19675,1100,21143,20)
Skill = (2,335,335,0,0,0,0,0,0,0,5,0,0,0,0)
Skill = (3,321,935,0,0,0,0,0,0,0,30,0,0,0,0)
Skill = (4,107,107,0,0,0,0,0,10,10,1,0,0,0,0)
Skill = (5,770,770,0,0,0,0,0,0,0,10,0,0,0,0)
Skill = (6,25,0,10,0,0,0,0,0,0,0,103325,1500,131168,100)
Skill = (7,10,0,10,0,0,0,0,0,0,0,0,2000,30,30)
Skill = (8,10,0,10,0,0,0,0,0,0,0,17,2000,50,50)
Skill = (9,20,0,10,0,0,0,0,0,0,0,74688,2000,102350,50)
Skill = (10,10,0,10,0,0,0,0,0,0,0,0,2000,50,50)
Skill = (11,10,0,10,0,0,0,0,0,0,0,35,1500,50,50)
Skill = (12,0,2147483647,0,0,0,0,0,0,0,0,0,1000,2147483647,2147483647)
Skill = (13,43,0,10,0,0,0,0,0,0,0,4812,1100,4909,20)
Skill = (14,0,1200,0,0,0,270,0,0,0,0,0,0,0,0)
Skill = (15,0,2147483647,0,0,0,0,0,83,83,0,0,1000,2147483647,2147483647)
Skill = (16,0,2147483647,0,0,0,0,0,200,200,0,0,1000,2147483647,2147483647)
Skill = (17,0,2147483647,0,0,0,0,0,3,3,0,0,50,2147483647,2147483647)
Skill = (18,0,2147483647,0,0,0,0,0,8,8,0,0,1000,2147483647,2147483647)
Skill = (19,0,2147483647,0,0,0,0,0,10,10,0,0,1000,2147483647,2147483647)
Skill = (20,0,2147483647,0,0,0,0,0,0,0,0,0,1000,2147483647,2147483647)
Skill = (21,0,2147483647,0,0,0,0,0,200,200,0,0,1000,2147483647,2147483647)
Skill = (22,200,200,0,0,0,0,0,0,0,0,0,0,0,0)
Skill = (23,0,2147483647,0,0,0,0,0,0,0,0,0,1000,2147483647,2147483647)
Skill = (24,0,2147483647,0,0,0,0,0,0,0,0,0,1000,2147483647,2147483647)

Spells      = {1,2,3,6,8,9,10,13,16,17,18,20,21,25,29,30,39,44,45,55,76,78,81,86}
QuestValues = {(84,1),(85,1),(86,1),(87,1),(96,1),(97,1),(98,1),(115,1),(151,1),(152,1),(153,1),(190,1),(191,1),(226,1),(253,1),(257,1)}
Murders     = {}
