ID              = 9342624
Name            = "Dard Thorm"
Race            = 1
Profession      = 1
OriginalOutfit  = 129-115-86-127-86
CurrentOutfit   = 129-115-86-127-86
LastLogin       = 1126754013
LastLogout      = 1126754123
StartPosition   = [32360,31782,7]
CurrentPosition = [32332,31784,5]
PlayerkillerEnd = 0

Skill = (0,13,0,1,0,0,0,0,0,0,1,29015,0,29900,100)
Skill = (1,0,0,0,0,0,0,0,0,0,0,7,3000,20,20)
Skill = (2,220,220,0,0,0,0,0,0,0,15,0,0,0,0)
Skill = (3,22,60,0,0,0,0,0,0,0,5,0,0,0,0)
Skill = (4,82,82,0,0,0,0,0,0,0,1,0,0,0,0)
Skill = (5,535,535,0,0,0,0,0,0,0,25,0,0,0,0)
Skill = (6,28,0,10,0,0,0,0,0,0,0,4944,1100,5115,100)
Skill = (7,10,0,10,0,0,0,0,0,0,0,13,1400,30,30)
Skill = (8,30,0,10,0,0,0,0,0,0,0,3028,1100,3200,50)
Skill = (9,13,0,10,0,0,0,0,0,0,0,172,1100,232,50)
Skill = (10,10,0,10,0,0,0,0,0,0,0,0,1100,50,50)
Skill = (11,10,0,10,0,0,0,0,0,0,0,18,1100,50,50)
Skill = (12,0,2147483647,0,0,0,0,0,0,0,0,0,1000,2147483647,2147483647)
Skill = (13,19,0,10,0,0,0,0,0,0,0,271,1100,318,20)
Skill = (14,0,1200,0,0,0,120,0,0,0,0,0,0,0,0)
Skill = (15,0,2147483647,0,0,0,2,0,43,83,0,0,1000,2147483647,2147483647)
Skill = (16,0,2147483647,0,0,0,0,0,0,0,0,0,1000,2147483647,2147483647)
Skill = (17,0,2147483647,0,0,0,0,0,3,3,0,0,50,2147483647,2147483647)
Skill = (18,0,2147483647,0,0,0,0,0,8,8,0,0,1000,2147483647,2147483647)
Skill = (19,0,2147483647,0,0,0,0,0,0,0,0,0,1000,2147483647,2147483647)
Skill = (20,0,2147483647,0,0,0,0,0,0,0,0,0,1000,2147483647,2147483647)
Skill = (21,0,2147483647,0,0,0,0,0,0,0,0,0,1000,2147483647,2147483647)
Skill = (22,100,100,0,0,0,0,0,0,0,0,0,0,0,0)
Skill = (23,0,2147483647,0,0,0,0,0,0,0,0,0,1000,2147483647,2147483647)
Skill = (24,0,2147483647,0,0,0,0,0,0,0,0,0,1000,2147483647,2147483647)

Spells      = {10}
QuestValues = {(20,1),(21,1),(22,1),(23,1),(32,1),(33,1),(34,1),(35,1),(58,1),(59,1),(60,1),(61,1)}
Murders     = {}
