ID              = 9611824
Name            = "Zharius Thil Gasolina"
Race            = 1
Profession      = 13
OriginalOutfit  = 134-79-114-95-126
CurrentOutfit   = 134-79-114-95-126
LastLogin       = 1132109947
LastLogout      = 1132109965
StartPosition   = [32369,32241,7]
CurrentPosition = [32414,32236,5]
PlayerkillerEnd = 0

Skill = (0,21,0,1,0,0,0,0,0,0,1,126561,0,135100,100)
Skill = (1,32,0,0,0,0,0,0,0,0,0,4074,1100,4445,20)
Skill = (2,250,250,0,0,0,0,0,0,0,5,0,0,0,0)
Skill = (3,49,425,0,0,0,0,0,0,0,30,0,0,0,0)
Skill = (4,90,90,0,0,0,0,0,0,0,1,0,0,0,0)
Skill = (5,600,600,0,0,0,0,0,0,0,10,0,0,0,0)
Skill = (6,21,0,10,0,0,0,0,0,0,0,21210,1500,25749,100)
Skill = (7,10,0,10,0,0,0,0,0,0,0,14,2000,30,30)
Skill = (8,18,0,10,0,0,0,0,0,0,0,14591,2000,25550,50)
Skill = (9,11,0,10,0,0,0,0,0,0,0,116,2000,150,50)
Skill = (10,10,0,10,0,0,0,0,0,0,0,14,2000,50,50)
Skill = (11,14,0,10,0,0,0,0,0,0,0,419,1500,659,50)
Skill = (12,0,2147483647,0,0,0,0,0,0,0,0,0,1000,2147483647,2147483647)
Skill = (13,16,0,10,0,0,0,0,0,0,0,173,1100,189,20)
Skill = (14,0,1200,0,0,0,1054,0,0,0,0,0,0,0,0)
Skill = (15,0,2147483647,0,0,0,0,0,0,0,0,0,1000,2147483647,2147483647)
Skill = (16,0,2147483647,0,0,0,0,0,0,0,0,0,1000,2147483647,2147483647)
Skill = (17,0,2147483647,0,0,0,0,0,0,0,0,0,50,2147483647,2147483647)
Skill = (18,0,2147483647,0,0,0,0,0,8,8,0,0,1000,2147483647,2147483647)
Skill = (19,0,2147483647,0,0,0,0,0,0,0,0,0,1000,2147483647,2147483647)
Skill = (20,0,2147483647,0,0,0,0,0,0,0,0,0,1000,2147483647,2147483647)
Skill = (21,0,2147483647,0,0,0,0,0,0,0,0,0,1000,2147483647,2147483647)
Skill = (22,154,200,0,0,0,0,0,0,0,0,0,0,0,0)
Skill = (23,0,2147483647,0,0,0,0,0,0,0,0,0,1000,2147483647,2147483647)
Skill = (24,0,2147483647,0,0,0,0,0,0,0,0,0,1000,2147483647,2147483647)

Spells      = {2,3,7,8,9,10,15,16,17,18,20,21,25,26,29,30,38,39,45,55,81,89}
QuestValues = {(22,1),(23,1),(24,1),(27,1),(32,1),(33,1),(34,1),(37,1),(93,1),(94,1),(95,1),(96,1),(97,1),(98,1),(99,1),(100,1),(106,1),(107,1),(109,1),(111,1),(112,1),(190,1),(191,1),(254,1),(257,1)}
Murders     = {}
