ID              = 9803124
Name            = "Culcan"
Race            = 1
Profession      = 2
OriginalOutfit  = 129-0-114-131-114
CurrentOutfit   = 129-0-114-131-114
LastLogin       = 1123805732
LastLogout      = 1123806990
StartPosition   = [32360,31782,7]
CurrentPosition = [32343,32226,7]
PlayerkillerEnd = 0

Skill = (0,20,0,1,0,0,0,0,0,0,1,111817,0,116000,100)
Skill = (1,9,0,0,0,0,0,0,0,0,0,1308,1400,1396,20)
Skill = (2,256,305,0,0,0,0,0,0,0,10,0,0,0,0)
Skill = (3,164,215,0,0,0,0,0,0,0,15,0,0,0,0)
Skill = (4,89,89,0,0,0,0,0,0,0,1,0,0,0,0)
Skill = (5,710,710,0,0,0,0,0,0,0,20,0,0,0,0)
Skill = (6,51,0,10,0,0,0,0,0,0,0,49249,1100,53763,100)
Skill = (7,62,0,10,0,0,0,0,0,0,0,45003,1100,46574,30)
Skill = (8,15,0,10,0,0,0,0,0,0,0,437,1200,496,50)
Skill = (9,10,0,10,0,0,0,0,0,0,0,24,1200,50,50)
Skill = (10,10,0,10,0,0,0,0,0,0,0,0,1200,50,50)
Skill = (11,21,0,10,0,0,0,0,0,0,0,1688,1200,1979,50)
Skill = (12,0,2147483647,0,0,0,0,0,0,0,0,0,1000,2147483647,2147483647)
Skill = (13,48,0,10,0,0,0,0,0,0,0,7372,1100,8028,20)
Skill = (14,0,1200,0,0,0,0,0,0,0,0,0,0,0,0)
Skill = (15,0,2147483647,0,0,0,0,0,83,83,0,0,1000,2147483647,2147483647)
Skill = (16,0,2147483647,0,0,0,0,0,0,0,0,0,1000,2147483647,2147483647)
Skill = (17,0,2147483647,0,0,0,0,0,3,3,0,0,50,2147483647,2147483647)
Skill = (18,0,2147483647,0,0,0,0,0,8,8,0,0,1000,2147483647,2147483647)
Skill = (19,0,2147483647,0,0,0,0,0,0,0,0,0,1000,2147483647,2147483647)
Skill = (20,0,2147483647,0,0,0,0,0,0,0,0,0,1000,2147483647,2147483647)
Skill = (21,0,2147483647,0,0,0,0,0,0,0,0,0,1000,2147483647,2147483647)
Skill = (22,100,100,0,0,0,0,0,120,120,0,0,0,0,0)
Skill = (23,0,2147483647,0,0,0,0,0,0,0,0,0,1000,2147483647,2147483647)
Skill = (24,0,2147483647,0,0,0,0,0,0,0,0,0,1000,2147483647,2147483647)

Spells      = {1,2,3,8,10,29,30,42,51}
QuestValues = {(20,1),(59,1),(60,1),(61,1),(190,1),(191,1)}
Murders     = {}
