ID              = 10249278
Name            = "Amigo Do Japonildo"
Race            = 1
Profession      = 1
OriginalOutfit  = 128-77-114-114-114
CurrentOutfit   = 128-77-114-114-114
LastLogin       = 1131917481
LastLogout      = 1131917783
StartPosition   = [32360,31782,7]
CurrentPosition = [32340,31795,7]
PlayerkillerEnd = 0

Skill = (0,11,0,1,0,0,0,0,0,0,1,17010,0,17600,100)
Skill = (1,2,0,0,0,0,0,0,0,0,0,89,3000,260,20)
Skill = (2,122,230,0,0,0,0,0,0,0,15,0,0,0,0)
Skill = (3,12,50,0,0,0,0,0,0,0,5,0,0,0,0)
Skill = (4,80,80,0,0,0,0,0,0,0,1,0,0,0,0)
Skill = (5,545,545,0,0,0,0,0,0,0,25,0,0,0,0)
Skill = (6,31,0,10,0,0,0,0,0,0,0,7114,1100,7140,100)
Skill = (7,10,0,10,0,0,0,0,0,0,0,15,1400,30,30)
Skill = (8,14,0,10,0,0,0,0,0,0,0,287,1100,305,50)
Skill = (9,34,0,10,0,0,0,0,0,0,0,4507,1100,4917,50)
Skill = (10,12,0,10,0,0,0,0,0,0,0,145,1100,165,50)
Skill = (11,11,0,10,0,0,0,0,0,0,0,91,1100,105,50)
Skill = (12,0,2147483647,0,0,0,0,0,0,0,0,0,1000,2147483647,2147483647)
Skill = (13,10,0,10,0,0,0,0,0,0,0,16,1100,20,20)
Skill = (14,0,1200,0,0,0,968,0,0,0,0,0,0,0,0)
Skill = (15,0,2147483647,0,0,0,0,0,0,0,0,0,1000,2147483647,2147483647)
Skill = (16,0,2147483647,0,0,0,0,0,0,0,0,0,1000,2147483647,2147483647)
Skill = (17,0,2147483647,0,0,0,0,0,0,0,0,0,50,2147483647,2147483647)
Skill = (18,0,2147483647,0,0,0,0,0,0,0,0,0,1000,2147483647,2147483647)
Skill = (19,0,2147483647,0,0,0,0,0,0,0,0,0,1000,2147483647,2147483647)
Skill = (20,0,2147483647,0,0,0,0,0,0,0,0,0,1000,2147483647,2147483647)
Skill = (21,0,2147483647,0,0,0,0,0,0,0,0,0,1000,2147483647,2147483647)
Skill = (22,100,100,0,0,0,1,0,60,120,0,0,0,0,0)
Skill = (23,0,2147483647,0,0,0,0,0,0,0,0,0,1000,2147483647,2147483647)
Skill = (24,0,2147483647,0,0,0,0,0,0,0,0,0,1000,2147483647,2147483647)

Spells      = {1,10}
QuestValues = {(21,1),(22,1),(23,1),(32,1),(35,1)}
Murders     = {}
