ID              = 10639978
Name            = "Lalo Garner"
Race            = 1
Profession      = 1
OriginalOutfit  = 134-114-114-114-114
CurrentOutfit   = 134-114-114-114-114
LastLogin       = 1132124303
LastLogout      = 1132124343
StartPosition   = [32369,32241,7]
CurrentPosition = [32340,31784,7]
PlayerkillerEnd = 0

Skill = (0,16,0,1,0,0,0,0,0,0,1,53361,0,57600,100)
Skill = (1,2,0,0,0,0,0,0,0,0,0,135,3000,260,20)
Skill = (2,256,305,0,0,0,0,0,0,0,15,0,0,0,0)
Skill = (3,75,75,0,0,0,0,0,0,0,5,0,0,0,0)
Skill = (4,85,85,0,0,0,0,0,0,0,1,0,0,0,0)
Skill = (5,670,670,0,0,0,0,0,0,0,25,0,0,0,0)
Skill = (6,29,0,10,0,0,0,0,0,0,0,5315,1100,5727,100)
Skill = (7,10,0,10,0,0,0,0,0,0,0,0,1400,30,30)
Skill = (8,33,0,10,0,0,0,0,0,0,0,4140,1100,4424,50)
Skill = (9,13,0,10,0,0,0,0,0,0,0,227,1100,232,50)
Skill = (10,10,0,10,0,0,0,0,0,0,0,0,1100,50,50)
Skill = (11,10,0,10,0,0,0,0,0,0,0,8,1100,50,50)
Skill = (12,0,2147483647,0,0,0,0,0,0,0,0,0,1000,2147483647,2147483647)
Skill = (13,10,0,10,0,0,0,0,0,0,0,0,1100,20,20)
Skill = (14,0,1200,0,0,0,0,0,0,0,0,0,0,0,0)
Skill = (15,0,2147483647,0,0,0,0,0,0,0,0,0,1000,2147483647,2147483647)
Skill = (16,0,2147483647,0,0,0,0,0,0,0,0,0,1000,2147483647,2147483647)
Skill = (17,0,2147483647,0,0,0,0,0,3,3,0,0,50,2147483647,2147483647)
Skill = (18,0,2147483647,0,0,0,0,0,0,0,0,0,1000,2147483647,2147483647)
Skill = (19,0,2147483647,0,0,0,0,0,0,0,0,0,1000,2147483647,2147483647)
Skill = (20,0,2147483647,0,0,0,0,0,0,0,0,0,1000,2147483647,2147483647)
Skill = (21,0,2147483647,0,0,0,0,0,0,0,0,0,1000,2147483647,2147483647)
Skill = (22,100,100,0,0,0,0,0,0,0,0,0,0,0,0)
Skill = (23,0,2147483647,0,0,0,0,0,0,0,0,0,1000,2147483647,2147483647)
Skill = (24,0,2147483647,0,0,0,0,0,0,0,0,0,1000,2147483647,2147483647)

Spells      = {1,10,20}
QuestValues = {(224,1)}
Murders     = {}
