ID              = 8762278
Name            = "Henthor"
Race            = 1
Profession      = 4
OriginalOutfit  = 130-114-88-0-88
CurrentOutfit   = 130-114-88-0-88
LastLogin       = 1131601907
LastLogout      = 1131601971
StartPosition   = [32957,32076,7]
CurrentPosition = [32928,32072,7]
PlayerkillerEnd = 0

Skill = (0,30,0,1,0,0,0,0,0,0,1,406732,0,409000,100)
Skill = (1,34,0,0,0,0,0,0,0,0,0,5068,1100,5420,20)
Skill = (2,286,295,0,0,0,0,0,0,0,5,0,0,0,0)
Skill = (3,20,695,0,0,0,0,0,0,0,30,0,0,0,0)
Skill = (4,99,99,0,0,0,0,0,0,0,1,0,0,0,0)
Skill = (5,690,690,0,0,0,0,0,0,0,10,0,0,0,0)
Skill = (6,24,0,10,0,0,0,0,0,0,0,82352,1500,87378,100)
Skill = (7,10,0,10,0,0,0,0,0,0,0,4,1800,30,30)
Skill = (8,10,0,10,0,0,0,0,0,0,0,0,1800,50,50)
Skill = (9,21,0,10,0,0,0,0,0,0,0,55338,1800,72239,50)
Skill = (10,10,0,10,0,0,0,0,0,0,0,0,1800,50,50)
Skill = (11,10,0,10,0,0,0,0,0,0,0,43,1500,50,50)
Skill = (12,0,2147483647,0,0,0,0,0,0,0,0,0,1000,2147483647,2147483647)
Skill = (13,47,0,10,0,0,0,0,0,0,0,6668,1100,7280,20)
Skill = (14,0,1200,0,0,0,912,0,0,0,0,0,0,0,0)
Skill = (15,0,2147483647,0,0,0,0,0,83,83,0,0,1000,2147483647,2147483647)
Skill = (16,0,2147483647,0,0,0,0,0,0,0,0,0,1000,2147483647,2147483647)
Skill = (17,0,2147483647,0,0,0,0,0,3,3,0,0,50,2147483647,2147483647)
Skill = (18,0,2147483647,0,0,0,0,0,8,8,0,0,1000,2147483647,2147483647)
Skill = (19,0,2147483647,0,0,0,0,0,10,10,0,0,1000,2147483647,2147483647)
Skill = (20,0,2147483647,0,0,0,0,0,0,0,0,0,1000,2147483647,2147483647)
Skill = (21,0,2147483647,0,0,0,0,0,200,200,0,0,1000,2147483647,2147483647)
Skill = (22,37,100,0,0,0,0,0,120,120,0,0,0,0,0)
Skill = (23,0,2147483647,0,0,0,0,0,0,0,0,0,1000,2147483647,2147483647)
Skill = (24,0,2147483647,0,0,0,0,0,0,0,0,0,1000,2147483647,2147483647)

Spells      = {1,2,3,4,5,8,9,10,12,15,16,17,18,20,30,31,42,44,45}
QuestValues = {(20,1),(21,1),(22,1),(23,1),(27,1),(52,1),(53,1),(54,1),(96,1),(97,1),(98,1),(99,1),(113,1),(114,1),(190,1),(191,1)}
Murders     = {}
