ID              = 9309178
Name            = "Kurt-kubein"
Race            = 1
Profession      = 1
OriginalOutfit  = 128-115-16-114-114
CurrentOutfit   = 128-115-16-114-114
LastLogin       = 1132109146
LastLogout      = 1132112336
StartPosition   = [32360,31782,7]
CurrentPosition = [32465,31971,7]
PlayerkillerEnd = 0

Skill = (0,45,0,1,0,0,0,0,0,0,1,1354531,0,1423500,100)
Skill = (1,5,0,0,0,0,0,0,0,0,0,4088,3000,7280,20)
Skill = (2,672,740,0,0,0,0,0,0,0,15,0,0,0,0)
Skill = (3,22,220,0,0,0,0,0,0,0,5,0,0,0,0)
Skill = (4,114,114,0,0,0,0,0,0,0,1,0,0,0,0)
Skill = (5,1395,1395,0,0,0,0,0,0,0,25,0,0,0,0)
Skill = (6,68,0,10,0,0,0,0,0,0,0,260683,1100,275801,100)
Skill = (7,10,0,10,0,0,0,0,0,0,0,0,1400,30,30)
Skill = (8,70,0,10,0,0,0,0,0,0,0,157600,1100,166964,50)
Skill = (9,11,0,10,0,0,0,0,0,0,0,65,1100,105,50)
Skill = (10,10,0,10,0,0,0,0,0,0,0,0,1100,50,50)
Skill = (11,11,0,10,0,0,0,0,0,0,0,63,1100,105,50)
Skill = (12,0,2147483647,0,0,0,0,0,0,0,0,0,1000,2147483647,2147483647)
Skill = (13,50,0,10,0,0,0,0,0,0,0,9029,1100,9757,20)
Skill = (14,0,1200,0,0,0,1060,0,0,0,0,0,0,0,0)
Skill = (15,0,2147483647,0,0,0,0,0,83,83,0,0,1000,2147483647,2147483647)
Skill = (16,0,2147483647,0,0,0,0,0,0,0,0,0,1000,2147483647,2147483647)
Skill = (17,0,2147483647,0,0,0,0,0,0,0,0,0,50,2147483647,2147483647)
Skill = (18,0,2147483647,0,0,0,0,0,8,8,0,0,1000,2147483647,2147483647)
Skill = (19,0,2147483647,0,0,0,0,0,0,0,0,0,1000,2147483647,2147483647)
Skill = (20,0,2147483647,0,0,0,0,0,0,0,0,0,1000,2147483647,2147483647)
Skill = (21,0,2147483647,0,0,0,0,0,0,0,0,0,1000,2147483647,2147483647)
Skill = (22,100,100,0,0,0,1,0,101,120,0,0,0,0,0)
Skill = (23,0,2147483647,0,0,0,0,0,0,0,0,0,1000,2147483647,2147483647)
Skill = (24,0,2147483647,0,0,0,0,0,0,0,0,0,1000,2147483647,2147483647)

Spells      = {1,10,20,29}
QuestValues = {(21,1),(22,1),(23,1),(59,1),(72,1),(73,1),(74,1),(75,1),(76,1),(77,1),(78,1),(88,1),(89,1),(90,1),(91,1),(92,1),(96,1),(97,1),(113,1),(114,1),(115,1),(125,1),(126,1),(130,1),(131,1),(132,1),(133,1),(137,1),(140,1),(141,1),(151,1),(152,1),(190,1),(191,1),(200,1),(201,1),(202,1),(209,1)}
Murders     = {}
