ID              = 10030015
Name            = "Lady Minette"
Race            = 1
Profession      = 4
OriginalOutfit  = 137-116-0-11-0
CurrentOutfit   = 137-116-0-11-0
LastLogin       = 1128267370
LastLogout      = 1128267439
StartPosition   = [32732,31634,7]
CurrentPosition = [32682,31689,7]
PlayerkillerEnd = 0

Skill = (0,13,0,1,0,0,0,0,0,0,1,25227,0,29900,100)
Skill = (1,20,0,0,0,0,0,0,0,0,0,1209,1100,1280,20)
Skill = (2,210,210,0,0,0,0,0,0,0,5,0,0,0,0)
Skill = (3,10,185,0,0,0,0,0,0,0,30,0,0,0,0)
Skill = (4,82,82,0,0,0,0,0,0,0,1,0,0,0,0)
Skill = (5,520,520,0,0,0,0,0,0,0,10,0,0,0,0)
Skill = (6,20,0,10,0,0,0,0,0,0,0,14792,1500,17099,100)
Skill = (7,10,0,10,0,0,0,0,0,0,0,0,1800,30,30)
Skill = (8,19,0,10,0,0,0,0,0,0,0,12474,1800,22252,50)
Skill = (9,11,0,10,0,0,0,0,0,0,0,115,1800,140,50)
Skill = (10,10,0,10,0,0,0,0,0,0,0,0,1800,50,50)
Skill = (11,10,0,10,0,0,0,0,0,0,0,1,1500,50,50)
Skill = (12,0,2147483647,0,0,0,0,0,0,0,0,0,1000,2147483647,2147483647)
Skill = (13,34,0,10,0,0,0,0,0,0,0,1800,1100,1966,20)
Skill = (14,0,1200,0,0,0,0,0,0,0,0,0,0,0,0)
Skill = (15,0,2147483647,0,0,0,0,0,83,83,0,0,1000,2147483647,2147483647)
Skill = (16,0,2147483647,0,0,0,0,0,0,0,0,0,1000,2147483647,2147483647)
Skill = (17,0,2147483647,0,0,0,0,0,3,3,0,0,50,2147483647,2147483647)
Skill = (18,0,2147483647,0,0,0,0,0,0,0,0,0,1000,2147483647,2147483647)
Skill = (19,0,2147483647,0,0,0,0,0,0,0,0,0,1000,2147483647,2147483647)
Skill = (20,0,2147483647,0,0,0,0,0,0,0,0,0,1000,2147483647,2147483647)
Skill = (21,0,2147483647,0,0,0,0,0,0,0,0,0,1000,2147483647,2147483647)
Skill = (22,0,100,0,0,0,0,0,120,120,0,0,0,0,0)
Skill = (23,0,2147483647,0,0,0,0,0,0,0,0,0,1000,2147483647,2147483647)
Skill = (24,0,2147483647,0,0,0,0,0,0,0,0,0,1000,2147483647,2147483647)

Spells      = {2,4,5,8,10,42}
QuestValues = {(35,1),(223,1)}
Murders     = {}
