ID              = 10391015
Name            = "Kero Roith"
Race            = 1
Profession      = 1
OriginalOutfit  = 128-114-114-114-95
CurrentOutfit   = 128-114-114-114-95
LastLogin       = 1126818623
LastLogout      = 1126819061
StartPosition   = [32360,31782,7]
CurrentPosition = [32763,32292,7]
PlayerkillerEnd = 0

Skill = (0,9,0,1,0,0,0,0,0,0,1,7157,0,9300,100)
Skill = (1,1,0,0,0,0,0,0,0,0,0,43,3000,80,20)
Skill = (2,0,200,0,0,0,0,0,0,0,15,0,0,0,0)
Skill = (3,19,40,0,0,0,0,0,0,0,5,0,0,0,0)
Skill = (4,78,78,0,0,0,0,0,0,0,1,0,0,0,0)
Skill = (5,495,495,0,0,0,0,0,0,0,25,0,0,0,0)
Skill = (6,28,0,10,0,0,0,0,0,0,0,4751,1100,5115,100)
Skill = (7,10,0,10,0,0,0,0,0,0,0,0,1400,30,30)
Skill = (8,25,0,10,0,0,0,0,0,0,0,1647,1100,1797,50)
Skill = (9,23,0,10,0,0,0,0,0,0,0,1343,1100,1398,50)
Skill = (10,10,0,10,0,0,0,0,0,0,0,0,1100,50,50)
Skill = (11,10,0,10,0,0,0,0,0,0,0,21,1100,50,50)
Skill = (12,0,2147483647,0,0,0,0,0,0,0,0,0,1000,2147483647,2147483647)
Skill = (13,11,0,10,0,0,0,0,0,0,0,38,1100,42,20)
Skill = (14,0,1200,0,0,0,1024,0,0,0,0,0,0,0,0)
Skill = (15,0,2147483647,0,0,0,0,0,0,0,0,0,1000,2147483647,2147483647)
Skill = (16,0,2147483647,0,0,0,0,0,0,0,0,0,1000,2147483647,2147483647)
Skill = (17,0,2147483647,0,0,0,0,0,0,0,0,0,50,2147483647,2147483647)
Skill = (18,0,2147483647,0,0,0,0,0,1,1,0,0,1000,2147483647,2147483647)
Skill = (19,0,2147483647,0,0,0,0,0,0,0,0,0,1000,2147483647,2147483647)
Skill = (20,0,2147483647,0,0,0,0,0,0,0,0,0,1000,2147483647,2147483647)
Skill = (21,0,2147483647,0,0,0,0,0,0,0,0,0,1000,2147483647,2147483647)
Skill = (22,100,100,0,0,0,0,0,120,120,0,0,0,0,0)
Skill = (23,0,2147483647,0,0,0,0,0,0,0,0,0,1000,2147483647,2147483647)
Skill = (24,0,2147483647,0,0,0,0,0,0,0,0,0,1000,2147483647,2147483647)

Spells      = {1,10}
QuestValues = {(20,1),(21,1),(22,1),(23,1),(24,1),(28,1),(29,1),(30,1),(32,1),(33,1),(34,1),(59,1),(125,1),(126,1)}
Murders     = {}
