ID              = 7951115
Name            = "Taxista Tailsweet"
Race            = 1
Profession      = 2
OriginalOutfit  = 129-114-114-114-114
CurrentOutfit   = 129-114-114-114-114
LastLogin       = 1117125153
LastLogout      = 1117125157
StartPosition   = [32360,31782,7]
CurrentPosition = [32360,31782,7]
PlayerkillerEnd = 1118702312

Skill = (0,13,0,1,0,0,0,0,0,0,1,23312,0,29900,100)
Skill = (1,6,0,0,0,0,0,0,0,0,0,329,1400,477,20)
Skill = (2,235,235,0,0,0,0,0,0,0,10,0,0,0,0)
Skill = (3,110,110,0,0,0,0,0,0,0,15,0,0,0,0)
Skill = (4,82,82,0,0,0,0,0,0,0,1,0,0,0,0)
Skill = (5,570,570,0,0,0,0,0,0,0,20,0,0,0,0)
Skill = (6,36,0,10,0,0,0,0,0,0,0,10965,1100,12109,100)
Skill = (7,43,0,10,0,0,0,0,0,0,0,7094,1100,7364,30)
Skill = (8,10,0,10,0,0,0,0,0,0,0,18,1200,50,50)
Skill = (9,11,0,10,0,0,0,0,0,0,0,72,1200,109,50)
Skill = (10,10,0,10,0,0,0,0,0,0,0,2,1200,50,50)
Skill = (11,22,0,10,0,0,0,0,0,0,0,2325,1200,2424,50)
Skill = (12,0,2147483647,0,0,0,0,0,0,0,0,0,1000,2147483647,2147483647)
Skill = (13,24,0,10,0,0,0,0,0,0,0,624,1100,635,20)
Skill = (14,0,1200,0,0,0,0,0,0,0,0,0,0,0,0)
Skill = (15,0,2147483647,0,0,0,0,0,0,0,0,0,1000,2147483647,2147483647)
Skill = (16,0,2147483647,0,0,0,0,0,0,0,0,0,1000,2147483647,2147483647)
Skill = (17,0,2147483647,0,0,0,0,0,0,0,0,0,50,2147483647,2147483647)
Skill = (18,0,2147483647,0,0,0,0,0,0,0,0,0,1000,2147483647,2147483647)
Skill = (19,0,2147483647,0,0,0,0,0,0,0,0,0,1000,2147483647,2147483647)
Skill = (20,0,2147483647,0,0,0,0,0,0,0,0,0,1000,2147483647,2147483647)
Skill = (21,0,2147483647,0,0,0,0,0,0,0,0,0,1000,2147483647,2147483647)
Skill = (22,200,200,0,0,0,0,0,0,0,0,0,0,0,0)
Skill = (23,0,2147483647,0,0,0,0,0,0,0,0,0,1000,2147483647,2147483647)
Skill = (24,0,2147483647,0,0,0,0,0,0,0,0,0,1000,2147483647,2147483647)

Spells      = {1,2,8,29,42}
QuestValues = {(14,1),(15,1),(20,1),(21,1),(22,1),(23,1),(61,1),(93,1),(94,1),(113,1),(114,1),(115,1),(138,1),(139,1),(223,1),(224,1),(254,1)}
Murders     = {}
