ID              = 8436415
Name            = "Azux Sarix Con"
Race            = 1
Profession      = 1
OriginalOutfit  = 130-57-25-20-19
CurrentOutfit   = 130-57-25-20-19
LastLogin       = 1129886048
LastLogout      = 1129887679
StartPosition   = [32732,31634,7]
CurrentPosition = [32238,31730,7]
PlayerkillerEnd = 0

Skill = (0,13,0,1,0,0,0,0,0,0,1,26570,0,29900,100)
Skill = (1,2,0,0,0,0,0,0,0,0,0,108,3000,260,20)
Skill = (2,260,260,0,0,0,0,0,0,0,15,0,0,0,0)
Skill = (3,60,60,0,0,0,0,0,0,0,5,0,0,0,0)
Skill = (4,82,82,0,0,0,0,0,0,0,1,0,0,0,0)
Skill = (5,595,595,0,0,0,0,0,0,0,25,0,0,0,0)
Skill = (6,33,0,10,0,0,0,0,0,0,0,8801,1100,8849,100)
Skill = (7,10,0,10,0,0,0,0,0,0,0,0,1400,30,30)
Skill = (8,37,0,10,0,0,0,0,0,0,0,6635,1100,6710,50)
Skill = (9,13,0,10,0,0,0,0,0,0,0,183,1100,232,50)
Skill = (10,10,0,10,0,0,0,0,0,0,0,3,1100,50,50)
Skill = (11,11,0,10,0,0,0,0,0,0,0,93,1100,105,50)
Skill = (12,0,2147483647,0,0,0,0,0,0,0,0,0,1000,2147483647,2147483647)
Skill = (13,15,0,10,0,0,0,0,0,0,0,127,1100,154,20)
Skill = (14,0,1200,0,0,0,279,0,0,0,0,0,0,0,0)
Skill = (15,0,2147483647,0,0,0,0,0,83,83,0,0,1000,2147483647,2147483647)
Skill = (16,0,2147483647,0,0,0,0,0,0,0,0,0,1000,2147483647,2147483647)
Skill = (17,0,2147483647,0,0,0,0,0,0,0,0,0,50,2147483647,2147483647)
Skill = (18,0,2147483647,0,0,0,0,0,0,0,0,0,1000,2147483647,2147483647)
Skill = (19,0,2147483647,0,0,0,0,0,10,10,0,0,1000,2147483647,2147483647)
Skill = (20,0,2147483647,0,0,0,0,0,0,0,0,0,1000,2147483647,2147483647)
Skill = (21,0,2147483647,0,0,0,0,0,0,0,0,0,1000,2147483647,2147483647)
Skill = (22,100,100,0,0,0,1,0,42,120,0,0,0,0,0)
Skill = (23,0,2147483647,0,0,0,0,0,0,0,0,0,1000,2147483647,2147483647)
Skill = (24,0,2147483647,0,0,0,0,0,0,0,0,0,1000,2147483647,2147483647)

Spells      = {1,10,29}
QuestValues = {(17,1),(18,1),(59,1),(60,1),(61,1),(125,1),(126,1),(223,1),(224,1)}
Murders     = {}
