ID              = 8676515
Name            = "Exan Kur"
Race            = 1
Profession      = 3
OriginalOutfit  = 128-114-77-48-0
CurrentOutfit   = 128-114-77-48-0
LastLogin       = 1132135866
LastLogout      = 1132135881
StartPosition   = [32360,31782,7]
CurrentPosition = [32332,31778,6]
PlayerkillerEnd = 0

Skill = (0,14,0,1,0,0,0,0,0,0,1,32250,0,37800,100)
Skill = (1,21,0,0,0,0,0,0,0,0,0,1294,1100,1428,20)
Skill = (2,103,215,0,0,0,0,0,0,0,5,0,0,0,0)
Skill = (3,12,215,0,0,0,0,0,0,0,30,0,0,0,0)
Skill = (4,83,83,0,0,0,0,0,0,0,1,0,0,0,0)
Skill = (5,530,530,0,0,0,0,0,0,0,10,0,0,0,0)
Skill = (6,18,0,10,0,0,0,0,0,0,0,5882,1500,7488,100)
Skill = (7,11,0,10,0,0,0,0,0,0,0,77,2000,90,30)
Skill = (8,10,0,10,0,0,0,0,0,0,0,0,2000,50,50)
Skill = (9,16,0,10,0,0,0,0,0,0,0,4989,2000,6350,50)
Skill = (10,10,0,10,0,0,0,0,0,0,0,0,2000,50,50)
Skill = (11,10,0,10,0,0,0,0,0,0,0,4,1500,50,50)
Skill = (12,0,2147483647,0,0,0,0,0,0,0,0,0,1000,2147483647,2147483647)
Skill = (13,38,0,10,0,0,0,0,0,0,0,2971,1100,2972,20)
Skill = (14,0,1200,0,0,0,0,0,0,0,0,0,0,0,0)
Skill = (15,0,2147483647,0,0,0,0,0,83,83,0,0,1000,2147483647,2147483647)
Skill = (16,0,2147483647,0,0,0,0,0,0,0,0,0,1000,2147483647,2147483647)
Skill = (17,0,2147483647,0,0,0,0,0,3,3,0,0,50,2147483647,2147483647)
Skill = (18,0,2147483647,0,0,0,0,0,8,8,0,0,1000,2147483647,2147483647)
Skill = (19,0,2147483647,0,0,0,0,0,0,0,0,0,1000,2147483647,2147483647)
Skill = (20,0,2147483647,0,0,0,0,0,0,0,0,0,1000,2147483647,2147483647)
Skill = (21,0,2147483647,0,0,0,0,0,0,0,0,0,1000,2147483647,2147483647)
Skill = (22,2,100,0,0,0,0,0,120,120,0,0,0,0,0)
Skill = (23,0,2147483647,0,0,0,0,0,0,0,0,0,1000,2147483647,2147483647)
Skill = (24,0,2147483647,0,0,0,0,0,0,0,0,0,1000,2147483647,2147483647)

Spells      = {1,8,10,16,18,25}
QuestValues = {(17,1),(18,1),(19,1),(20,1),(21,1),(22,1),(23,1),(27,1),(58,1),(59,1),(61,1)}
Murders     = {}
