ID              = 9310315
Name            = "Beny sider"
Race            = 1
Profession      = 1
OriginalOutfit  = 129-114-92-92-92
CurrentOutfit   = 129-114-92-92-92
LastLogin       = 1132086671
LastLogout      = 1132094896
StartPosition   = [32369,32241,7]
CurrentPosition = [32352,32226,7]
PlayerkillerEnd = 0

Skill = (0,27,0,1,0,0,0,0,0,0,1,285942,0,295200,100)
Skill = (1,4,0,0,0,0,0,0,0,0,0,977,3000,2420,20)
Skill = (2,470,470,0,0,0,0,0,0,0,15,0,0,0,0)
Skill = (3,63,130,0,0,0,0,0,0,0,5,0,0,0,0)
Skill = (4,96,96,0,0,0,0,0,0,0,1,0,0,0,0)
Skill = (5,945,945,0,0,0,0,0,0,0,25,0,0,0,0)
Skill = (6,51,0,10,0,0,0,0,0,0,0,51020,1100,53763,100)
Skill = (7,10,0,10,0,0,0,0,0,0,0,2,1400,30,30)
Skill = (8,10,0,10,0,0,0,0,0,0,0,45,1100,50,50)
Skill = (9,55,0,10,0,0,0,0,0,0,0,36267,1100,39589,50)
Skill = (10,10,0,10,0,0,0,0,0,0,0,0,1100,50,50)
Skill = (11,13,0,10,0,0,0,0,0,0,0,212,1100,232,50)
Skill = (12,0,2147483647,0,0,0,0,0,0,0,0,0,1000,2147483647,2147483647)
Skill = (13,38,0,10,0,0,0,0,0,0,0,2713,1100,2972,20)
Skill = (14,0,1200,0,0,0,0,0,0,0,0,0,0,0,0)
Skill = (15,0,2147483647,0,0,0,0,0,0,0,0,0,1000,2147483647,2147483647)
Skill = (16,0,2147483647,0,0,0,0,0,0,0,0,0,1000,2147483647,2147483647)
Skill = (17,0,2147483647,0,0,0,0,0,0,0,0,0,50,2147483647,2147483647)
Skill = (18,0,2147483647,0,0,0,0,0,8,8,0,0,1000,2147483647,2147483647)
Skill = (19,0,2147483647,0,0,0,0,0,10,10,0,0,1000,2147483647,2147483647)
Skill = (20,0,2147483647,0,0,0,0,0,120,120,0,0,1000,2147483647,2147483647)
Skill = (21,0,2147483647,0,0,0,0,0,0,0,0,0,1000,2147483647,2147483647)
Skill = (22,100,100,0,0,0,0,0,120,120,0,0,0,0,0)
Skill = (23,0,2147483647,0,0,0,0,0,0,0,0,0,1000,2147483647,2147483647)
Skill = (24,0,2147483647,0,0,0,0,0,0,0,0,0,1000,2147483647,2147483647)

Spells      = {1,10,11,20,29}
QuestValues = {(14,1),(15,1),(20,1),(21,1),(22,1),(23,1),(24,1),(32,1),(33,1),(34,1),(37,1),(46,1),(54,1),(55,1),(59,1),(67,1),(68,1),(70,1),(71,1),(72,1),(73,1),(74,1),(75,1),(91,1),(92,1),(96,1),(97,1),(98,1),(99,1),(100,1),(109,1),(121,1),(125,1),(126,1),(131,1),(132,1),(140,1),(141,1),(254,1)}
Murders     = {1130210010,1130267727}
