ID              = 9456015
Name            = "Mairin Tilik"
Race            = 1
Profession      = 4
OriginalOutfit  = 138-89-94-94-94
CurrentOutfit   = 138-89-94-94-94
LastLogin       = 1127169584
LastLogout      = 1127169653
StartPosition   = [32369,32241,7]
CurrentPosition = [32138,32371,6]
PlayerkillerEnd = 0

Skill = (0,13,0,1,0,0,0,0,0,0,1,24991,0,29900,100)
Skill = (1,15,0,0,0,0,0,0,0,0,0,658,1100,718,20)
Skill = (2,210,210,0,0,0,0,0,0,0,5,0,0,0,0)
Skill = (3,160,185,0,0,0,0,0,0,0,30,0,0,0,0)
Skill = (4,82,82,0,0,0,0,0,0,0,1,0,0,0,0)
Skill = (5,520,520,0,0,0,0,0,0,0,10,0,0,0,0)
Skill = (6,18,0,10,0,0,0,0,0,0,0,7470,1500,7488,100)
Skill = (7,10,0,10,0,0,0,0,0,0,0,0,1800,30,30)
Skill = (8,10,0,10,0,0,0,0,0,0,0,0,1800,50,50)
Skill = (9,17,0,10,0,0,0,0,0,0,0,5580,1800,6824,50)
Skill = (10,10,0,10,0,0,0,0,0,0,0,9,1800,50,50)
Skill = (11,11,0,10,0,0,0,0,0,0,0,93,1500,125,50)
Skill = (12,0,2147483647,0,0,0,0,0,0,0,0,0,1000,2147483647,2147483647)
Skill = (13,26,0,10,0,0,0,0,0,0,0,750,1100,810,20)
Skill = (14,0,1200,0,0,0,0,0,0,0,0,0,0,0,0)
Skill = (15,0,2147483647,0,0,0,0,0,0,0,0,0,1000,2147483647,2147483647)
Skill = (16,0,2147483647,0,0,0,0,0,0,0,0,0,1000,2147483647,2147483647)
Skill = (17,0,2147483647,0,0,0,0,0,0,0,0,0,50,2147483647,2147483647)
Skill = (18,0,2147483647,0,0,0,0,0,0,0,0,0,1000,2147483647,2147483647)
Skill = (19,0,2147483647,0,0,0,0,0,0,0,0,0,1000,2147483647,2147483647)
Skill = (20,0,2147483647,0,0,0,0,0,0,0,0,0,1000,2147483647,2147483647)
Skill = (21,0,2147483647,0,0,0,0,0,0,0,0,0,1000,2147483647,2147483647)
Skill = (22,11,100,0,0,0,0,0,0,0,0,0,0,0,0)
Skill = (23,0,2147483647,0,0,0,0,0,0,0,0,0,1000,2147483647,2147483647)
Skill = (24,0,2147483647,0,0,0,0,0,0,0,0,0,1000,2147483647,2147483647)

Spells      = {1,4,5,8,10,17,29,42,45}
QuestValues = {(20,1),(21,1),(22,1),(23,1),(32,1),(33,1),(34,1),(109,1)}
Murders     = {}
