ID              = 8398881
Name            = "Billabonng"
Race            = 1
Profession      = 2
OriginalOutfit  = 128-78-8-114-114
CurrentOutfit   = 128-78-8-114-114
LastLogin       = 1115590428
LastLogout      = 1115590595
StartPosition   = [32360,31782,7]
CurrentPosition = [32360,31782,7]
PlayerkillerEnd = 0

Skill = (0,12,0,1,0,0,0,0,0,0,1,22074,0,23200,100)
Skill = (1,5,0,0,0,0,0,0,0,0,0,284,1400,326,20)
Skill = (2,216,225,0,0,0,0,0,0,0,10,0,0,0,0)
Skill = (3,10,95,0,0,0,0,0,0,0,15,0,0,0,0)
Skill = (4,81,81,0,0,0,0,0,0,0,1,0,0,0,0)
Skill = (5,550,550,0,0,0,0,0,0,0,20,0,0,0,0)
Skill = (6,40,0,10,0,0,0,0,0,0,0,17175,1100,18194,100)
Skill = (7,48,0,10,0,0,0,0,0,0,0,11527,1100,12043,30)
Skill = (8,14,0,10,0,0,0,0,0,0,0,337,1200,372,50)
Skill = (9,14,0,10,0,0,0,0,0,0,0,302,1200,372,50)
Skill = (10,15,0,10,0,0,0,0,0,0,0,379,1200,496,50)
Skill = (11,20,0,10,0,0,0,0,0,0,0,1366,1200,1607,50)
Skill = (12,0,2147483647,0,0,0,0,0,0,0,0,0,1000,2147483647,2147483647)
Skill = (13,18,0,10,0,0,0,0,0,0,0,229,1100,271,20)
Skill = (14,0,1200,0,0,0,0,0,0,0,0,0,0,0,0)
Skill = (15,0,2147483647,0,0,0,0,0,0,0,0,0,1000,2147483647,2147483647)
Skill = (16,0,2147483647,0,0,0,0,0,0,0,0,0,1000,2147483647,2147483647)
Skill = (17,0,2147483647,0,0,0,0,0,0,0,0,0,50,2147483647,2147483647)
Skill = (18,0,2147483647,0,0,0,0,0,0,0,0,0,1000,2147483647,2147483647)
Skill = (19,0,2147483647,0,0,0,0,0,0,0,0,0,1000,2147483647,2147483647)
Skill = (20,0,2147483647,0,0,0,0,0,0,0,0,0,1000,2147483647,2147483647)
Skill = (21,0,2147483647,0,0,0,0,0,0,0,0,0,1000,2147483647,2147483647)
Skill = (22,200,200,0,0,0,0,0,0,0,0,0,0,0,0)
Skill = (23,0,2147483647,0,0,0,0,0,0,0,0,0,1000,2147483647,2147483647)
Skill = (24,0,2147483647,0,0,0,0,0,0,0,0,0,1000,2147483647,2147483647)

Spells      = {1,2,8,10,11,20,29,42,44,51}
QuestValues = {(21,1),(22,1),(23,1),(59,1),(61,1)}
Murders     = {}
