ID              = 8927281
Name            = "Arty Galyn"
Race            = 1
Profession      = 14
OriginalOutfit  = 141-78-78-114-114
CurrentOutfit   = 141-78-78-114-114
LastLogin       = 1131187547
LastLogout      = 1131187555
StartPosition   = [33213,32454,1]
CurrentPosition = [33254,32403,7]
PlayerkillerEnd = 0

Skill = (0,22,0,1,0,0,0,0,0,0,1,135947,0,156200,100)
Skill = (1,32,0,0,0,0,0,0,0,0,0,4391,1100,4445,20)
Skill = (2,127,255,0,0,0,0,0,0,0,5,0,0,0,0)
Skill = (3,62,455,0,0,0,0,0,0,0,30,0,0,0,0)
Skill = (4,91,91,0,0,0,0,0,10,10,1,0,0,0,0)
Skill = (5,610,610,0,0,0,0,0,0,0,10,0,0,0,0)
Skill = (6,21,0,10,0,0,0,0,0,0,0,17712,1500,25749,100)
Skill = (7,11,0,10,0,0,0,0,0,0,0,66,1800,84,30)
Skill = (8,16,0,10,0,0,0,0,0,0,0,2525,1800,3763,50)
Skill = (9,19,0,10,0,0,0,0,0,0,0,16039,1800,22252,50)
Skill = (10,13,0,10,0,0,0,0,0,0,0,454,1800,593,50)
Skill = (11,14,0,10,0,0,0,0,0,0,0,543,1500,659,50)
Skill = (12,0,2147483647,0,0,0,0,0,0,0,0,0,1000,2147483647,2147483647)
Skill = (13,45,0,10,0,0,0,0,0,0,0,5517,1100,5982,20)
Skill = (14,0,1200,0,0,0,0,0,0,0,0,0,0,0,0)
Skill = (15,0,2147483647,0,0,0,0,0,83,83,0,0,1000,2147483647,2147483647)
Skill = (16,0,2147483647,0,0,0,0,0,200,200,0,0,1000,2147483647,2147483647)
Skill = (17,0,2147483647,0,0,0,0,0,3,3,0,0,50,2147483647,2147483647)
Skill = (18,0,2147483647,0,0,0,0,0,0,0,0,0,1000,2147483647,2147483647)
Skill = (19,0,2147483647,0,0,0,0,0,0,0,0,0,1000,2147483647,2147483647)
Skill = (20,0,2147483647,0,0,0,0,0,0,0,0,0,1000,2147483647,2147483647)
Skill = (21,0,2147483647,0,0,0,0,0,0,0,0,0,1000,2147483647,2147483647)
Skill = (22,200,200,0,0,0,0,0,15,15,0,0,0,0,0)
Skill = (23,0,2147483647,0,0,0,0,0,0,0,0,0,1000,2147483647,2147483647)
Skill = (24,0,2147483647,0,0,0,0,0,0,0,0,0,1000,2147483647,2147483647)

Spells      = {1,2,4,5,6,8,9,10,12,20,29,30,38,39,45}
QuestValues = {(20,1),(21,1),(22,1),(23,1),(61,1),(72,1),(73,1),(75,1),(111,1),(112,1),(190,1),(191,1),(223,1)}
Murders     = {}
