ID              = 9151681
Name            = "Mestre Dark Anj"
Race            = 1
Profession      = 2
OriginalOutfit  = 129-114-114-114-114
CurrentOutfit   = 129-114-114-114-114
LastLogin       = 1128884843
LastLogout      = 1128884864
StartPosition   = [32360,31782,7]
CurrentPosition = [32360,31782,7]
PlayerkillerEnd = 0

Skill = (0,8,0,1,0,0,0,0,0,0,1,4468,0,6400,100)
Skill = (1,1,0,0,0,0,0,0,0,0,0,43,1400,47,20)
Skill = (2,185,185,0,0,0,0,0,0,0,10,0,0,0,0)
Skill = (3,9,35,0,0,0,0,0,0,0,15,0,0,0,0)
Skill = (4,77,77,0,0,0,0,0,0,0,1,0,0,0,0)
Skill = (5,470,470,0,0,0,0,0,0,0,20,0,0,0,0)
Skill = (6,19,0,10,0,0,0,0,0,0,0,1487,1100,1593,100)
Skill = (7,15,0,10,0,0,0,0,0,0,0,193,1100,231,30)
Skill = (8,10,0,10,0,0,0,0,0,0,0,0,1200,50,50)
Skill = (9,16,0,10,0,0,0,0,0,0,0,552,1200,645,50)
Skill = (10,10,0,10,0,0,0,0,0,0,0,0,1200,50,50)
Skill = (11,12,0,10,0,0,0,0,0,0,0,155,1200,181,50)
Skill = (12,0,2147483647,0,0,0,0,0,0,0,0,0,1000,2147483647,2147483647)
Skill = (13,21,0,10,0,0,0,0,0,0,0,407,1100,427,20)
Skill = (14,0,1200,0,0,0,0,0,0,0,0,0,0,0,0)
Skill = (15,0,2147483647,0,0,0,0,0,83,83,0,0,1000,2147483647,2147483647)
Skill = (16,0,2147483647,0,0,0,0,0,0,0,0,0,1000,2147483647,2147483647)
Skill = (17,0,2147483647,0,0,0,0,0,3,3,0,0,50,2147483647,2147483647)
Skill = (18,0,2147483647,0,0,0,0,0,0,0,0,0,1000,2147483647,2147483647)
Skill = (19,0,2147483647,0,0,0,0,0,0,0,0,0,1000,2147483647,2147483647)
Skill = (20,0,2147483647,0,0,0,0,0,0,0,0,0,1000,2147483647,2147483647)
Skill = (21,0,2147483647,0,0,0,0,0,0,0,0,0,1000,2147483647,2147483647)
Skill = (22,100,100,0,0,0,0,0,0,0,0,0,0,0,0)
Skill = (23,0,2147483647,0,0,0,0,0,0,0,0,0,1000,2147483647,2147483647)
Skill = (24,0,2147483647,0,0,0,0,0,0,0,0,0,1000,2147483647,2147483647)

Spells      = {10}
QuestValues = {(20,1),(21,1),(22,1),(23,1),(60,1),(223,1)}
Murders     = {}
