ID              = 9383081
Name            = "Durnum"
Race            = 1
Profession      = 13
OriginalOutfit  = 130-0-114-114-102
CurrentOutfit   = 130-0-114-114-102
LastLogin       = 1126237166
LastLogout      = 1126237173
StartPosition   = [33213,32454,1]
CurrentPosition = [33213,32454,1]
PlayerkillerEnd = 0

Skill = (0,20,0,1,0,0,0,0,0,0,1,105797,0,116000,100)
Skill = (1,28,0,0,0,0,0,0,0,0,0,2684,1100,2972,20)
Skill = (2,245,245,0,0,0,0,0,0,0,5,0,0,0,0)
Skill = (3,395,395,0,0,0,0,0,0,0,30,0,0,0,0)
Skill = (4,89,89,0,0,0,0,0,0,0,1,0,0,0,0)
Skill = (5,590,590,0,0,0,0,0,0,0,10,0,0,0,0)
Skill = (6,21,0,10,0,0,0,0,0,0,0,21364,1500,25749,100)
Skill = (7,10,0,10,0,0,0,0,0,0,0,0,2000,30,30)
Skill = (8,10,0,10,0,0,0,0,0,0,0,0,2000,50,50)
Skill = (9,18,0,10,0,0,0,0,0,0,0,16302,2000,25550,50)
Skill = (10,10,0,10,0,0,0,0,0,0,0,0,2000,50,50)
Skill = (11,11,0,10,0,0,0,0,0,0,0,67,1500,125,50)
Skill = (12,0,2147483647,0,0,0,0,0,0,0,0,0,1000,2147483647,2147483647)
Skill = (13,43,0,10,0,0,0,0,0,0,0,4665,1100,4909,20)
Skill = (14,0,1200,0,0,0,0,0,0,0,0,0,0,0,0)
Skill = (15,0,2147483647,0,0,0,0,0,0,0,0,0,1000,2147483647,2147483647)
Skill = (16,0,2147483647,0,0,0,0,0,0,0,0,0,1000,2147483647,2147483647)
Skill = (17,0,2147483647,0,0,0,0,0,0,0,0,0,50,2147483647,2147483647)
Skill = (18,0,2147483647,0,0,0,0,0,0,0,0,0,1000,2147483647,2147483647)
Skill = (19,0,2147483647,0,0,0,0,0,0,0,0,0,1000,2147483647,2147483647)
Skill = (20,0,2147483647,0,0,0,0,0,0,0,0,0,1000,2147483647,2147483647)
Skill = (21,0,2147483647,0,0,0,0,0,0,0,0,0,1000,2147483647,2147483647)
Skill = (22,200,200,0,0,0,0,0,0,0,0,0,0,0,0)
Skill = (23,0,2147483647,0,0,0,0,0,0,0,0,0,1000,2147483647,2147483647)
Skill = (24,0,2147483647,0,0,0,0,0,0,0,0,0,1000,2147483647,2147483647)

Spells      = {1,2,3,8,9,10,21,29}
QuestValues = {(17,1),(18,1),(20,1),(21,1),(22,1),(23,1),(84,1),(85,1),(86,1),(87,1),(190,1),(191,1),(224,1),(257,1)}
Murders     = {}
