ID              = 10585976
Name            = "Dark axe"
Race            = 1
Profession      = 3
OriginalOutfit  = 129-97-94-79-94
CurrentOutfit   = 129-97-94-79-94
LastLogin       = 1131669581
LastLogout      = 1131670366
StartPosition   = [32360,31782,7]
CurrentPosition = [32334,31778,5]
PlayerkillerEnd = 0

Skill = (0,8,0,1,0,0,0,0,0,0,1,4474,0,6400,100)
Skill = (1,2,0,0,0,0,0,0,0,0,0,56,1100,66,20)
Skill = (2,105,185,0,0,0,0,0,0,0,5,0,0,0,0)
Skill = (3,25,35,0,0,0,0,0,0,0,30,0,0,0,0)
Skill = (4,77,77,0,0,0,0,0,0,0,1,0,0,0,0)
Skill = (5,470,470,0,0,0,0,0,0,0,10,0,0,0,0)
Skill = (6,15,0,10,0,0,0,0,0,0,0,1577,1500,2078,100)
Skill = (7,11,0,10,0,0,0,0,0,0,0,36,2000,90,30)
Skill = (8,14,0,10,0,0,0,0,0,0,0,1293,2000,1550,50)
Skill = (9,14,0,10,0,0,0,0,0,0,0,765,2000,1550,50)
Skill = (10,10,0,10,0,0,0,0,0,0,0,3,2000,50,50)
Skill = (11,10,0,10,0,0,0,0,0,0,0,18,1500,50,50)
Skill = (12,0,2147483647,0,0,0,0,0,0,0,0,0,1000,2147483647,2147483647)
Skill = (13,18,0,10,0,0,0,0,0,0,0,266,1100,271,20)
Skill = (14,0,1200,0,0,0,0,0,0,0,0,0,0,0,0)
Skill = (15,0,2147483647,0,0,0,0,0,83,83,0,0,1000,2147483647,2147483647)
Skill = (16,0,2147483647,0,0,0,0,0,0,0,0,0,1000,2147483647,2147483647)
Skill = (17,0,2147483647,0,0,0,0,0,0,0,0,0,50,2147483647,2147483647)
Skill = (18,0,2147483647,0,0,0,0,0,8,8,0,0,1000,2147483647,2147483647)
Skill = (19,0,2147483647,0,0,0,0,0,0,0,0,0,1000,2147483647,2147483647)
Skill = (20,0,2147483647,0,0,0,0,0,120,120,0,0,1000,2147483647,2147483647)
Skill = (21,0,2147483647,0,0,0,0,0,0,0,0,0,1000,2147483647,2147483647)
Skill = (22,100,100,0,0,0,0,0,120,120,0,0,0,0,0)
Skill = (23,0,2147483647,0,0,0,0,0,0,0,0,0,1000,2147483647,2147483647)
Skill = (24,0,2147483647,0,0,0,0,0,0,0,0,0,1000,2147483647,2147483647)

Spells      = {1,10,20,26,29}
QuestValues = {(18,1),(20,1),(21,1),(22,1),(23,1),(32,1),(33,1),(34,1),(60,1),(61,1),(125,1),(126,1),(223,1)}
Murders     = {}
