ID              = 7967576
Name            = "Brilliante of zanera"
Race            = 1
Profession      = 14
OriginalOutfit  = 142-79-18-85-0
CurrentOutfit   = 142-79-18-85-0
LastLogin       = 1127824077
LastLogout      = 1127827724
StartPosition   = [33213,32454,1]
CurrentPosition = [33269,32317,7]
PlayerkillerEnd = 1130419722

Skill = (0,30,0,1,0,0,0,0,0,0,1,370221,0,409000,100)
Skill = (1,38,0,0,0,0,0,0,0,0,0,7324,1100,8028,20)
Skill = (2,264,295,0,0,0,0,0,0,0,5,0,0,0,0)
Skill = (3,265,695,0,0,0,0,0,0,0,30,0,0,0,0)
Skill = (4,99,99,0,0,0,0,0,10,10,1,0,0,0,0)
Skill = (5,690,690,0,0,0,0,0,0,0,10,0,0,0,0)
Skill = (6,22,0,10,0,0,0,0,0,0,0,34164,1500,38723,100)
Skill = (7,11,0,10,0,0,0,0,0,0,0,63,1800,84,30)
Skill = (8,10,0,10,0,0,0,0,0,0,0,0,1800,50,50)
Skill = (9,20,0,10,0,0,0,0,0,0,0,25745,1800,40105,50)
Skill = (10,10,0,10,0,0,0,0,0,0,0,0,1800,50,50)
Skill = (11,12,0,10,0,0,0,0,0,0,0,180,1500,237,50)
Skill = (12,0,2147483647,0,0,0,0,0,0,0,0,0,1000,2147483647,2147483647)
Skill = (13,46,0,10,0,0,0,0,0,0,0,6545,1100,6600,20)
Skill = (14,0,1200,0,0,0,128,0,0,0,0,0,0,0,0)
Skill = (15,0,2147483647,0,0,0,0,0,0,0,0,0,1000,2147483647,2147483647)
Skill = (16,0,2147483647,0,0,0,0,0,0,0,0,0,1000,2147483647,2147483647)
Skill = (17,0,2147483647,0,0,0,0,0,3,3,0,0,50,2147483647,2147483647)
Skill = (18,0,2147483647,0,0,0,0,0,8,8,0,0,1000,2147483647,2147483647)
Skill = (19,0,2147483647,0,0,0,0,0,0,0,0,0,1000,2147483647,2147483647)
Skill = (20,0,2147483647,0,0,0,0,0,0,0,0,0,1000,2147483647,2147483647)
Skill = (21,0,2147483647,0,0,0,0,0,0,0,0,0,1000,2147483647,2147483647)
Skill = (22,200,200,0,0,0,0,0,15,15,0,0,0,0,0)
Skill = (23,0,2147483647,0,0,0,0,0,0,0,0,0,1000,2147483647,2147483647)
Skill = (24,0,2147483647,0,0,0,0,0,0,0,0,0,1000,2147483647,2147483647)

Spells      = {2,3,5,8,9,10,16,17,20,29,30,39,42,44,76,81,84}
QuestValues = {(18,1),(19,1),(20,1),(21,1),(22,1),(23,1),(25,1),(26,1),(31,1),(32,1),(33,1),(34,1),(35,1),(59,1),(60,1),(61,1),(67,1),(70,1),(84,1),(85,1),(86,1),(87,1),(96,1),(97,1),(98,1),(109,1),(111,1),(112,1),(190,1),(191,1)}
Murders     = {1126040215,1126318605,1126318946,1126360292,1126360486,1126370174,1126371186,1127747299,1127748725,1127750094,1127825793,1127827721,1127827722}
