ID              = 8157976
Name            = "Zander Zakits"
Race            = 1
Profession      = 2
OriginalOutfit  = 129-0-60-78-19
CurrentOutfit   = 129-0-60-78-19
LastLogin       = 1128035648
LastLogout      = 1128035723
StartPosition   = [32957,32076,7]
CurrentPosition = [32922,32073,7]
PlayerkillerEnd = 0

Skill = (0,14,0,1,0,0,0,0,0,0,1,31290,0,37800,100)
Skill = (1,5,0,0,0,0,0,0,0,0,0,225,1400,326,20)
Skill = (2,245,245,0,0,0,0,0,0,0,10,0,0,0,0)
Skill = (3,125,125,0,0,0,0,0,0,0,15,0,0,0,0)
Skill = (4,83,83,0,0,0,0,0,0,0,1,0,0,0,0)
Skill = (5,590,590,0,0,0,0,0,0,0,20,0,0,0,0)
Skill = (6,39,0,10,0,0,0,0,0,0,0,15350,1100,16449,100)
Skill = (7,47,0,10,0,0,0,0,0,0,0,9909,1100,10921,30)
Skill = (8,15,0,10,0,0,0,0,0,0,0,397,1200,496,50)
Skill = (9,10,0,10,0,0,0,0,0,0,0,34,1200,50,50)
Skill = (10,10,0,10,0,0,0,0,0,0,0,0,1200,50,50)
Skill = (11,14,0,10,0,0,0,0,0,0,0,295,1200,372,50)
Skill = (12,0,2147483647,0,0,0,0,0,0,0,0,0,1000,2147483647,2147483647)
Skill = (13,15,0,10,0,0,0,0,0,0,0,142,1100,154,20)
Skill = (14,0,1200,0,0,0,0,0,0,0,0,0,0,0,0)
Skill = (15,0,2147483647,0,0,0,0,0,0,0,0,0,1000,2147483647,2147483647)
Skill = (16,0,2147483647,0,0,0,0,0,0,0,0,0,1000,2147483647,2147483647)
Skill = (17,0,2147483647,0,0,0,0,0,0,0,0,0,50,2147483647,2147483647)
Skill = (18,0,2147483647,0,0,0,0,0,0,0,0,0,1000,2147483647,2147483647)
Skill = (19,0,2147483647,0,0,0,0,0,0,0,0,0,1000,2147483647,2147483647)
Skill = (20,0,2147483647,0,0,0,0,0,0,0,0,0,1000,2147483647,2147483647)
Skill = (21,0,2147483647,0,0,0,0,0,0,0,0,0,1000,2147483647,2147483647)
Skill = (22,100,100,0,0,0,0,0,0,0,0,0,0,0,0)
Skill = (23,0,2147483647,0,0,0,0,0,0,0,0,0,1000,2147483647,2147483647)
Skill = (24,0,2147483647,0,0,0,0,0,0,0,0,0,1000,2147483647,2147483647)

Spells      = {1,8,10}
QuestValues = {(18,1),(59,1),(223,1)}
Murders     = {}
