ID              = 8246976
Name            = "Jumex Da'Mighty"
Race            = 1
Profession      = 2
OriginalOutfit  = 129-114-114-114-114
CurrentOutfit   = 129-114-114-114-114
LastLogin       = 1131412198
LastLogout      = 1131412350
StartPosition   = [32732,31634,7]
CurrentPosition = [32681,31687,6]
PlayerkillerEnd = 0

Skill = (0,19,0,1,0,0,0,0,0,0,1,90798,0,98800,100)
Skill = (1,8,0,0,0,0,0,0,0,0,0,692,1400,983,20)
Skill = (2,295,295,0,0,0,0,0,0,0,10,0,0,0,0)
Skill = (3,200,200,0,0,0,0,0,0,0,15,0,0,0,0)
Skill = (4,88,88,0,0,0,0,0,0,0,1,0,0,0,0)
Skill = (5,690,690,0,0,0,0,0,0,0,20,0,0,0,0)
Skill = (6,36,0,10,0,0,0,0,0,0,0,10947,1100,12109,100)
Skill = (7,52,0,10,0,0,0,0,0,0,0,16359,1100,17772,30)
Skill = (8,11,0,10,0,0,0,0,0,0,0,88,1200,109,50)
Skill = (9,14,0,10,0,0,0,0,0,0,0,279,1200,372,50)
Skill = (10,10,0,10,0,0,0,0,0,0,0,43,1200,50,50)
Skill = (11,14,0,10,0,0,0,0,0,0,0,331,1200,372,50)
Skill = (12,0,2147483647,0,0,0,0,0,0,0,0,0,1000,2147483647,2147483647)
Skill = (13,14,0,10,0,0,0,0,0,0,0,115,1100,122,20)
Skill = (14,0,1200,0,0,0,0,0,0,0,0,0,0,0,0)
Skill = (15,0,2147483647,0,0,0,0,0,0,0,0,0,1000,2147483647,2147483647)
Skill = (16,0,2147483647,0,0,0,0,0,0,0,0,0,1000,2147483647,2147483647)
Skill = (17,0,2147483647,0,0,0,0,0,0,0,0,0,50,2147483647,2147483647)
Skill = (18,0,2147483647,0,0,0,0,0,0,0,0,0,1000,2147483647,2147483647)
Skill = (19,0,2147483647,0,0,0,0,0,0,0,0,0,1000,2147483647,2147483647)
Skill = (20,0,2147483647,0,0,0,0,0,0,0,0,0,1000,2147483647,2147483647)
Skill = (21,0,2147483647,0,0,0,0,0,0,0,0,0,1000,2147483647,2147483647)
Skill = (22,100,100,0,0,0,0,0,0,0,0,0,0,0,0)
Skill = (23,0,2147483647,0,0,0,0,0,0,0,0,0,1000,2147483647,2147483647)
Skill = (24,0,2147483647,0,0,0,0,0,0,0,0,0,1000,2147483647,2147483647)

Spells      = {1,2,3,7,8,11,29,30,42,51}
QuestValues = {(19,1),(20,1),(21,1),(22,1),(23,1),(32,1),(33,1),(34,1),(46,1),(58,1),(72,1),(73,1),(74,1),(75,1),(96,1),(97,1),(98,1),(106,1),(107,1),(190,1),(191,1)}
Murders     = {}
