ID              = 8975976
Name            = "Narona"
Race            = 1
Profession      = 2
OriginalOutfit  = 137-80-0-0-0
CurrentOutfit   = 137-80-0-0-0
LastLogin       = 1132097488
LastLogout      = 1132097556
StartPosition   = [32360,31782,7]
CurrentPosition = [32337,31781,6]
PlayerkillerEnd = 0

Skill = (0,18,0,1,0,0,0,0,0,0,1,81115,0,83400,100)
Skill = (1,9,0,0,0,0,0,0,0,0,0,1010,1400,1396,20)
Skill = (2,285,285,0,0,0,0,0,0,0,10,0,0,0,0)
Skill = (3,160,185,0,0,0,0,0,0,0,15,0,0,0,0)
Skill = (4,87,87,0,0,0,0,0,0,0,1,0,0,0,0)
Skill = (5,670,670,0,0,0,0,0,0,0,20,0,0,0,0)
Skill = (6,44,0,10,0,0,0,0,0,0,0,25896,1100,27102,100)
Skill = (7,57,0,10,0,0,0,0,0,0,0,26763,1100,28805,30)
Skill = (8,16,0,10,0,0,0,0,0,0,0,576,1200,645,50)
Skill = (9,10,0,10,0,0,0,0,0,0,0,17,1200,50,50)
Skill = (10,10,0,10,0,0,0,0,0,0,0,9,1200,50,50)
Skill = (11,22,0,10,0,0,0,0,0,0,0,2009,1200,2424,50)
Skill = (12,0,2147483647,0,0,0,0,0,0,0,0,0,1000,2147483647,2147483647)
Skill = (13,22,0,10,0,0,0,0,0,0,0,461,1100,490,20)
Skill = (14,0,1200,0,0,0,0,0,0,0,0,0,0,0,0)
Skill = (15,0,2147483647,0,0,0,0,0,0,0,0,0,1000,2147483647,2147483647)
Skill = (16,0,2147483647,0,0,0,0,0,0,0,0,0,1000,2147483647,2147483647)
Skill = (17,0,2147483647,0,0,0,0,0,0,0,0,0,50,2147483647,2147483647)
Skill = (18,0,2147483647,0,0,0,0,0,0,0,0,0,1000,2147483647,2147483647)
Skill = (19,0,2147483647,0,0,0,0,0,0,0,0,0,1000,2147483647,2147483647)
Skill = (20,0,2147483647,0,0,0,0,0,0,0,0,0,1000,2147483647,2147483647)
Skill = (21,0,2147483647,0,0,0,0,0,0,0,0,0,1000,2147483647,2147483647)
Skill = (22,100,100,0,0,0,0,0,120,120,0,0,0,0,0)
Skill = (23,0,2147483647,0,0,0,0,0,0,0,0,0,1000,2147483647,2147483647)
Skill = (24,0,2147483647,0,0,0,0,0,0,0,0,0,1000,2147483647,2147483647)

Spells      = {1,3,20,29,42,51}
QuestValues = {(14,1),(15,1),(20,1),(21,1),(22,1),(23,1),(32,1),(33,1),(34,1),(55,1),(59,1),(60,1),(61,1),(98,1),(125,1),(126,1),(140,1),(141,1),(190,1),(191,1)}
Murders     = {}
