ID              = 10093886
Name            = "Batatovisc"
Race            = 1
Profession      = 4
OriginalOutfit  = 129-114-0-114-0
CurrentOutfit   = 129-114-0-114-0
LastLogin       = 1124557386
LastLogout      = 1124558072
StartPosition   = [32369,32241,7]
CurrentPosition = [32343,32233,8]
PlayerkillerEnd = 0

Skill = (0,12,0,1,0,0,0,0,0,0,1,18916,0,23200,100)
Skill = (1,8,0,0,0,0,0,0,0,0,0,228,1100,271,20)
Skill = (2,205,205,0,0,0,0,0,0,0,5,0,0,0,0)
Skill = (3,103,155,0,0,0,0,0,0,0,30,0,0,0,0)
Skill = (4,81,81,0,0,0,0,0,0,0,1,0,0,0,0)
Skill = (5,510,510,0,0,0,0,0,0,0,10,0,0,0,0)
Skill = (6,19,0,10,0,0,0,0,0,0,0,10195,1500,11333,100)
Skill = (7,10,0,10,0,0,0,0,0,0,0,6,1800,30,30)
Skill = (8,12,0,10,0,0,0,0,0,0,0,185,1800,302,50)
Skill = (9,18,0,10,0,0,0,0,0,0,0,8638,1800,12334,50)
Skill = (10,10,0,10,0,0,0,0,0,0,0,11,1800,50,50)
Skill = (11,12,0,10,0,0,0,0,0,0,0,218,1500,237,50)
Skill = (12,0,2147483647,0,0,0,0,0,0,0,0,0,1000,2147483647,2147483647)
Skill = (13,10,0,10,0,0,0,0,0,0,0,0,1100,20,20)
Skill = (14,0,1200,0,0,0,0,0,0,0,0,0,0,0,0)
Skill = (15,0,2147483647,0,0,0,0,0,0,0,0,0,1000,2147483647,2147483647)
Skill = (16,0,2147483647,0,0,0,0,0,0,0,0,0,1000,2147483647,2147483647)
Skill = (17,0,2147483647,0,0,0,0,0,3,3,0,0,50,2147483647,2147483647)
Skill = (18,0,2147483647,0,0,0,0,0,8,8,0,0,1000,2147483647,2147483647)
Skill = (19,0,2147483647,0,0,0,0,0,0,0,0,0,1000,2147483647,2147483647)
Skill = (20,0,2147483647,0,0,0,0,0,0,0,0,0,1000,2147483647,2147483647)
Skill = (21,0,2147483647,0,0,0,0,0,0,0,0,0,1000,2147483647,2147483647)
Skill = (22,100,100,0,0,0,0,0,120,120,0,0,0,0,0)
Skill = (23,0,2147483647,0,0,0,0,0,0,0,0,0,1000,2147483647,2147483647)
Skill = (24,0,2147483647,0,0,0,0,0,0,0,0,0,1000,2147483647,2147483647)

Spells      = {7,20}
QuestValues = {(223,1)}
Murders     = {}
