ID              = 11316386
Name            = "Taiker Zoio"
Race            = 1
Profession      = 1
OriginalOutfit  = 128-114-93-107-39
CurrentOutfit   = 128-114-93-107-39
LastLogin       = 1131649449
LastLogout      = 1131649657
StartPosition   = [32957,32076,7]
CurrentPosition = [32910,32081,7]
PlayerkillerEnd = 0

Skill = (0,7,0,1,0,0,0,0,0,0,1,4125,0,4200,100)
Skill = (1,0,0,0,0,0,0,0,0,0,0,0,3000,20,20)
Skill = (2,170,170,0,0,0,0,0,0,0,15,0,0,0,0)
Skill = (3,30,30,0,0,0,0,0,0,0,5,0,0,0,0)
Skill = (4,76,76,0,0,0,0,0,0,0,1,0,0,0,0)
Skill = (5,445,445,0,0,0,0,0,0,0,25,0,0,0,0)
Skill = (6,21,0,10,0,0,0,0,0,0,0,2104,1100,2138,100)
Skill = (7,10,0,10,0,0,0,0,0,0,0,2,1400,30,30)
Skill = (8,10,0,10,0,0,0,0,0,0,0,0,1100,50,50)
Skill = (9,11,0,10,0,0,0,0,0,0,0,81,1100,105,50)
Skill = (10,20,0,10,0,0,0,0,0,0,0,798,1100,926,50)
Skill = (11,19,0,10,0,0,0,0,0,0,0,681,1100,796,50)
Skill = (12,0,2147483647,0,0,0,0,0,0,0,0,0,1000,2147483647,2147483647)
Skill = (13,10,0,10,0,0,0,0,0,0,0,0,1100,20,20)
Skill = (14,0,1200,0,0,0,0,0,0,0,0,0,0,0,0)
Skill = (15,0,2147483647,0,0,0,0,0,0,0,0,0,1000,2147483647,2147483647)
Skill = (16,0,2147483647,0,0,0,0,0,0,0,0,0,1000,2147483647,2147483647)
Skill = (17,0,2147483647,0,0,0,0,0,3,3,0,0,50,2147483647,2147483647)
Skill = (18,0,2147483647,0,0,0,0,0,0,0,0,0,1000,2147483647,2147483647)
Skill = (19,0,2147483647,0,0,0,0,0,0,0,0,0,1000,2147483647,2147483647)
Skill = (20,0,2147483647,0,0,0,0,0,0,0,0,0,1000,2147483647,2147483647)
Skill = (21,0,2147483647,0,0,0,0,0,0,0,0,0,1000,2147483647,2147483647)
Skill = (22,100,100,0,0,0,0,0,120,120,0,0,0,0,0)
Skill = (23,0,2147483647,0,0,0,0,0,0,0,0,0,1000,2147483647,2147483647)
Skill = (24,0,2147483647,0,0,0,0,0,0,0,0,0,1000,2147483647,2147483647)

Spells      = {}
QuestValues = {(18,1),(224,1)}
Murders     = {}
