ID              = 8061686
Name            = "Aiakos Infernum"
Race            = 1
Profession      = 2
OriginalOutfit  = 128-114-132-114-0
CurrentOutfit   = 128-114-132-114-0
LastLogin       = 1127088605
LastLogout      = 1127092889
StartPosition   = [32732,31634,7]
CurrentPosition = [32916,32075,7]
PlayerkillerEnd = 0

Skill = (0,21,0,1,0,0,0,0,0,0,1,117201,0,135100,100)
Skill = (1,10,0,0,0,0,0,0,0,0,0,1715,1400,1974,20)
Skill = (2,184,315,0,0,0,0,0,0,0,10,0,0,0,0)
Skill = (3,13,230,0,0,0,0,0,0,0,15,0,0,0,0)
Skill = (4,90,90,0,0,0,0,0,0,0,1,0,0,0,0)
Skill = (5,730,730,0,0,0,0,0,0,0,20,0,0,0,0)
Skill = (6,40,0,10,0,0,0,0,0,0,0,16546,1100,18194,100)
Skill = (7,58,0,10,0,0,0,0,0,0,0,29521,1100,31715,30)
Skill = (8,16,0,10,0,0,0,0,0,0,0,602,1200,645,50)
Skill = (9,10,0,10,0,0,0,0,0,0,0,0,1200,50,50)
Skill = (10,10,0,10,0,0,0,0,0,0,0,0,1200,50,50)
Skill = (11,12,0,10,0,0,0,0,0,0,0,166,1200,181,50)
Skill = (12,0,2147483647,0,0,0,0,0,0,0,0,0,1000,2147483647,2147483647)
Skill = (13,49,0,10,0,0,0,0,0,0,0,8784,1100,8851,20)
Skill = (14,0,1200,0,0,0,0,0,0,0,0,0,0,0,0)
Skill = (15,0,2147483647,0,0,0,0,0,0,0,0,0,1000,2147483647,2147483647)
Skill = (16,0,2147483647,0,0,0,0,0,0,0,0,0,1000,2147483647,2147483647)
Skill = (17,0,2147483647,0,0,0,0,0,0,0,0,0,50,2147483647,2147483647)
Skill = (18,0,2147483647,0,0,0,0,0,8,8,0,0,1000,2147483647,2147483647)
Skill = (19,0,2147483647,0,0,0,0,0,10,10,0,0,1000,2147483647,2147483647)
Skill = (20,0,2147483647,0,0,0,0,0,0,0,0,0,1000,2147483647,2147483647)
Skill = (21,0,2147483647,0,0,0,0,0,0,0,0,0,1000,2147483647,2147483647)
Skill = (22,100,100,0,0,0,0,0,0,0,0,0,0,0,0)
Skill = (23,0,2147483647,0,0,0,0,0,0,0,0,0,1000,2147483647,2147483647)
Skill = (24,0,2147483647,0,0,0,0,0,0,0,0,0,1000,2147483647,2147483647)

Spells      = {1,3,8,29,42,51}
QuestValues = {(20,1),(21,1),(22,1),(23,1),(27,1),(32,1),(33,1),(34,1),(59,1),(190,1),(191,1)}
Murders     = {}
