ID              = 8066586
Name            = "Old Aramis"
Race            = 1
Profession      = 1
OriginalOutfit  = 133-116-95-114-115
CurrentOutfit   = 133-116-95-114-115
LastLogin       = 1119544980
LastLogout      = 1119545262
StartPosition   = [32957,32076,7]
CurrentPosition = [32957,32076,7]
PlayerkillerEnd = 1121177708

Skill = (0,11,0,1,0,0,0,0,0,0,1,13116,0,17600,100)
Skill = (1,3,0,0,0,0,0,0,0,0,0,535,3000,800,20)
Skill = (2,230,230,0,0,0,0,0,0,0,15,0,0,0,0)
Skill = (3,50,50,0,0,0,0,0,0,0,5,0,0,0,0)
Skill = (4,80,80,0,0,0,0,0,0,0,1,0,0,0,0)
Skill = (5,545,545,0,0,0,0,0,0,0,25,0,0,0,0)
Skill = (6,58,0,10,0,0,0,0,0,0,0,100558,1100,105718,100)
Skill = (7,10,0,10,0,0,0,0,0,0,0,0,1400,30,30)
Skill = (8,58,0,10,0,0,0,0,0,0,0,50347,1100,52859,50)
Skill = (9,10,0,10,0,0,0,0,0,0,0,2,1100,50,50)
Skill = (10,10,0,10,0,0,0,0,0,0,0,0,1100,50,50)
Skill = (11,10,0,10,0,0,0,0,0,0,0,17,1100,50,50)
Skill = (12,0,2147483647,0,0,0,0,0,0,0,0,0,1000,2147483647,2147483647)
Skill = (13,50,0,10,0,0,0,0,0,0,0,9351,1100,9757,20)
Skill = (14,0,1200,0,0,0,0,0,0,0,0,0,0,0,0)
Skill = (15,0,2147483647,0,0,0,0,0,0,0,0,0,1000,2147483647,2147483647)
Skill = (16,0,2147483647,0,0,0,0,0,0,0,0,0,1000,2147483647,2147483647)
Skill = (17,0,2147483647,0,0,0,0,0,0,0,0,0,50,2147483647,2147483647)
Skill = (18,0,2147483647,0,0,0,0,0,0,0,0,0,1000,2147483647,2147483647)
Skill = (19,0,2147483647,0,0,0,0,0,0,0,0,0,1000,2147483647,2147483647)
Skill = (20,0,2147483647,0,0,0,0,0,0,0,0,0,1000,2147483647,2147483647)
Skill = (21,0,2147483647,0,0,0,0,0,0,0,0,0,1000,2147483647,2147483647)
Skill = (22,200,200,0,0,0,0,0,0,0,0,0,0,0,0)
Skill = (23,0,2147483647,0,0,0,0,0,0,0,0,0,1000,2147483647,2147483647)
Skill = (24,0,2147483647,0,0,0,0,0,0,0,0,0,1000,2147483647,2147483647)

Spells      = {1,20,29}
QuestValues = {(20,1),(21,1),(22,1),(23,1),(27,1),(28,1),(30,1),(59,1),(257,1)}
Murders     = {}
