ID              = 8101886
Name            = "Jamaican Druid"
Race            = 1
Profession      = 4
OriginalOutfit  = 133-114-38-96-114
CurrentOutfit   = 133-114-38-96-114
LastLogin       = 1126376314
LastLogout      = 1126376674
StartPosition   = [32957,32076,7]
CurrentPosition = [32593,32070,8]
PlayerkillerEnd = 0

Skill = (0,10,0,1,0,0,0,0,0,0,1,12403,0,13000,100)
Skill = (1,20,0,0,0,0,0,0,0,0,0,1235,1100,1280,20)
Skill = (2,152,195,0,0,0,0,0,0,0,5,0,0,0,0)
Skill = (3,95,95,0,0,0,0,0,0,0,30,0,0,0,0)
Skill = (4,79,79,0,0,0,0,0,0,0,1,0,0,0,0)
Skill = (5,490,490,0,0,0,0,0,0,0,10,0,0,0,0)
Skill = (6,17,0,10,0,0,0,0,0,0,0,3673,1500,4925,100)
Skill = (7,10,0,10,0,0,0,0,0,0,0,0,1800,30,30)
Skill = (8,10,0,10,0,0,0,0,0,0,0,0,1800,50,50)
Skill = (9,16,0,10,0,0,0,0,0,0,0,3060,1800,3763,50)
Skill = (10,11,0,10,0,0,0,0,0,0,0,62,1800,140,50)
Skill = (11,11,0,10,0,0,0,0,0,0,0,52,1500,125,50)
Skill = (12,0,2147483647,0,0,0,0,0,0,0,0,0,1000,2147483647,2147483647)
Skill = (13,30,0,10,0,0,0,0,0,0,0,1183,1100,1280,20)
Skill = (14,0,1200,0,0,0,0,0,0,0,0,0,0,0,0)
Skill = (15,0,2147483647,0,0,0,0,0,0,0,0,0,1000,2147483647,2147483647)
Skill = (16,0,2147483647,0,0,0,0,0,0,0,0,0,1000,2147483647,2147483647)
Skill = (17,0,2147483647,0,0,0,0,0,0,0,0,0,50,2147483647,2147483647)
Skill = (18,0,2147483647,0,0,0,0,0,0,0,0,0,1000,2147483647,2147483647)
Skill = (19,0,2147483647,0,0,0,0,0,0,0,0,0,1000,2147483647,2147483647)
Skill = (20,0,2147483647,0,0,0,0,0,0,0,0,0,1000,2147483647,2147483647)
Skill = (21,0,2147483647,0,0,0,0,0,0,0,0,0,1000,2147483647,2147483647)
Skill = (22,100,100,0,0,0,0,0,120,120,0,0,0,0,0)
Skill = (23,0,2147483647,0,0,0,0,0,0,0,0,0,1000,2147483647,2147483647)
Skill = (24,0,2147483647,0,0,0,0,0,0,0,0,0,1000,2147483647,2147483647)

Spells      = {1,5,8,42,81,84}
QuestValues = {(20,1),(21,1),(22,1),(23,1),(27,1),(86,1),(87,1)}
Murders     = {1126303554}
