ID              = 8489186
Name            = "Mousstro"
Race            = 1
Profession      = 1
OriginalOutfit  = 128-78-78-114-114
CurrentOutfit   = 128-78-78-114-114
LastLogin       = 1131253131
LastLogout      = 1131253137
StartPosition   = [32649,31925,11]
CurrentPosition = [32649,31925,11]
PlayerkillerEnd = 0

Skill = (0,15,0,1,0,0,0,0,0,0,1,39101,0,47000,100)
Skill = (1,2,0,0,0,0,0,0,0,0,0,234,3000,260,20)
Skill = (2,290,290,0,0,0,0,0,0,0,15,0,0,0,0)
Skill = (3,70,70,0,0,0,0,0,0,0,5,0,0,0,0)
Skill = (4,84,84,0,0,0,0,0,0,0,1,0,0,0,0)
Skill = (5,645,645,0,0,0,0,0,0,0,25,0,0,0,0)
Skill = (6,34,0,10,0,0,0,0,0,0,0,9339,1100,9834,100)
Skill = (7,10,0,10,0,0,0,0,0,0,0,13,1400,30,30)
Skill = (8,37,0,10,0,0,0,0,0,0,0,6408,1100,6710,50)
Skill = (9,10,0,10,0,0,0,0,0,0,0,9,1100,50,50)
Skill = (10,10,0,10,0,0,0,0,0,0,0,9,1100,50,50)
Skill = (11,10,0,10,0,0,0,0,0,0,0,10,1100,50,50)
Skill = (12,0,2147483647,0,0,0,0,0,0,0,0,0,1000,2147483647,2147483647)
Skill = (13,28,0,10,0,0,0,0,0,0,0,930,1100,1023,20)
Skill = (14,0,1200,0,0,0,0,0,0,0,0,0,0,0,0)
Skill = (15,0,2147483647,0,0,0,0,0,0,0,0,0,1000,2147483647,2147483647)
Skill = (16,0,2147483647,0,0,0,0,0,0,0,0,0,1000,2147483647,2147483647)
Skill = (17,0,2147483647,0,0,0,0,0,0,0,0,0,50,2147483647,2147483647)
Skill = (18,0,2147483647,0,0,0,0,0,0,0,0,0,1000,2147483647,2147483647)
Skill = (19,0,2147483647,0,0,0,0,0,0,0,0,0,1000,2147483647,2147483647)
Skill = (20,0,2147483647,0,0,0,0,0,0,0,0,0,1000,2147483647,2147483647)
Skill = (21,0,2147483647,0,0,0,0,0,0,0,0,0,1000,2147483647,2147483647)
Skill = (22,100,100,0,0,0,0,0,0,0,0,0,0,0,0)
Skill = (23,0,2147483647,0,0,0,0,0,0,0,0,0,1000,2147483647,2147483647)
Skill = (24,0,2147483647,0,0,0,0,0,0,0,0,0,1000,2147483647,2147483647)

Spells      = {1,10,11,20,29}
QuestValues = {(16,1),(18,1),(19,1),(20,1),(22,1),(23,1),(35,1),(59,1),(60,1),(61,1),(100,1),(113,1),(114,1),(125,1),(126,1),(223,1),(226,1)}
Murders     = {}
