ID              = 8892486
Name            = "Marry Nike Loko"
Race            = 1
Profession      = 1
OriginalOutfit  = 137-132-90-114-121
CurrentOutfit   = 137-132-90-114-121
LastLogin       = 1131832967
LastLogout      = 1131832986
StartPosition   = [32360,31782,7]
CurrentPosition = [32294,31789,8]
PlayerkillerEnd = 0

Skill = (0,9,0,1,0,0,0,0,0,0,1,8270,0,9300,100)
Skill = (1,1,0,0,0,0,0,0,0,0,0,68,3000,80,20)
Skill = (2,194,200,0,0,0,0,0,0,0,15,0,0,0,0)
Skill = (3,40,40,0,0,0,0,0,0,0,5,0,0,0,0)
Skill = (4,78,78,0,0,0,0,0,0,0,1,0,0,0,0)
Skill = (5,495,495,0,0,0,0,0,0,0,25,0,0,0,0)
Skill = (6,28,0,10,0,0,0,0,0,0,0,4747,1100,5115,100)
Skill = (7,10,0,10,0,0,0,0,0,0,0,0,1400,30,30)
Skill = (8,10,0,10,0,0,0,0,0,0,0,23,1100,50,50)
Skill = (9,31,0,10,0,0,0,0,0,0,0,3385,1100,3570,50)
Skill = (10,10,0,10,0,0,0,0,0,0,0,0,1100,50,50)
Skill = (11,10,0,10,0,0,0,0,0,0,0,4,1100,50,50)
Skill = (12,0,2147483647,0,0,0,0,0,0,0,0,0,1000,2147483647,2147483647)
Skill = (13,21,0,10,0,0,0,0,0,0,0,387,1100,427,20)
Skill = (14,0,1200,0,0,0,0,0,0,0,0,0,0,0,0)
Skill = (15,0,2147483647,0,0,0,0,0,0,0,0,0,1000,2147483647,2147483647)
Skill = (16,0,2147483647,0,0,0,0,0,0,0,0,0,1000,2147483647,2147483647)
Skill = (17,0,2147483647,0,0,0,0,0,0,0,0,0,50,2147483647,2147483647)
Skill = (18,0,2147483647,0,0,0,0,0,0,0,0,0,1000,2147483647,2147483647)
Skill = (19,0,2147483647,0,0,0,0,0,0,0,0,0,1000,2147483647,2147483647)
Skill = (20,0,2147483647,0,0,0,0,0,0,0,0,0,1000,2147483647,2147483647)
Skill = (21,0,2147483647,0,0,0,0,0,0,0,0,0,1000,2147483647,2147483647)
Skill = (22,100,100,0,0,0,1,0,63,120,0,0,0,0,0)
Skill = (23,0,2147483647,0,0,0,0,0,0,0,0,0,1000,2147483647,2147483647)
Skill = (24,0,2147483647,0,0,0,0,0,0,0,0,0,1000,2147483647,2147483647)

Spells      = {1,10,20}
QuestValues = {(20,1),(21,1),(22,1),(23,1),(32,1),(33,1),(34,1),(60,1),(61,1)}
Murders     = {}
