ID              = 9845986
Name            = "Gosia Masterka"
Race            = 1
Profession      = 4
OriginalOutfit  = 137-78-86-86-86
CurrentOutfit   = 137-78-86-86-86
LastLogin       = 1131546517
LastLogout      = 1131546544
StartPosition   = [32957,32076,7]
CurrentPosition = [32346,32230,6]
PlayerkillerEnd = 0

Skill = (0,13,0,1,0,0,0,0,0,0,1,26570,0,29900,100)
Skill = (1,17,0,0,0,0,0,0,0,0,0,873,1100,911,20)
Skill = (2,210,210,0,0,0,0,0,0,0,5,0,0,0,0)
Skill = (3,0,160,0,0,0,0,0,0,0,30,0,0,0,0)
Skill = (4,82,82,0,0,0,0,0,0,0,1,0,0,0,0)
Skill = (5,520,520,0,0,0,0,0,0,0,10,0,0,0,0)
Skill = (6,19,0,10,0,0,0,0,0,0,0,8163,1500,11333,100)
Skill = (7,10,0,10,0,0,0,0,0,0,0,7,1800,30,30)
Skill = (8,18,0,10,0,0,0,0,0,0,0,7647,1800,12334,50)
Skill = (9,14,0,10,0,0,0,0,0,0,0,816,1800,1118,50)
Skill = (10,10,0,10,0,0,0,0,0,0,0,0,1800,50,50)
Skill = (11,11,0,10,0,0,0,0,0,0,0,114,1500,125,50)
Skill = (12,0,2147483647,0,0,0,0,0,0,0,0,0,1000,2147483647,2147483647)
Skill = (13,31,0,10,0,0,0,0,0,0,0,1301,1100,1428,20)
Skill = (14,0,1200,0,0,0,1183,0,0,0,0,0,0,0,0)
Skill = (15,0,2147483647,0,0,0,0,0,83,83,0,0,1000,2147483647,2147483647)
Skill = (16,0,2147483647,0,0,0,0,0,0,0,0,0,1000,2147483647,2147483647)
Skill = (17,0,2147483647,0,0,0,0,0,3,3,0,0,50,2147483647,2147483647)
Skill = (18,0,2147483647,0,0,0,0,0,0,0,0,0,1000,2147483647,2147483647)
Skill = (19,0,2147483647,0,0,0,0,0,0,0,0,0,1000,2147483647,2147483647)
Skill = (20,0,2147483647,0,0,0,0,0,0,0,0,0,1000,2147483647,2147483647)
Skill = (21,0,2147483647,0,0,0,0,0,0,0,0,0,1000,2147483647,2147483647)
Skill = (22,8,100,0,0,0,0,0,120,120,0,0,0,0,0)
Skill = (23,0,2147483647,0,0,0,0,0,0,0,0,0,1000,2147483647,2147483647)
Skill = (24,0,2147483647,0,0,0,0,0,0,0,0,0,1000,2147483647,2147483647)

Spells      = {1,5,8,10,16}
QuestValues = {(18,1),(35,1),(59,1),(93,1),(94,1),(95,1),(96,1),(97,1),(98,1),(223,1)}
Murders     = {}
