ID              = 9886386
Name            = "Squidmaster"
Race            = 1
Profession      = 1
OriginalOutfit  = 129-0-87-0-87
CurrentOutfit   = 129-0-87-0-87
LastLogin       = 1122774404
LastLogout      = 1122776491
StartPosition   = [32369,32241,7]
CurrentPosition = [32369,32241,7]
PlayerkillerEnd = 0

Skill = (0,10,0,1,0,0,0,0,0,0,1,9345,0,13000,100)
Skill = (1,0,0,0,0,0,0,0,0,0,0,7,3000,20,20)
Skill = (2,177,215,0,0,0,0,0,0,0,15,0,0,0,0)
Skill = (3,45,45,0,0,0,0,0,0,0,5,0,0,0,0)
Skill = (4,79,79,0,0,0,0,0,0,0,1,0,0,0,0)
Skill = (5,520,520,0,0,0,0,0,0,0,25,0,0,0,0)
Skill = (6,21,0,10,0,0,0,0,0,0,0,2024,1100,2138,100)
Skill = (7,10,0,10,0,0,0,0,0,0,0,0,1400,30,30)
Skill = (8,12,0,10,0,0,0,0,0,0,0,110,1100,165,50)
Skill = (9,23,0,10,0,0,0,0,0,0,0,1384,1100,1398,50)
Skill = (10,11,0,10,0,0,0,0,0,0,0,67,1100,105,50)
Skill = (11,10,0,10,0,0,0,0,0,0,0,23,1100,50,50)
Skill = (12,0,2147483647,0,0,0,0,0,0,0,0,0,1000,2147483647,2147483647)
Skill = (13,10,0,10,0,0,0,0,0,0,0,0,1100,20,20)
Skill = (14,0,1200,0,0,0,763,0,0,0,0,0,0,0,0)
Skill = (15,0,2147483647,0,0,0,0,0,83,83,0,0,1000,2147483647,2147483647)
Skill = (16,0,2147483647,0,0,0,0,0,0,0,0,0,1000,2147483647,2147483647)
Skill = (17,0,2147483647,0,0,0,0,0,3,3,0,0,50,2147483647,2147483647)
Skill = (18,0,2147483647,0,0,0,0,0,0,0,0,0,1000,2147483647,2147483647)
Skill = (19,0,2147483647,0,0,0,0,0,0,0,0,0,1000,2147483647,2147483647)
Skill = (20,0,2147483647,0,0,0,0,0,0,0,0,0,1000,2147483647,2147483647)
Skill = (21,0,2147483647,0,0,0,0,0,0,0,0,0,1000,2147483647,2147483647)
Skill = (22,200,200,0,0,0,0,0,0,0,0,0,0,0,0)
Skill = (23,0,2147483647,0,0,0,0,0,0,0,0,0,1000,2147483647,2147483647)
Skill = (24,0,2147483647,0,0,0,0,0,0,0,0,0,1000,2147483647,2147483647)

Spells      = {10}
QuestValues = {(18,1),(20,1),(59,1),(106,1),(107,1)}
Murders     = {}
