ID              = 10199938
Name            = "Dark huarachon"
Race            = 1
Profession      = 3
OriginalOutfit  = 128-62-76-76-76
CurrentOutfit   = 128-62-76-76-76
LastLogin       = 1131934354
LastLogout      = 1131937580
StartPosition   = [32957,32076,7]
CurrentPosition = [32566,31940,6]
PlayerkillerEnd = 0

Skill = (0,14,0,1,0,0,0,0,0,0,1,32546,0,37800,100)
Skill = (1,14,0,0,0,0,0,0,0,0,0,562,1100,635,20)
Skill = (2,215,215,0,0,0,0,0,0,0,5,0,0,0,0)
Skill = (3,98,215,0,0,0,0,0,0,0,30,0,0,0,0)
Skill = (4,83,83,0,0,0,0,0,0,0,1,0,0,0,0)
Skill = (5,530,530,0,0,0,0,0,0,0,10,0,0,0,0)
Skill = (6,21,0,10,0,0,0,0,0,0,0,17519,1500,25749,100)
Skill = (7,10,0,10,0,0,0,0,0,0,0,0,2000,30,30)
Skill = (8,17,0,10,0,0,0,0,0,0,0,11747,2000,12750,50)
Skill = (9,15,0,10,0,0,0,0,0,0,0,3063,2000,3150,50)
Skill = (10,10,0,10,0,0,0,0,0,0,0,0,2000,50,50)
Skill = (11,10,0,10,0,0,0,0,0,0,0,17,1500,50,50)
Skill = (12,0,2147483647,0,0,0,0,0,0,0,0,0,1000,2147483647,2147483647)
Skill = (13,27,0,10,0,0,0,0,0,0,0,880,1100,911,20)
Skill = (14,0,1200,0,0,0,77,0,0,0,0,0,0,0,0)
Skill = (15,0,2147483647,0,0,0,3,0,35,83,0,0,1000,2147483647,2147483647)
Skill = (16,0,2147483647,0,0,0,0,0,0,0,0,0,1000,2147483647,2147483647)
Skill = (17,0,2147483647,0,0,0,0,0,3,3,0,0,50,2147483647,2147483647)
Skill = (18,0,2147483647,0,0,0,0,0,8,8,0,0,1000,2147483647,2147483647)
Skill = (19,0,2147483647,0,0,0,0,0,0,0,0,0,1000,2147483647,2147483647)
Skill = (20,0,2147483647,0,0,0,0,0,0,0,0,0,1000,2147483647,2147483647)
Skill = (21,0,2147483647,0,0,0,0,0,0,0,0,0,1000,2147483647,2147483647)
Skill = (22,100,100,0,0,0,0,0,120,120,0,0,0,0,0)
Skill = (23,0,2147483647,0,0,0,0,0,0,0,0,0,1000,2147483647,2147483647)
Skill = (24,0,2147483647,0,0,0,0,0,0,0,0,0,1000,2147483647,2147483647)

Spells      = {1,2,7,8,10,15,17,20,25,26,27,29}
QuestValues = {(20,1),(99,1)}
Murders     = {}
