ID              = 10231438
Name            = "Demosteles"
Race            = 1
Profession      = 1
OriginalOutfit  = 131-114-114-76-114
CurrentOutfit   = 131-114-114-76-114
LastLogin       = 1127060573
LastLogout      = 1127060952
StartPosition   = [32649,31925,11]
CurrentPosition = [32641,31761,7]
PlayerkillerEnd = 0

Skill = (0,20,0,1,0,0,0,0,0,0,1,104963,0,116000,100)
Skill = (1,3,0,0,0,0,0,0,0,0,0,418,3000,800,20)
Skill = (2,365,365,0,0,0,0,0,0,0,15,0,0,0,0)
Skill = (3,52,95,0,0,0,0,0,0,0,5,0,0,0,0)
Skill = (4,89,89,0,0,0,0,0,0,0,1,0,0,0,0)
Skill = (5,770,770,0,0,0,0,0,0,0,25,0,0,0,0)
Skill = (6,49,0,10,0,0,0,0,0,0,0,44081,1100,44259,100)
Skill = (7,10,0,10,0,0,0,0,0,0,0,1,1400,30,30)
Skill = (8,10,0,10,0,0,0,0,0,0,0,4,1100,50,50)
Skill = (9,10,0,10,0,0,0,0,0,0,0,23,1100,50,50)
Skill = (10,50,0,10,0,0,0,0,0,0,0,23658,1100,24392,50)
Skill = (11,10,0,10,0,0,0,0,0,0,0,24,1100,50,50)
Skill = (12,0,2147483647,0,0,0,0,0,0,0,0,0,1000,2147483647,2147483647)
Skill = (13,12,0,10,0,0,0,0,0,0,0,65,1100,66,20)
Skill = (14,0,1200,0,0,0,218,0,0,0,0,0,0,0,0)
Skill = (15,0,2147483647,0,0,0,0,0,83,83,0,0,1000,2147483647,2147483647)
Skill = (16,0,2147483647,0,0,0,0,0,0,0,0,0,1000,2147483647,2147483647)
Skill = (17,0,2147483647,0,0,0,0,0,0,0,0,0,50,2147483647,2147483647)
Skill = (18,0,2147483647,0,0,0,0,0,8,8,0,0,1000,2147483647,2147483647)
Skill = (19,0,2147483647,0,0,0,0,0,0,0,0,0,1000,2147483647,2147483647)
Skill = (20,0,2147483647,0,0,0,0,0,0,0,0,0,1000,2147483647,2147483647)
Skill = (21,0,2147483647,0,0,0,0,0,0,0,0,0,1000,2147483647,2147483647)
Skill = (22,100,100,0,0,0,0,0,120,120,0,0,0,0,0)
Skill = (23,0,2147483647,0,0,0,0,0,0,0,0,0,1000,2147483647,2147483647)
Skill = (24,0,2147483647,0,0,0,0,0,0,0,0,0,1000,2147483647,2147483647)

Spells      = {1,10}
QuestValues = {(17,1),(18,1),(20,1),(21,1),(22,1),(23,1),(59,1),(69,1),(125,1),(126,1),(223,1)}
Murders     = {}
