ID              = 10896138
Name            = "Gall Hesius"
Race            = 1
Profession      = 1
OriginalOutfit  = 131-79-0-0-0
CurrentOutfit   = 131-79-0-0-0
LastLogin       = 1131217761
LastLogout      = 1131217795
StartPosition   = [32360,31782,7]
CurrentPosition = [32510,31788,7]
PlayerkillerEnd = 0

Skill = (0,10,0,1,0,0,0,0,0,0,1,10322,0,13000,100)
Skill = (1,0,0,0,0,0,0,0,0,0,0,0,3000,20,20)
Skill = (2,47,215,0,0,0,0,0,0,0,15,0,0,0,0)
Skill = (3,45,45,0,0,0,0,0,0,0,5,0,0,0,0)
Skill = (4,79,79,0,0,0,0,0,0,0,1,0,0,0,0)
Skill = (5,520,520,0,0,0,0,0,0,0,25,0,0,0,0)
Skill = (6,29,0,10,0,0,0,0,0,0,0,5224,1100,5727,100)
Skill = (7,10,0,10,0,0,0,0,0,0,0,5,1400,30,30)
Skill = (8,33,0,10,0,0,0,0,0,0,0,4073,1100,4424,50)
Skill = (9,10,0,10,0,0,0,0,0,0,0,5,1100,50,50)
Skill = (10,13,0,10,0,0,0,0,0,0,0,190,1100,232,50)
Skill = (11,10,0,10,0,0,0,0,0,0,0,0,1100,50,50)
Skill = (12,0,2147483647,0,0,0,0,0,0,0,0,0,1000,2147483647,2147483647)
Skill = (13,10,0,10,0,0,0,0,0,0,0,0,1100,20,20)
Skill = (14,0,1200,0,0,0,0,0,0,0,0,0,0,0,0)
Skill = (15,0,2147483647,0,0,0,0,0,0,0,0,0,1000,2147483647,2147483647)
Skill = (16,0,2147483647,0,0,0,0,0,0,0,0,0,1000,2147483647,2147483647)
Skill = (17,0,2147483647,0,0,0,0,0,0,0,0,0,50,2147483647,2147483647)
Skill = (18,0,2147483647,0,0,0,0,0,8,8,0,0,1000,2147483647,2147483647)
Skill = (19,0,2147483647,0,0,0,0,0,0,0,0,0,1000,2147483647,2147483647)
Skill = (20,0,2147483647,0,0,0,0,0,0,0,0,0,1000,2147483647,2147483647)
Skill = (21,0,2147483647,0,0,0,0,0,0,0,0,0,1000,2147483647,2147483647)
Skill = (22,100,100,0,0,0,1,0,96,120,0,0,0,0,0)
Skill = (23,0,2147483647,0,0,0,0,0,0,0,0,0,1000,2147483647,2147483647)
Skill = (24,0,2147483647,0,0,0,0,0,0,0,0,0,1000,2147483647,2147483647)

Spells      = {}
QuestValues = {(18,1),(35,1),(125,1),(126,1),(223,1)}
Murders     = {}
