ID              = 8535938
Name            = "Lurias"
Race            = 1
Profession      = 11
OriginalOutfit  = 134-0-67-71-85
CurrentOutfit   = 134-0-67-71-85
LastLogin       = 1131924308
LastLogout      = 1131924948
StartPosition   = [32957,32076,7]
CurrentPosition = [32173,32391,7]
PlayerkillerEnd = 0

Skill = (0,47,0,1,0,0,0,0,0,0,1,1532701,0,1626200,100)
Skill = (1,5,0,0,0,0,0,0,0,0,0,3680,3000,7280,20)
Skill = (2,770,770,0,0,0,0,0,0,0,15,0,0,0,0)
Skill = (3,229,230,0,0,0,0,0,0,0,5,0,0,0,0)
Skill = (4,116,116,0,0,0,0,0,10,10,1,0,0,0,0)
Skill = (5,1445,1445,0,0,0,0,0,0,0,25,0,0,0,0)
Skill = (6,60,0,10,0,0,0,0,0,0,0,122198,1100,128129,100)
Skill = (7,10,0,10,0,0,0,0,0,0,0,21,1400,30,30)
Skill = (8,65,0,10,0,0,0,0,0,0,0,99953,1100,103482,50)
Skill = (9,11,0,10,0,0,0,0,0,0,0,54,1100,105,50)
Skill = (10,12,0,10,0,0,0,0,0,0,0,127,1100,165,50)
Skill = (11,10,0,10,0,0,0,0,0,0,0,38,1100,50,50)
Skill = (12,0,2147483647,0,0,0,0,0,0,0,0,0,1000,2147483647,2147483647)
Skill = (13,19,0,10,0,0,0,0,0,0,0,285,1100,318,20)
Skill = (14,0,1200,0,0,0,735,0,0,0,0,0,0,0,0)
Skill = (15,0,2147483647,0,0,0,0,0,83,83,0,0,1000,2147483647,2147483647)
Skill = (16,0,2147483647,0,0,0,0,0,5,5,0,0,1000,2147483647,2147483647)
Skill = (17,0,2147483647,0,0,0,0,0,3,3,0,0,50,2147483647,2147483647)
Skill = (18,0,2147483647,0,0,0,0,0,8,8,0,0,1000,2147483647,2147483647)
Skill = (19,0,2147483647,0,0,0,0,0,0,0,0,0,1000,2147483647,2147483647)
Skill = (20,0,2147483647,0,0,0,0,0,6,6,0,0,1000,2147483647,2147483647)
Skill = (21,0,2147483647,0,0,0,0,0,0,0,0,0,1000,2147483647,2147483647)
Skill = (22,100,100,0,0,0,0,0,120,120,0,0,0,0,0)
Skill = (23,0,2147483647,0,0,0,0,0,0,0,0,0,1000,2147483647,2147483647)
Skill = (24,0,2147483647,0,0,0,0,0,0,0,0,0,1000,2147483647,2147483647)

Spells      = {1,6,10,20,29,80}
QuestValues = {(18,1),(20,1),(21,1),(22,1),(23,1),(32,1),(33,1),(34,1),(35,1),(37,1),(93,1),(94,1),(95,1),(96,1),(97,1),(98,1),(99,1),(121,1),(134,1),(151,1),(152,1),(208,1),(227,5),(228,2),(229,3),(230,21),(231,2),(232,1),(233,7),(249,2),(250,2),(251,2),(269,1)}
Murders     = {}
