ID              = 8863438
Name            = "Charls Revolver"
Race            = 1
Profession      = 4
OriginalOutfit  = 128-94-114-114-94
CurrentOutfit   = 128-94-114-114-94
LastLogin       = 1129138181
LastLogout      = 1129138545
StartPosition   = [32369,32241,7]
CurrentPosition = [32345,32218,7]
PlayerkillerEnd = 1131728936

Skill = (0,8,0,1,0,0,0,0,0,0,1,5337,0,6400,100)
Skill = (1,6,0,0,0,0,0,0,0,0,0,158,1100,189,20)
Skill = (2,185,185,0,0,0,0,0,0,0,5,0,0,0,0)
Skill = (3,35,35,0,0,0,0,0,0,0,30,0,0,0,0)
Skill = (4,77,77,0,0,0,0,0,0,0,1,0,0,0,0)
Skill = (5,470,470,0,0,0,0,0,0,0,10,0,0,0,0)
Skill = (6,14,0,10,0,0,0,0,0,0,0,980,1500,1318,100)
Skill = (7,10,0,10,0,0,0,0,0,0,0,9,1800,30,30)
Skill = (8,14,0,10,0,0,0,0,0,0,0,888,1800,1118,50)
Skill = (9,13,0,10,0,0,0,0,0,0,0,351,1800,593,50)
Skill = (10,10,0,10,0,0,0,0,0,0,0,18,1800,50,50)
Skill = (11,10,0,10,0,0,0,0,0,0,0,16,1500,50,50)
Skill = (12,0,2147483647,0,0,0,0,0,0,0,0,0,1000,2147483647,2147483647)
Skill = (13,13,0,10,0,0,0,0,0,0,0,72,1100,92,20)
Skill = (14,0,1200,0,0,0,0,0,0,0,0,0,0,0,0)
Skill = (15,0,2147483647,0,0,0,0,0,0,0,0,0,1000,2147483647,2147483647)
Skill = (16,0,2147483647,0,0,0,0,0,0,0,0,0,1000,2147483647,2147483647)
Skill = (17,0,2147483647,0,0,0,0,0,0,0,0,0,50,2147483647,2147483647)
Skill = (18,0,2147483647,0,0,0,0,0,0,0,0,0,1000,2147483647,2147483647)
Skill = (19,0,2147483647,0,0,0,0,0,0,0,0,0,1000,2147483647,2147483647)
Skill = (20,0,2147483647,0,0,0,0,0,0,0,0,0,1000,2147483647,2147483647)
Skill = (21,0,2147483647,0,0,0,0,0,0,0,0,0,1000,2147483647,2147483647)
Skill = (22,50,100,0,0,0,0,0,0,0,0,0,0,0,0)
Skill = (23,0,2147483647,0,0,0,0,0,0,0,0,0,1000,2147483647,2147483647)
Skill = (24,0,2147483647,0,0,0,0,0,0,0,0,0,1000,2147483647,2147483647)

Spells      = {1,2,4,5,7,8,10,25,26,29}
QuestValues = {(35,1),(59,1),(125,1),(126,1)}
Murders     = {1129087476,1129130744,1129136936}
