ID              = 9596438
Name            = "Dufel"
Race            = 1
Profession      = 2
OriginalOutfit  = 129-58-114-114-95
CurrentOutfit   = 129-58-114-114-95
LastLogin       = 1132089504
LastLogout      = 1132089517
StartPosition   = [32957,32076,7]
CurrentPosition = [32914,32077,7]
PlayerkillerEnd = 0

Skill = (0,32,0,1,0,0,0,0,0,0,1,472012,0,499200,100)
Skill = (1,12,0,0,0,0,0,0,0,0,0,3764,1400,3918,20)
Skill = (2,425,425,0,0,0,0,0,0,0,10,0,0,0,0)
Skill = (3,378,395,0,0,0,0,0,0,0,15,0,0,0,0)
Skill = (4,101,101,0,20,0,0,0,0,0,1,0,0,0,0)
Skill = (5,950,950,0,0,0,0,0,0,0,20,0,0,0,0)
Skill = (6,21,0,10,0,0,0,0,0,0,0,1900,1100,2138,100)
Skill = (7,64,0,10,0,0,0,0,0,0,0,55387,1100,56417,30)
Skill = (8,16,0,10,0,0,0,0,0,0,0,579,1200,645,50)
Skill = (9,10,0,10,0,0,0,0,0,0,0,9,1200,50,50)
Skill = (10,10,0,10,0,0,0,0,0,0,0,0,1200,50,50)
Skill = (11,13,0,10,0,0,0,0,0,0,0,253,1200,268,50)
Skill = (12,0,2147483647,0,0,0,0,0,0,0,0,0,1000,2147483647,2147483647)
Skill = (13,40,0,10,0,0,0,0,0,0,0,3445,1100,3638,20)
Skill = (14,0,1200,0,0,0,853,0,0,0,0,0,0,0,0)
Skill = (15,0,2147483647,0,0,0,0,0,83,83,0,0,1000,2147483647,2147483647)
Skill = (16,0,2147483647,0,0,0,0,0,0,0,0,0,1000,2147483647,2147483647)
Skill = (17,0,2147483647,0,0,0,0,0,3,3,0,0,50,2147483647,2147483647)
Skill = (18,0,2147483647,0,0,0,0,0,8,8,0,0,1000,2147483647,2147483647)
Skill = (19,0,2147483647,0,0,0,0,0,0,0,0,0,1000,2147483647,2147483647)
Skill = (20,0,2147483647,0,0,0,0,0,120,120,0,0,1000,2147483647,2147483647)
Skill = (21,0,2147483647,0,0,0,0,0,200,200,0,0,1000,2147483647,2147483647)
Skill = (22,100,100,0,0,0,0,0,120,120,0,0,0,0,0)
Skill = (23,0,2147483647,0,0,0,0,0,0,0,0,0,1000,2147483647,2147483647)
Skill = (24,0,2147483647,0,0,0,0,0,0,0,0,0,1000,2147483647,2147483647)

Spells      = {2,3,10,20,29,44,49,51}
QuestValues = {(14,1),(15,1),(18,1),(20,1),(21,1),(22,1),(23,1),(24,1),(32,1),(33,1),(34,1),(35,1),(37,1),(59,1),(69,1),(70,1),(71,1),(88,1),(89,1),(90,1),(91,1),(92,1),(93,1),(94,1),(95,1),(96,1),(97,1),(98,1),(99,1),(100,1),(106,1),(107,1),(109,1),(115,1),(128,1),(153,1),(190,1),(191,1),(226,1),(279,1)}
Murders     = {1130867228,1130868664}
