ID              = 9718438
Name            = "Misioj"
Race            = 1
Profession      = 2
OriginalOutfit  = 128-77-115-39-0
CurrentOutfit   = 128-77-115-39-0
LastLogin       = 1125680820
LastLogout      = 1125680961
StartPosition   = [32369,32241,7]
CurrentPosition = [32370,32230,7]
PlayerkillerEnd = 0

Skill = (0,6,0,1,0,0,0,0,0,0,1,2273,0,2600,100)
Skill = (1,0,0,0,0,0,0,0,0,0,0,0,1400,20,20)
Skill = (2,165,165,0,0,0,0,0,0,0,10,0,0,0,0)
Skill = (3,5,5,0,0,0,0,0,0,0,15,0,0,0,0)
Skill = (4,75,75,0,0,0,0,0,0,0,1,0,0,0,0)
Skill = (5,430,430,0,0,0,0,0,0,0,20,0,0,0,0)
Skill = (6,17,0,10,0,0,0,0,0,0,0,959,1100,1143,100)
Skill = (7,10,0,10,0,0,0,0,0,0,0,5,1100,30,30)
Skill = (8,13,0,10,0,0,0,0,0,0,0,195,1200,268,50)
Skill = (9,15,0,10,0,0,0,0,0,0,0,427,1200,496,50)
Skill = (10,11,0,10,0,0,0,0,0,0,0,93,1200,109,50)
Skill = (11,12,0,10,0,0,0,0,0,0,0,112,1200,181,50)
Skill = (12,0,2147483647,0,0,0,0,0,0,0,0,0,1000,2147483647,2147483647)
Skill = (13,10,0,10,0,0,0,0,0,0,0,0,1100,20,20)
Skill = (14,0,1200,0,0,0,0,0,0,0,0,0,0,0,0)
Skill = (15,0,2147483647,0,0,0,0,0,0,0,0,0,1000,2147483647,2147483647)
Skill = (16,0,2147483647,0,0,0,0,0,0,0,0,0,1000,2147483647,2147483647)
Skill = (17,0,2147483647,0,0,0,0,0,0,0,0,0,50,2147483647,2147483647)
Skill = (18,0,2147483647,0,0,0,0,0,0,0,0,0,1000,2147483647,2147483647)
Skill = (19,0,2147483647,0,0,0,0,0,0,0,0,0,1000,2147483647,2147483647)
Skill = (20,0,2147483647,0,0,0,0,0,0,0,0,0,1000,2147483647,2147483647)
Skill = (21,0,2147483647,0,0,0,0,0,0,0,0,0,1000,2147483647,2147483647)
Skill = (22,100,100,0,0,0,0,0,0,0,0,0,0,0,0)
Skill = (23,0,2147483647,0,0,0,0,0,0,0,0,0,1000,2147483647,2147483647)
Skill = (24,0,2147483647,0,0,0,0,0,0,0,0,0,1000,2147483647,2147483647)

Spells      = {}
QuestValues = {(18,1),(35,1),(223,1)}
Murders     = {}
