ID              = 7950182
Name            = "Acko Bokiz"
Race            = 1
Profession      = 11
OriginalOutfit  = 134-114-79-94-120
CurrentOutfit   = 134-114-79-94-120
LastLogin       = 1132146992
LastLogout      = 1132147632
StartPosition   = [32957,32076,7]
CurrentPosition = [32894,32106,6]
PlayerkillerEnd = 0

Skill = (0,101,0,1,0,0,0,0,0,0,1,16367378,0,16675100,100)
Skill = (1,6,0,0,0,0,0,0,0,0,0,18425,3000,21860,20)
Skill = (2,1164,1580,0,0,0,0,0,0,0,15,0,0,0,0)
Skill = (3,477,500,0,0,0,0,0,0,0,5,0,0,0,0)
Skill = (4,170,170,0,20,0,0,0,10,10,1,0,0,0,0)
Skill = (5,2795,2795,0,0,0,0,0,0,0,25,0,0,0,0)
Skill = (6,78,0,10,0,0,0,0,0,0,0,693338,1100,716951,100)
Skill = (7,12,0,10,0,0,0,0,0,0,0,107,1400,130,30)
Skill = (8,22,0,10,0,0,0,0,0,0,0,1180,1100,1226,50)
Skill = (9,27,0,10,0,0,0,0,0,0,0,2203,1100,2279,50)
Skill = (10,85,0,10,0,0,0,0,0,0,0,683489,1100,699042,50)
Skill = (11,19,0,10,0,0,0,0,0,0,0,794,1100,796,50)
Skill = (12,0,2147483647,0,0,0,0,0,0,0,0,0,1000,2147483647,2147483647)
Skill = (13,50,0,10,0,0,0,0,0,0,0,9229,1100,9757,20)
Skill = (14,0,1200,0,0,0,0,0,0,0,0,0,0,0,0)
Skill = (15,0,2147483647,0,0,0,0,0,83,83,0,0,1000,2147483647,2147483647)
Skill = (16,0,2147483647,0,0,0,0,0,0,0,0,0,1000,2147483647,2147483647)
Skill = (17,0,2147483647,0,0,0,0,0,0,0,0,0,50,2147483647,2147483647)
Skill = (18,0,2147483647,0,0,0,0,0,8,8,0,0,1000,2147483647,2147483647)
Skill = (19,0,2147483647,0,0,0,0,0,10,10,0,0,1000,2147483647,2147483647)
Skill = (20,0,2147483647,0,0,0,0,0,0,0,0,0,1000,2147483647,2147483647)
Skill = (21,0,2147483647,0,0,0,0,0,0,0,0,0,1000,2147483647,2147483647)
Skill = (22,200,200,0,0,0,0,0,15,15,0,0,0,0,0)
Skill = (23,0,2147483647,0,0,0,0,0,0,0,0,0,1000,2147483647,2147483647)
Skill = (24,0,2147483647,0,0,0,0,0,0,0,0,0,1000,2147483647,2147483647)

Spells      = {1,6,10,20,29,76,80,81}
QuestValues = {(1,2),(2,6),(3,1),(4,1),(5,1),(6,1),(7,1),(9,1),(10,1),(11,1),(12,1),(14,1),(15,1),(18,1),(22,1),(23,1),(25,1),(26,1),(27,1),(32,1),(33,1),(34,1),(36,1),(37,1),(40,1),(41,1),(42,1),(43,1),(44,1),(50,1),(56,1),(62,2),(63,1),(64,1),(76,1),(77,1),(78,1),(79,1),(80,1),(81,1),(82,1),(83,1),(84,1),(85,1),(86,1),(87,1),(88,1),(89,1),(90,1),(93,1),(94,1),(95,1),(96,1),(97,1),(98,1),(99,1),(101,1),(102,1),(103,3),(104,1),(105,1),(108,1),(109,1),(111,1),(112,1),(115,1),(116,1),(117,1),(118,1),(121,1),(122,1),(123,1),(124,1),(125,1),(126,1),(127,1),(129,1),(130,1),(131,1),(132,1),(133,1),(135,1),(136,1),(137,1),(144,1),(145,1),(146,1),(147,1),(148,1),(149,1),(150,1),(151,1),(152,1),(153,1),(154,1),(155,1),(156,1),(157,1),(158,1),(159,1),(160,1),(161,1),(162,1),(163,1),(166,1),(167,1),(168,1),(169,1),(170,1),(171,1),(172,1),(173,1),(174,1),(176,1),(177,1),(178,1),(179,1),(180,1),(181,1),(182,1),(183,1),(184,1),(185,1),(186,1),(190,1),(191,1),(195,1),(196,1),(197,1),(198,1),(200,1),(201,1),(202,1),(205,1),(208,1),(211,4),(213,1),(214,1),(215,1),(216,1),(218,1),(222,1),(225,1),(227,5),(228,2),(229,3),(230,21),(231,2),(232,1),(233,10),(234,7),(235,1),(236,1),(237,1),(238,1),(239,1),(240,1),(241,1),(242,1),(243,1),(244,2),(245,2),(246,1),(247,1),(248,1),(249,5),(250,5),(251,2),(254,1),(257,1),(278,2),(279,1),(280,2),(281,2),(282,2),(283,3),(284,1)}
Murders     = {1130012768,1130647784,1130664708,1131130389,1131151388}
