ID              = 8553682
Name            = "Sir Voldemour"
Race            = 1
Profession      = 4
OriginalOutfit  = 128-114-85-114-114
CurrentOutfit   = 128-114-85-114-114
LastLogin       = 1131764978
LastLogout      = 1131767798
StartPosition   = [32732,31634,7]
CurrentPosition = [32681,31682,7]
PlayerkillerEnd = 0

Skill = (0,25,0,1,0,0,0,0,0,0,1,209548,0,232500,100)
Skill = (1,31,0,0,0,0,0,0,0,0,0,3684,1100,4022,20)
Skill = (2,270,270,0,0,0,0,0,0,0,5,0,0,0,0)
Skill = (3,130,545,0,0,0,0,0,0,0,30,0,0,0,0)
Skill = (4,94,94,0,0,0,0,0,0,0,1,0,0,0,0)
Skill = (5,640,640,0,0,0,0,0,0,0,10,0,0,0,0)
Skill = (6,23,0,10,0,0,0,0,0,0,0,56786,1500,58185,100)
Skill = (7,11,0,10,0,0,0,0,0,0,0,41,1800,84,30)
Skill = (8,11,0,10,0,0,0,0,0,0,0,51,1800,140,50)
Skill = (9,21,0,10,0,0,0,0,0,0,0,42761,1800,72239,50)
Skill = (10,12,0,10,0,0,0,0,0,0,0,211,1800,302,50)
Skill = (11,11,0,10,0,0,0,0,0,0,0,56,1500,125,50)
Skill = (12,0,2147483647,0,0,0,0,0,0,0,0,0,1000,2147483647,2147483647)
Skill = (13,41,0,10,0,0,0,0,0,0,0,3856,1100,4022,20)
Skill = (14,0,1200,0,0,0,596,0,0,0,0,0,0,0,0)
Skill = (15,0,2147483647,0,0,0,0,0,83,83,0,0,1000,2147483647,2147483647)
Skill = (16,0,2147483647,0,0,0,0,0,200,200,0,0,1000,2147483647,2147483647)
Skill = (17,0,2147483647,0,0,0,0,0,3,3,0,0,50,2147483647,2147483647)
Skill = (18,0,2147483647,0,0,0,0,0,8,8,0,0,1000,2147483647,2147483647)
Skill = (19,0,2147483647,0,0,0,0,0,10,10,0,0,1000,2147483647,2147483647)
Skill = (20,0,2147483647,0,0,0,0,0,0,0,0,0,1000,2147483647,2147483647)
Skill = (21,0,2147483647,0,0,0,0,0,0,0,0,0,1000,2147483647,2147483647)
Skill = (22,50,100,0,0,0,0,0,120,120,0,0,0,0,0)
Skill = (23,0,2147483647,0,0,0,0,0,0,0,0,0,1000,2147483647,2147483647)
Skill = (24,0,2147483647,0,0,0,0,0,0,0,0,0,1000,2147483647,2147483647)

Spells      = {1,5,8,9,10,16,20,42,44,45}
QuestValues = {(18,1),(20,1),(23,1),(32,1),(33,1),(34,1),(67,1),(68,1),(70,1),(71,1),(96,1),(97,1),(190,1),(191,1),(223,1)}
Murders     = {}
