ID              = 9386782
Name            = "Sir darth master"
Race            = 1
Profession      = 4
OriginalOutfit  = 134-114-58-21-0
CurrentOutfit   = 134-114-58-21-0
LastLogin       = 1131857213
LastLogout      = 1131857226
StartPosition   = [32957,32076,7]
CurrentPosition = [33000,32087,5]
PlayerkillerEnd = 0

Skill = (0,17,0,1,0,0,0,0,0,0,1,66030,0,69700,100)
Skill = (1,19,0,0,0,0,0,0,0,0,0,1112,1100,1145,20)
Skill = (2,230,230,0,0,0,0,0,0,0,5,0,0,0,0)
Skill = (3,170,305,0,0,0,0,0,0,0,30,0,0,0,0)
Skill = (4,86,86,0,0,0,0,0,0,0,1,0,0,0,0)
Skill = (5,560,560,0,0,0,0,0,0,0,10,0,0,0,0)
Skill = (6,17,0,10,0,0,0,0,0,0,0,4599,1500,4925,100)
Skill = (7,10,0,10,0,0,0,0,0,0,0,0,1800,30,30)
Skill = (8,10,0,10,0,0,0,0,0,0,0,9,1800,50,50)
Skill = (9,18,0,10,0,0,0,0,0,0,0,8924,1800,12334,50)
Skill = (10,10,0,10,0,0,0,0,0,0,0,9,1800,50,50)
Skill = (11,12,0,10,0,0,0,0,0,0,0,211,1500,237,50)
Skill = (12,0,2147483647,0,0,0,0,0,0,0,0,0,1000,2147483647,2147483647)
Skill = (13,14,0,10,0,0,0,0,0,0,0,100,1100,122,20)
Skill = (14,0,1200,0,0,0,1176,0,0,0,0,0,0,0,0)
Skill = (15,0,2147483647,0,0,0,0,0,0,0,0,0,1000,2147483647,2147483647)
Skill = (16,0,2147483647,0,0,0,0,0,0,0,0,0,1000,2147483647,2147483647)
Skill = (17,0,2147483647,0,0,0,0,0,0,0,0,0,50,2147483647,2147483647)
Skill = (18,0,2147483647,0,0,0,0,0,0,0,0,0,1000,2147483647,2147483647)
Skill = (19,0,2147483647,0,0,0,0,0,0,0,0,0,1000,2147483647,2147483647)
Skill = (20,0,2147483647,0,0,0,0,0,0,0,0,0,1000,2147483647,2147483647)
Skill = (21,0,2147483647,0,0,0,0,0,0,0,0,0,1000,2147483647,2147483647)
Skill = (22,31,100,0,0,0,0,0,0,0,0,0,0,0,0)
Skill = (23,0,2147483647,0,0,0,0,0,0,0,0,0,1000,2147483647,2147483647)
Skill = (24,0,2147483647,0,0,0,0,0,0,0,0,0,1000,2147483647,2147483647)

Spells      = {2,3,4,5,6,8,10,20,25,26,27,29,30,31}
QuestValues = {(18,1),(20,1),(86,1),(87,1),(96,1),(97,1),(98,1),(190,1),(191,1)}
Murders     = {1129395788,1129481991,1129998211,1129999856,1130447406,1130608765,1130616044,1130984481,1131216371}
