ID              = 9708282
Name            = "Rafal elo"
Race            = 1
Profession      = 3
OriginalOutfit  = 128-116-79-117-76
CurrentOutfit   = 128-116-79-117-76
LastLogin       = 1131890613
LastLogout      = 1131890754
StartPosition   = [32369,32241,7]
CurrentPosition = [32354,32226,7]
PlayerkillerEnd = 1131982548

Skill = (0,18,0,1,0,0,0,0,0,0,1,74934,0,83400,100)
Skill = (1,25,0,0,0,0,0,0,0,0,0,2119,1100,2183,20)
Skill = (2,235,235,0,0,0,0,0,0,0,5,0,0,0,0)
Skill = (3,6,335,0,0,0,0,0,0,0,30,0,0,0,0)
Skill = (4,87,87,0,0,0,0,0,0,0,1,0,0,0,0)
Skill = (5,570,570,0,0,0,0,0,0,0,10,0,0,0,0)
Skill = (6,20,0,10,0,0,0,0,0,0,0,17014,1500,17099,100)
Skill = (7,12,0,10,0,0,0,0,0,0,0,125,2000,210,30)
Skill = (8,13,0,10,0,0,0,0,0,0,0,617,2000,750,50)
Skill = (9,18,0,10,0,0,0,0,0,0,0,12833,2000,25550,50)
Skill = (10,15,0,10,0,0,0,0,0,0,0,1659,2000,3150,50)
Skill = (11,11,0,10,0,0,0,0,0,0,0,117,1500,125,50)
Skill = (12,0,2147483647,0,0,0,0,0,0,0,0,0,1000,2147483647,2147483647)
Skill = (13,48,0,10,0,0,0,0,0,0,0,7952,1100,8028,20)
Skill = (14,0,1200,0,0,0,0,0,0,0,0,0,0,0,0)
Skill = (15,0,2147483647,0,0,0,0,0,0,0,0,0,1000,2147483647,2147483647)
Skill = (16,0,2147483647,0,0,0,0,0,0,0,0,0,1000,2147483647,2147483647)
Skill = (17,0,2147483647,0,0,0,0,0,0,0,0,0,50,2147483647,2147483647)
Skill = (18,0,2147483647,0,0,0,0,0,0,0,0,0,1000,2147483647,2147483647)
Skill = (19,0,2147483647,0,0,0,0,0,0,0,0,0,1000,2147483647,2147483647)
Skill = (20,0,2147483647,0,0,0,0,0,0,0,0,0,1000,2147483647,2147483647)
Skill = (21,0,2147483647,0,0,0,0,0,0,0,0,0,1000,2147483647,2147483647)
Skill = (22,0,100,0,0,0,0,0,0,0,0,0,0,0,0)
Skill = (23,0,2147483647,0,0,0,0,0,0,0,0,0,1000,2147483647,2147483647)
Skill = (24,0,2147483647,0,0,0,0,0,0,0,0,0,1000,2147483647,2147483647)

Spells      = {3,8,10,13,16,17,18,21,29,38,45}
QuestValues = {(20,1),(21,1),(22,1),(23,1),(35,1),(60,1),(61,1),(106,1),(107,1),(125,1),(126,1),(223,1)}
Murders     = {1129372495,1129373488,1129390548}
