ID              = 10093565
Name            = "Lados Fales"
Race            = 1
Profession      = 1
OriginalOutfit  = 129-0-114-114-0
CurrentOutfit   = 129-0-114-114-0
LastLogin       = 1129295601
LastLogout      = 1129295832
StartPosition   = [32732,31634,7]
CurrentPosition = [32636,31773,7]
PlayerkillerEnd = 0

Skill = (0,17,0,1,0,0,0,0,0,0,1,64683,0,69700,100)
Skill = (1,2,0,0,0,0,0,0,0,0,0,147,3000,260,20)
Skill = (2,320,320,0,0,0,0,0,0,0,15,0,0,0,0)
Skill = (3,80,80,0,0,0,0,0,0,0,5,0,0,0,0)
Skill = (4,86,86,0,0,0,0,0,0,0,1,0,0,0,0)
Skill = (5,695,695,0,0,0,0,0,0,0,25,0,0,0,0)
Skill = (6,27,0,10,0,0,0,0,0,0,0,4132,1100,4559,100)
Skill = (7,10,0,10,0,0,0,0,0,0,0,0,1400,30,30)
Skill = (8,12,0,10,0,0,0,0,0,0,0,130,1100,165,50)
Skill = (9,12,0,10,0,0,0,0,0,0,0,106,1100,165,50)
Skill = (10,38,0,10,0,0,0,0,0,0,0,7226,1100,7431,50)
Skill = (11,10,0,10,0,0,0,0,0,0,0,37,1100,50,50)
Skill = (12,0,2147483647,0,0,0,0,0,0,0,0,0,1000,2147483647,2147483647)
Skill = (13,12,0,10,0,0,0,0,0,0,0,57,1100,66,20)
Skill = (14,0,1200,0,0,0,0,0,0,0,0,0,0,0,0)
Skill = (15,0,2147483647,0,0,0,0,0,0,0,0,0,1000,2147483647,2147483647)
Skill = (16,0,2147483647,0,0,0,0,0,0,0,0,0,1000,2147483647,2147483647)
Skill = (17,0,2147483647,0,0,0,0,0,0,0,0,0,50,2147483647,2147483647)
Skill = (18,0,2147483647,0,0,0,0,0,0,0,0,0,1000,2147483647,2147483647)
Skill = (19,0,2147483647,0,0,0,0,0,0,0,0,0,1000,2147483647,2147483647)
Skill = (20,0,2147483647,0,0,0,0,0,0,0,0,0,1000,2147483647,2147483647)
Skill = (21,0,2147483647,0,0,0,0,0,0,0,0,0,1000,2147483647,2147483647)
Skill = (22,100,100,0,0,0,0,0,0,0,0,0,0,0,0)
Skill = (23,0,2147483647,0,0,0,0,0,0,0,0,0,1000,2147483647,2147483647)
Skill = (24,0,2147483647,0,0,0,0,0,0,0,0,0,1000,2147483647,2147483647)

Spells      = {1,10}
QuestValues = {(19,1),(21,1),(22,1),(23,1),(32,1),(33,1),(34,1),(35,1),(59,1),(96,1),(97,1),(125,1),(126,1)}
Murders     = {1127068349,1127602424,1128088840}
