ID              = 10440265
Name            = "Nullx"
Race            = 1
Profession      = 1
OriginalOutfit  = 134-94-114-114-114
CurrentOutfit   = 134-94-114-114-114
LastLogin       = 1132102355
LastLogout      = 1132102375
StartPosition   = [32957,32076,7]
CurrentPosition = [32145,32390,7]
PlayerkillerEnd = 0

Skill = (0,42,0,1,0,0,0,0,0,0,1,1080588,0,1152200,100)
Skill = (1,5,0,0,0,0,0,0,0,0,0,2490,3000,7280,20)
Skill = (2,687,695,0,0,0,0,0,0,0,15,0,0,0,0)
Skill = (3,125,205,0,0,0,0,0,0,0,5,0,0,0,0)
Skill = (4,111,111,0,0,0,0,0,10,10,1,0,0,0,0)
Skill = (5,1320,1320,0,0,0,0,0,0,0,25,0,0,0,0)
Skill = (6,59,0,10,0,0,0,0,0,0,0,115224,1100,116390,100)
Skill = (7,12,0,10,0,0,0,0,0,0,0,111,1400,130,30)
Skill = (8,64,0,10,0,0,0,0,0,0,0,87079,1100,94029,50)
Skill = (9,16,0,10,0,0,0,0,0,0,0,395,1100,474,50)
Skill = (10,11,0,10,0,0,0,0,0,0,0,81,1100,105,50)
Skill = (11,12,0,10,0,0,0,0,0,0,0,151,1100,165,50)
Skill = (12,0,2147483647,0,0,0,0,0,0,0,0,0,1000,2147483647,2147483647)
Skill = (13,19,0,10,0,0,0,0,0,0,0,291,1100,318,20)
Skill = (14,0,1200,0,0,0,0,0,0,0,0,0,0,0,0)
Skill = (15,0,2147483647,0,0,0,0,0,125,125,0,0,1000,2147483647,2147483647)
Skill = (16,0,2147483647,0,0,0,0,0,5,5,0,0,1000,2147483647,2147483647)
Skill = (17,0,2147483647,0,0,0,0,0,3,3,0,0,50,2147483647,2147483647)
Skill = (18,0,2147483647,0,0,0,0,0,8,8,0,0,1000,2147483647,2147483647)
Skill = (19,0,2147483647,0,0,0,0,0,10,10,0,0,1000,2147483647,2147483647)
Skill = (20,0,2147483647,0,0,0,0,0,3,3,0,0,1000,2147483647,2147483647)
Skill = (21,0,2147483647,0,0,0,0,0,0,0,0,0,1000,2147483647,2147483647)
Skill = (22,100,100,0,0,0,0,0,120,120,0,0,0,0,0)
Skill = (23,0,2147483647,0,0,0,0,0,0,0,0,0,1000,2147483647,2147483647)
Skill = (24,0,2147483647,0,0,0,0,0,0,0,0,0,1000,2147483647,2147483647)

Spells      = {1,6,10,11,20,29,80}
QuestValues = {(18,1),(33,1),(34,1),(67,1),(70,1),(71,1),(88,1),(89,1),(90,1),(92,1),(96,1),(97,1),(98,1),(99,1),(106,1),(107,1),(125,1),(126,1),(143,1),(151,1),(152,1),(190,1),(191,1)}
Murders     = {1131654584}
