ID              = 11574765
Name            = "Paladyn Zanery"
Race            = 1
Profession      = 2
OriginalOutfit  = 129-114-132-114-132
CurrentOutfit   = 129-114-132-114-132
LastLogin       = 1132146882
LastLogout      = 1132149552
StartPosition   = [32360,31782,7]
CurrentPosition = [32332,31778,7]
PlayerkillerEnd = 0

Skill = (0,11,0,1,0,0,0,0,0,0,1,15312,0,17600,100)
Skill = (1,3,0,0,0,0,0,0,0,0,0,92,1400,142,20)
Skill = (2,151,215,0,0,0,0,0,0,0,10,0,0,0,0)
Skill = (3,26,80,0,0,0,0,0,0,0,15,0,0,0,0)
Skill = (4,80,80,0,0,0,0,0,0,0,1,0,0,0,0)
Skill = (5,530,530,0,0,0,0,0,0,0,20,0,0,0,0)
Skill = (6,26,0,10,0,0,0,0,0,0,0,3607,1100,4054,100)
Skill = (7,14,0,10,0,0,0,0,0,0,0,153,1100,183,30)
Skill = (8,12,0,10,0,0,0,0,0,0,0,179,1200,181,50)
Skill = (9,22,0,10,0,0,0,0,0,0,0,2369,1200,2424,50)
Skill = (10,11,0,10,0,0,0,0,0,0,0,90,1200,109,50)
Skill = (11,12,0,10,0,0,0,0,0,0,0,121,1200,181,50)
Skill = (12,0,2147483647,0,0,0,0,0,0,0,0,0,1000,2147483647,2147483647)
Skill = (13,10,0,10,0,0,0,0,0,0,0,2,1100,20,20)
Skill = (14,0,1200,0,0,0,461,0,0,0,0,0,0,0,0)
Skill = (15,0,2147483647,0,0,0,0,0,83,83,0,0,1000,2147483647,2147483647)
Skill = (16,0,2147483647,0,0,0,0,0,0,0,0,0,1000,2147483647,2147483647)
Skill = (17,0,2147483647,0,0,0,0,0,3,3,0,0,50,2147483647,2147483647)
Skill = (18,0,2147483647,0,0,0,0,0,8,8,0,0,1000,2147483647,2147483647)
Skill = (19,0,2147483647,0,0,0,0,0,0,0,0,0,1000,2147483647,2147483647)
Skill = (20,0,2147483647,0,0,0,0,0,0,0,0,0,1000,2147483647,2147483647)
Skill = (21,0,2147483647,0,0,0,0,0,0,0,0,0,1000,2147483647,2147483647)
Skill = (22,100,100,0,0,0,0,0,120,120,0,0,0,0,0)
Skill = (23,0,2147483647,0,0,0,0,0,0,0,0,0,1000,2147483647,2147483647)
Skill = (24,0,2147483647,0,0,0,0,0,0,0,0,0,1000,2147483647,2147483647)

Spells      = {1,2,7,10,42,51}
QuestValues = {(21,1),(35,1),(59,1),(60,1),(61,1),(223,1)}
Murders     = {}
