ID              = 8744465
Name            = "Druid Calabazin"
Race            = 1
Profession      = 4
OriginalOutfit  = 128-114-114-114-114
CurrentOutfit   = 128-114-114-114-114
LastLogin       = 1129070836
LastLogout      = 1129072777
StartPosition   = [32360,31782,7]
CurrentPosition = [32670,31663,7]
PlayerkillerEnd = 0

Skill = (0,10,0,1,0,0,0,0,0,0,1,12377,0,13000,100)
Skill = (1,27,0,0,0,0,0,0,0,0,0,2572,1100,2684,20)
Skill = (2,126,195,0,0,0,0,0,0,0,5,0,0,0,0)
Skill = (3,25,95,0,0,0,0,0,0,0,30,0,0,0,0)
Skill = (4,79,79,0,0,0,0,0,0,0,1,0,0,0,0)
Skill = (5,490,490,0,0,0,0,0,0,0,10,0,0,0,0)
Skill = (6,18,0,10,0,0,0,0,0,0,0,7378,1500,7488,100)
Skill = (7,10,0,10,0,0,0,0,0,0,0,11,1800,30,30)
Skill = (8,16,0,10,0,0,0,0,0,0,0,3390,1800,3763,50)
Skill = (9,15,0,10,0,0,0,0,0,0,0,1152,1800,2063,50)
Skill = (10,15,0,10,0,0,0,0,0,0,0,1632,1800,2063,50)
Skill = (11,14,0,10,0,0,0,0,0,0,0,512,1500,659,50)
Skill = (12,0,2147483647,0,0,0,0,0,0,0,0,0,1000,2147483647,2147483647)
Skill = (13,39,0,10,0,0,0,0,0,0,0,3249,1100,3289,20)
Skill = (14,0,1200,0,0,0,0,0,0,0,0,0,0,0,0)
Skill = (15,0,2147483647,0,0,0,0,0,83,83,0,0,1000,2147483647,2147483647)
Skill = (16,0,2147483647,0,0,0,0,0,0,0,0,0,1000,2147483647,2147483647)
Skill = (17,0,2147483647,0,0,0,0,0,0,0,0,0,50,2147483647,2147483647)
Skill = (18,0,2147483647,0,0,0,0,0,0,0,0,0,1000,2147483647,2147483647)
Skill = (19,0,2147483647,0,0,0,0,0,0,0,0,0,1000,2147483647,2147483647)
Skill = (20,0,2147483647,0,0,0,0,0,0,0,0,0,1000,2147483647,2147483647)
Skill = (21,0,2147483647,0,0,0,0,0,0,0,0,0,1000,2147483647,2147483647)
Skill = (22,100,100,0,0,0,0,0,120,120,0,0,0,0,0)
Skill = (23,0,2147483647,0,0,0,0,0,0,0,0,0,1000,2147483647,2147483647)
Skill = (24,0,2147483647,0,0,0,0,0,0,0,0,0,1000,2147483647,2147483647)

Spells      = {5,8,10}
QuestValues = {(17,1),(20,1),(32,1),(33,1),(34,1),(59,1)}
Murders     = {}
