ID              = 9306565
Name            = "Sconio"
Race            = 1
Profession      = 13
OriginalOutfit  = 134-19-114-114-114
CurrentOutfit   = 134-19-114-114-114
LastLogin       = 1132125069
LastLogout      = 1132129034
StartPosition   = [32957,32076,7]
CurrentPosition = [33319,32280,7]
PlayerkillerEnd = 0

Skill = (0,36,0,1,0,0,0,0,0,0,1,684863,0,717600,100)
Skill = (1,45,0,0,0,0,0,0,0,0,0,14676,1100,15835,20)
Skill = (2,304,325,0,0,0,0,0,0,0,5,0,0,0,0)
Skill = (3,473,875,0,0,0,0,0,0,0,30,0,0,0,0)
Skill = (4,105,105,0,0,0,0,0,10,10,1,0,0,0,0)
Skill = (5,750,750,0,0,0,0,0,0,0,10,0,0,0,0)
Skill = (6,24,0,10,0,0,0,0,0,0,0,75331,1500,87378,100)
Skill = (7,11,0,10,0,0,0,0,0,0,0,46,2000,90,30)
Skill = (8,12,0,10,0,0,0,0,0,0,0,229,2000,350,50)
Skill = (9,20,0,10,0,0,0,0,0,0,0,62661,2000,102350,50)
Skill = (10,11,0,10,0,0,0,0,0,0,0,112,2000,150,50)
Skill = (11,12,0,10,0,0,0,0,0,0,0,156,1500,237,50)
Skill = (12,0,2147483647,0,0,0,0,0,0,0,0,0,1000,2147483647,2147483647)
Skill = (13,61,0,10,0,0,0,0,0,0,0,25930,1100,28208,20)
Skill = (14,0,1200,0,0,0,1163,0,0,0,0,0,0,0,0)
Skill = (15,0,2147483647,0,0,0,0,0,0,0,0,0,1000,2147483647,2147483647)
Skill = (16,0,2147483647,0,0,0,0,0,0,0,0,0,1000,2147483647,2147483647)
Skill = (17,0,2147483647,0,0,0,0,0,3,3,0,0,50,2147483647,2147483647)
Skill = (18,0,2147483647,0,0,0,0,0,8,8,0,0,1000,2147483647,2147483647)
Skill = (19,0,2147483647,0,0,0,0,0,0,0,0,0,1000,2147483647,2147483647)
Skill = (20,0,2147483647,0,0,0,0,0,0,0,0,0,1000,2147483647,2147483647)
Skill = (21,0,2147483647,0,0,0,0,0,200,200,0,0,1000,2147483647,2147483647)
Skill = (22,159,200,0,0,0,0,0,15,15,0,0,0,0,0)
Skill = (23,0,2147483647,0,0,0,0,0,0,0,0,0,1000,2147483647,2147483647)
Skill = (24,0,2147483647,0,0,0,0,0,0,0,0,0,1000,2147483647,2147483647)

Spells      = {3,6,8,9,10,13,16,18,20,21,23,24,29,39,44,45,55,76,81,86,88}
QuestValues = {(20,1),(32,1),(33,1),(34,1),(35,1),(37,1),(68,1),(70,1),(71,1),(72,1),(73,1),(74,1),(75,1),(77,1),(78,1),(88,1),(89,1),(90,1),(91,1),(92,1),(93,1),(94,1),(95,1),(96,1),(97,1),(98,1),(99,1),(106,1),(107,1),(109,1),(111,1),(112,1),(113,1),(114,1),(115,1),(125,1),(126,1),(134,1),(151,1),(152,1),(190,1),(191,1),(253,1)}
Murders     = {}
