ID              = 9697265
Name            = "Mari Tetitas"
Race            = 1
Profession      = 2
OriginalOutfit  = 137-91-12-12-12
CurrentOutfit   = 137-91-12-12-12
LastLogin       = 1132106402
LastLogout      = 1132106496
StartPosition   = [32732,31634,7]
CurrentPosition = [32732,31634,7]
PlayerkillerEnd = 0

Skill = (0,36,0,1,0,0,0,0,0,0,1,673615,0,717600,100)
Skill = (1,10,0,0,0,0,0,0,0,0,0,1716,1400,1974,20)
Skill = (2,465,465,0,0,0,0,0,0,0,10,0,0,0,0)
Skill = (3,455,455,0,0,0,0,0,0,0,15,0,0,0,0)
Skill = (4,105,105,0,0,0,0,0,0,0,1,0,0,0,0)
Skill = (5,1030,1030,0,0,0,0,0,0,0,20,0,0,0,0)
Skill = (6,43,0,10,0,0,0,0,0,0,0,23320,1100,24547,100)
Skill = (7,65,0,10,0,0,0,0,0,0,0,58530,1100,62089,30)
Skill = (8,13,0,10,0,0,0,0,0,0,0,240,1200,268,50)
Skill = (9,11,0,10,0,0,0,0,0,0,0,59,1200,109,50)
Skill = (10,10,0,10,0,0,0,0,0,0,0,0,1200,50,50)
Skill = (11,29,0,10,0,0,0,0,0,0,0,8165,1200,9334,50)
Skill = (12,0,2147483647,0,0,0,0,0,0,0,0,0,1000,2147483647,2147483647)
Skill = (13,12,0,10,0,0,0,0,0,0,0,59,1100,66,20)
Skill = (14,0,1200,0,0,0,0,0,0,0,0,0,0,0,0)
Skill = (15,0,2147483647,0,0,0,0,0,0,0,0,0,1000,2147483647,2147483647)
Skill = (16,0,2147483647,0,0,0,0,0,0,0,0,0,1000,2147483647,2147483647)
Skill = (17,0,2147483647,0,0,0,0,0,0,0,0,0,50,2147483647,2147483647)
Skill = (18,0,2147483647,0,0,0,0,0,0,0,0,0,1000,2147483647,2147483647)
Skill = (19,0,2147483647,0,0,0,0,0,0,0,0,0,1000,2147483647,2147483647)
Skill = (20,0,2147483647,0,0,0,0,0,0,0,0,0,1000,2147483647,2147483647)
Skill = (21,0,2147483647,0,0,0,0,0,0,0,0,0,1000,2147483647,2147483647)
Skill = (22,100,100,0,0,0,0,0,0,0,0,0,0,0,0)
Skill = (23,0,2147483647,0,0,0,0,0,0,0,0,0,1000,2147483647,2147483647)
Skill = (24,0,2147483647,0,0,0,0,0,0,0,0,0,1000,2147483647,2147483647)

Spells      = {1,2,3,7,10,20,29,42,44,49,51}
QuestValues = {(18,1),(32,1),(33,1),(34,1),(37,1),(70,1),(71,1),(72,1),(73,1),(74,1),(75,1),(96,1),(97,1),(98,1),(109,1),(115,1),(121,1),(125,1),(126,1),(140,1),(141,1),(153,1),(190,1),(191,1)}
Murders     = {1130183657,1130873257,1130873418,1132071525}
