ID              = 10046606
Name            = "Magic Kojoxa"
Race            = 1
Profession      = 4
OriginalOutfit  = 136-78-93-93-0
CurrentOutfit   = 136-78-93-93-0
LastLogin       = 1129465877
LastLogout      = 1129465988
StartPosition   = [32360,31782,7]
CurrentPosition = [32455,31650,7]
PlayerkillerEnd = 0

Skill = (0,14,0,1,0,0,0,0,0,0,1,36366,0,37800,100)
Skill = (1,17,0,0,0,0,0,0,0,0,0,886,1100,911,20)
Skill = (2,215,215,0,0,0,0,0,0,0,5,0,0,0,0)
Skill = (3,26,215,0,0,0,0,0,0,0,30,0,0,0,0)
Skill = (4,83,83,0,0,0,0,0,0,0,1,0,0,0,0)
Skill = (5,530,530,0,0,0,0,0,0,0,10,0,0,0,0)
Skill = (6,20,0,10,0,0,0,0,0,0,0,12320,1500,17099,100)
Skill = (7,10,0,10,0,0,0,0,0,0,0,9,1800,30,30)
Skill = (8,18,0,10,0,0,0,0,0,0,0,10212,1800,12334,50)
Skill = (9,10,0,10,0,0,0,0,0,0,0,4,1800,50,50)
Skill = (10,10,0,10,0,0,0,0,0,0,0,0,1800,50,50)
Skill = (11,11,0,10,0,0,0,0,0,0,0,89,1500,125,50)
Skill = (12,0,2147483647,0,0,0,0,0,0,0,0,0,1000,2147483647,2147483647)
Skill = (13,10,0,10,0,0,0,0,0,0,0,0,1100,20,20)
Skill = (14,0,1200,0,0,0,407,0,0,0,0,0,0,0,0)
Skill = (15,0,2147483647,0,0,0,5,0,16,83,0,0,1000,2147483647,2147483647)
Skill = (16,0,2147483647,0,0,0,0,0,0,0,0,0,1000,2147483647,2147483647)
Skill = (17,0,2147483647,0,0,0,0,0,3,3,0,0,50,2147483647,2147483647)
Skill = (18,0,2147483647,0,0,0,0,0,0,0,0,0,1000,2147483647,2147483647)
Skill = (19,0,2147483647,0,0,0,0,0,0,0,0,0,1000,2147483647,2147483647)
Skill = (20,0,2147483647,0,0,0,0,0,0,0,0,0,1000,2147483647,2147483647)
Skill = (21,0,2147483647,0,0,0,0,0,0,0,0,0,1000,2147483647,2147483647)
Skill = (22,100,100,0,0,0,2,0,26,120,0,0,0,0,0)
Skill = (23,0,2147483647,0,0,0,0,0,0,0,0,0,1000,2147483647,2147483647)
Skill = (24,0,2147483647,0,0,0,0,0,0,0,0,0,1000,2147483647,2147483647)

Spells      = {1,5,8,9,10,18}
QuestValues = {(17,1),(19,1),(20,1),(21,1),(22,1),(23,1),(24,1),(29,1),(30,1),(32,1),(33,1),(34,1),(61,1),(113,1),(114,1),(224,1)}
Murders     = {}
