ID              = 10800006
Name            = "Figoy"
Race            = 1
Profession      = 2
OriginalOutfit  = 130-0-95-0-114
CurrentOutfit   = 130-0-95-0-114
LastLogin       = 1131074293
LastLogout      = 1131074297
StartPosition   = [32369,32241,7]
CurrentPosition = [32347,32221,7]
PlayerkillerEnd = 0

Skill = (0,7,0,1,0,0,0,0,0,0,1,3213,0,4200,100)
Skill = (1,0,0,0,0,0,0,0,0,0,0,9,1400,20,20)
Skill = (2,175,175,0,0,0,0,0,0,0,10,0,0,0,0)
Skill = (3,20,20,0,0,0,0,0,0,0,15,0,0,0,0)
Skill = (4,76,76,0,0,0,0,0,0,0,1,0,0,0,0)
Skill = (5,450,450,0,0,0,0,0,0,0,20,0,0,0,0)
Skill = (6,17,0,10,0,0,0,0,0,0,0,1092,1100,1143,100)
Skill = (7,10,0,10,0,0,0,0,0,0,0,11,1100,30,30)
Skill = (8,11,0,10,0,0,0,0,0,0,0,97,1200,109,50)
Skill = (9,14,0,10,0,0,0,0,0,0,0,291,1200,372,50)
Skill = (10,16,0,10,0,0,0,0,0,0,0,554,1200,645,50)
Skill = (11,12,0,10,0,0,0,0,0,0,0,142,1200,181,50)
Skill = (12,0,2147483647,0,0,0,0,0,0,0,0,0,1000,2147483647,2147483647)
Skill = (13,10,0,10,0,0,0,0,0,0,0,2,1100,20,20)
Skill = (14,0,1200,0,0,0,0,0,0,0,0,0,0,0,0)
Skill = (15,0,2147483647,0,0,0,0,0,0,0,0,0,1000,2147483647,2147483647)
Skill = (16,0,2147483647,0,0,0,0,0,0,0,0,0,1000,2147483647,2147483647)
Skill = (17,0,2147483647,0,0,0,0,0,0,0,0,0,50,2147483647,2147483647)
Skill = (18,0,2147483647,0,0,0,0,0,0,0,0,0,1000,2147483647,2147483647)
Skill = (19,0,2147483647,0,0,0,0,0,0,0,0,0,1000,2147483647,2147483647)
Skill = (20,0,2147483647,0,0,0,0,0,0,0,0,0,1000,2147483647,2147483647)
Skill = (21,0,2147483647,0,0,0,0,0,0,0,0,0,1000,2147483647,2147483647)
Skill = (22,100,100,0,0,0,0,0,0,0,0,0,0,0,0)
Skill = (23,0,2147483647,0,0,0,0,0,0,0,0,0,1000,2147483647,2147483647)
Skill = (24,0,2147483647,0,0,0,0,0,0,0,0,0,1000,2147483647,2147483647)

Spells      = {10,20,42}
QuestValues = {(32,1),(33,1),(34,1),(223,1),(224,1)}
Murders     = {}
