ID              = 11088706
Name            = "Nonsnen"
Race            = 1
Profession      = 1
OriginalOutfit  = 130-0-85-0-0
CurrentOutfit   = 130-0-85-0-0
LastLogin       = 1129289485
LastLogout      = 1129289523
StartPosition   = [32360,31782,7]
CurrentPosition = [32359,31789,7]
PlayerkillerEnd = 0

Skill = (0,6,0,1,0,0,0,0,0,0,1,2281,0,2600,100)
Skill = (1,0,0,0,0,0,0,0,0,0,0,0,3000,20,20)
Skill = (2,0,145,0,0,0,0,0,0,0,15,0,0,0,0)
Skill = (3,25,25,0,0,0,0,0,0,0,5,0,0,0,0)
Skill = (4,75,75,0,0,0,0,0,0,0,1,0,0,0,0)
Skill = (5,405,405,0,0,0,0,0,0,0,25,0,0,0,0)
Skill = (6,13,0,10,0,0,0,0,0,0,0,394,1100,464,100)
Skill = (7,10,0,10,0,0,0,0,0,0,0,6,1400,30,30)
Skill = (8,11,0,10,0,0,0,0,0,0,0,93,1100,105,50)
Skill = (9,12,0,10,0,0,0,0,0,0,0,139,1100,165,50)
Skill = (10,10,0,10,0,0,0,0,0,0,0,27,1100,50,50)
Skill = (11,10,0,10,0,0,0,0,0,0,0,4,1100,50,50)
Skill = (12,0,2147483647,0,0,0,0,0,0,0,0,0,1000,2147483647,2147483647)
Skill = (13,10,0,10,0,0,0,0,0,0,0,0,1100,20,20)
Skill = (14,0,1200,0,0,0,0,0,0,0,0,0,0,0,0)
Skill = (15,0,2147483647,0,0,0,0,0,0,0,0,0,1000,2147483647,2147483647)
Skill = (16,0,2147483647,0,0,0,0,0,0,0,0,0,1000,2147483647,2147483647)
Skill = (17,0,2147483647,0,0,0,0,0,0,0,0,0,50,2147483647,2147483647)
Skill = (18,0,2147483647,0,0,0,0,0,0,0,0,0,1000,2147483647,2147483647)
Skill = (19,0,2147483647,0,0,0,0,0,0,0,0,0,1000,2147483647,2147483647)
Skill = (20,0,2147483647,0,0,0,0,0,0,0,0,0,1000,2147483647,2147483647)
Skill = (21,0,2147483647,0,0,0,0,0,0,0,0,0,1000,2147483647,2147483647)
Skill = (22,100,100,0,0,0,0,0,0,0,0,0,0,0,0)
Skill = (23,0,2147483647,0,0,0,0,0,0,0,0,0,1000,2147483647,2147483647)
Skill = (24,0,2147483647,0,0,0,0,0,0,0,0,0,1000,2147483647,2147483647)

Spells      = {}
QuestValues = {(60,1),(223,1)}
Murders     = {1129186900}
