ID              = 8306206
Name            = "Rizzoz"
Race            = 1
Profession      = 2
OriginalOutfit  = 129-57-96-116-114
CurrentOutfit   = 129-57-96-116-114
LastLogin       = 1127945655
LastLogout      = 1127945702
StartPosition   = [32957,32076,7]
CurrentPosition = [32921,32077,7]
PlayerkillerEnd = 0

Skill = (0,31,0,1,0,0,0,0,0,0,1,442844,0,452600,100)
Skill = (1,10,0,0,0,0,0,0,0,0,0,1893,1400,1974,20)
Skill = (2,415,415,0,0,0,0,0,0,0,10,0,0,0,0)
Skill = (3,380,380,0,0,0,0,0,0,0,15,0,0,0,0)
Skill = (4,100,100,0,0,0,0,0,0,0,1,0,0,0,0)
Skill = (5,930,930,0,0,0,0,0,0,0,20,0,0,0,0)
Skill = (6,47,0,10,0,0,0,0,0,0,0,36115,1100,36404,100)
Skill = (7,64,0,10,0,0,0,0,0,0,0,53775,1100,56417,30)
Skill = (8,30,0,10,0,0,0,0,0,0,0,9351,1200,11251,50)
Skill = (9,13,0,10,0,0,0,0,0,0,0,222,1200,268,50)
Skill = (10,10,0,10,0,0,0,0,0,0,0,0,1200,50,50)
Skill = (11,21,0,10,0,0,0,0,0,0,0,1742,1200,1979,50)
Skill = (12,0,2147483647,0,0,0,0,0,0,0,0,0,1000,2147483647,2147483647)
Skill = (13,38,0,10,0,0,0,0,0,0,0,2860,1100,2972,20)
Skill = (14,0,1200,0,0,0,0,0,0,0,0,0,0,0,0)
Skill = (15,0,2147483647,0,0,0,0,0,0,0,0,0,1000,2147483647,2147483647)
Skill = (16,0,2147483647,0,0,0,0,0,0,0,0,0,1000,2147483647,2147483647)
Skill = (17,0,2147483647,0,0,0,0,0,0,0,0,0,50,2147483647,2147483647)
Skill = (18,0,2147483647,0,0,0,0,0,0,0,0,0,1000,2147483647,2147483647)
Skill = (19,0,2147483647,0,0,0,0,0,0,0,0,0,1000,2147483647,2147483647)
Skill = (20,0,2147483647,0,0,0,0,0,0,0,0,0,1000,2147483647,2147483647)
Skill = (21,0,2147483647,0,0,0,0,0,0,0,0,0,1000,2147483647,2147483647)
Skill = (22,100,100,0,0,0,0,0,0,0,0,0,0,0,0)
Skill = (23,0,2147483647,0,0,0,0,0,0,0,0,0,1000,2147483647,2147483647)
Skill = (24,0,2147483647,0,0,0,0,0,0,0,0,0,1000,2147483647,2147483647)

Spells      = {2,3,8,10,29,49,51}
QuestValues = {(20,1),(21,1),(22,1),(23,1),(98,1),(121,1),(190,1),(191,1)}
Murders     = {}
