ID              = 8803806
Name            = "Kef Strongheart"
Race            = 1
Profession      = 13
OriginalOutfit  = 133-2-11-13-51
CurrentOutfit   = 133-2-11-13-51
LastLogin       = 1127783150
LastLogout      = 1127783166
StartPosition   = [33213,32454,1]
CurrentPosition = [33217,32456,8]
PlayerkillerEnd = 1128387681

Skill = (0,13,0,1,0,0,0,0,0,0,1,24632,0,29900,100)
Skill = (1,19,0,0,0,0,0,0,0,0,0,1070,1100,1145,20)
Skill = (2,210,210,0,0,0,0,0,0,0,5,0,0,0,0)
Skill = (3,185,185,0,0,0,0,0,0,0,30,0,0,0,0)
Skill = (4,82,82,0,0,0,0,0,0,0,1,0,0,0,0)
Skill = (5,520,520,0,0,0,0,0,0,0,10,0,0,0,0)
Skill = (6,16,0,10,0,0,0,0,0,0,0,3037,1500,3217,100)
Skill = (7,10,0,10,0,0,0,0,0,0,0,3,2000,30,30)
Skill = (8,10,0,10,0,0,0,0,0,0,0,24,2000,50,50)
Skill = (9,15,0,10,0,0,0,0,0,0,0,3058,2000,3150,50)
Skill = (10,10,0,10,0,0,0,0,0,0,0,0,2000,50,50)
Skill = (11,10,0,10,0,0,0,0,0,0,0,34,1500,50,50)
Skill = (12,0,2147483647,0,0,0,0,0,0,0,0,0,1000,2147483647,2147483647)
Skill = (13,29,0,10,0,0,0,0,0,0,0,1142,1100,1145,20)
Skill = (14,0,1200,0,0,0,0,0,0,0,0,0,0,0,0)
Skill = (15,0,2147483647,0,0,0,0,0,0,0,0,0,1000,2147483647,2147483647)
Skill = (16,0,2147483647,0,0,0,0,0,0,0,0,0,1000,2147483647,2147483647)
Skill = (17,0,2147483647,0,0,0,0,0,0,0,0,0,50,2147483647,2147483647)
Skill = (18,0,2147483647,0,0,0,0,0,0,0,0,0,1000,2147483647,2147483647)
Skill = (19,0,2147483647,0,0,0,0,0,0,0,0,0,1000,2147483647,2147483647)
Skill = (20,0,2147483647,0,0,0,0,0,0,0,0,0,1000,2147483647,2147483647)
Skill = (21,0,2147483647,0,0,0,0,0,0,0,0,0,1000,2147483647,2147483647)
Skill = (22,96,200,0,0,0,0,0,0,0,0,0,0,0,0)
Skill = (23,0,2147483647,0,0,0,0,0,0,0,0,0,1000,2147483647,2147483647)
Skill = (24,0,2147483647,0,0,0,0,0,0,0,0,0,1000,2147483647,2147483647)

Spells      = {1,2,3,6,8,9,10,11,13,16,18,20,21,22,39,44,45,76,78,81,86,87,88,89}
QuestValues = {(17,1),(21,1),(22,1),(23,1),(109,1),(112,1),(143,1),(190,1),(191,1),(224,1),(292,1)}
Murders     = {1125637619,1125718140,1125719154,1125795681}
