ID              = 9383206
Name            = "Yokolmon Luto"
Race            = 1
Profession      = 4
OriginalOutfit  = 128-0-0-88-88
CurrentOutfit   = 128-0-0-88-88
LastLogin       = 1126615394
LastLogout      = 1126615481
StartPosition   = [32360,31782,7]
CurrentPosition = [32337,31783,7]
PlayerkillerEnd = 0

Skill = (0,7,0,1,0,0,0,0,0,0,1,2963,0,4200,100)
Skill = (1,0,0,0,0,0,0,0,0,0,0,0,1100,20,20)
Skill = (2,174,180,0,0,0,0,0,0,0,5,0,0,0,0)
Skill = (3,5,5,0,0,0,0,0,0,0,30,0,0,0,0)
Skill = (4,76,76,0,0,0,0,0,0,0,1,0,0,0,0)
Skill = (5,460,460,0,0,0,0,0,0,0,10,0,0,0,0)
Skill = (6,16,0,10,0,0,0,0,0,0,0,2376,1500,3217,100)
Skill = (7,10,0,10,0,0,0,0,0,0,0,27,1800,30,30)
Skill = (8,15,0,10,0,0,0,0,0,0,0,1514,1800,2063,50)
Skill = (9,13,0,10,0,0,0,0,0,0,0,362,1800,593,50)
Skill = (10,10,0,10,0,0,0,0,0,0,0,0,1800,50,50)
Skill = (11,11,0,10,0,0,0,0,0,0,0,106,1500,125,50)
Skill = (12,0,2147483647,0,0,0,0,0,0,0,0,0,1000,2147483647,2147483647)
Skill = (13,10,0,10,0,0,0,0,0,0,0,0,1100,20,20)
Skill = (14,0,1200,0,0,0,462,0,0,0,0,0,0,0,0)
Skill = (15,0,2147483647,0,0,0,0,0,0,0,0,0,1000,2147483647,2147483647)
Skill = (16,0,2147483647,0,0,0,0,0,0,0,0,0,1000,2147483647,2147483647)
Skill = (17,0,2147483647,0,0,0,0,0,0,0,0,0,50,2147483647,2147483647)
Skill = (18,0,2147483647,0,0,0,0,0,0,0,0,0,1000,2147483647,2147483647)
Skill = (19,0,2147483647,0,0,0,0,0,0,0,0,0,1000,2147483647,2147483647)
Skill = (20,0,2147483647,0,0,0,0,0,0,0,0,0,1000,2147483647,2147483647)
Skill = (21,0,2147483647,0,0,0,0,0,0,0,0,0,1000,2147483647,2147483647)
Skill = (22,100,100,0,0,0,0,0,0,0,0,0,0,0,0)
Skill = (23,0,2147483647,0,0,0,0,0,0,0,0,0,1000,2147483647,2147483647)
Skill = (24,0,2147483647,0,0,0,0,0,0,0,0,0,1000,2147483647,2147483647)

Spells      = {}
QuestValues = {(18,1),(59,1),(61,1),(223,1)}
Murders     = {}
