ID              = 9542106
Name            = "Sir-Kulo"
Race            = 1
Profession      = 1
OriginalOutfit  = 131-97-132-114-126
CurrentOutfit   = 131-97-132-114-126
LastLogin       = 1131914361
LastLogout      = 1131914364
StartPosition   = [32360,31782,7]
CurrentPosition = [32682,31687,8]
PlayerkillerEnd = 0

Skill = (0,12,0,1,0,0,0,0,0,0,1,18583,0,23200,100)
Skill = (1,1,0,0,0,0,0,0,0,0,0,43,3000,80,20)
Skill = (2,77,245,0,0,0,0,0,0,0,15,0,0,0,0)
Skill = (3,51,55,0,0,0,0,0,0,0,5,0,0,0,0)
Skill = (4,81,81,0,0,0,0,0,0,0,1,0,0,0,0)
Skill = (5,570,570,0,0,0,0,0,0,0,25,0,0,0,0)
Skill = (6,30,0,10,0,0,0,0,0,0,0,6177,1100,6400,100)
Skill = (7,10,0,10,0,0,0,0,0,0,0,1,1400,30,30)
Skill = (8,31,0,10,0,0,0,0,0,0,0,3509,1100,3570,50)
Skill = (9,26,0,10,0,0,0,0,0,0,0,1965,1100,2027,50)
Skill = (10,12,0,10,0,0,0,0,0,0,0,136,1100,165,50)
Skill = (11,10,0,10,0,0,0,0,0,0,0,2,1100,50,50)
Skill = (12,0,2147483647,0,0,0,0,0,0,0,0,0,1000,2147483647,2147483647)
Skill = (13,12,0,10,0,0,0,0,0,0,0,52,1100,66,20)
Skill = (14,0,1200,0,0,0,0,0,0,0,0,0,0,0,0)
Skill = (15,0,2147483647,0,0,0,0,0,83,83,0,0,1000,2147483647,2147483647)
Skill = (16,0,2147483647,0,0,0,0,0,0,0,0,0,1000,2147483647,2147483647)
Skill = (17,0,2147483647,0,0,0,0,0,0,0,0,0,50,2147483647,2147483647)
Skill = (18,0,2147483647,0,0,0,0,0,0,0,0,0,1000,2147483647,2147483647)
Skill = (19,0,2147483647,0,0,0,0,0,0,0,0,0,1000,2147483647,2147483647)
Skill = (20,0,2147483647,0,0,0,0,0,0,0,0,0,1000,2147483647,2147483647)
Skill = (21,0,2147483647,0,0,0,0,0,0,0,0,0,1000,2147483647,2147483647)
Skill = (22,100,100,0,0,0,0,0,0,0,0,0,0,0,0)
Skill = (23,0,2147483647,0,0,0,0,0,0,0,0,0,1000,2147483647,2147483647)
Skill = (24,0,2147483647,0,0,0,0,0,0,0,0,0,1000,2147483647,2147483647)

Spells      = {1,10,20}
QuestValues = {(17,1),(18,1),(35,1)}
Murders     = {}
