ID              = 9661106
Name            = "Lord prieto"
Race            = 1
Profession      = 2
OriginalOutfit  = 129-0-39-114-108
CurrentOutfit   = 129-0-39-114-108
LastLogin       = 1130451297
LastLogout      = 1130451949
StartPosition   = [32369,32241,7]
CurrentPosition = [32279,32346,7]
PlayerkillerEnd = 0

Skill = (0,10,0,1,0,0,0,0,0,0,1,11021,0,13000,100)
Skill = (1,3,0,0,0,0,0,0,0,0,0,113,1400,142,20)
Skill = (2,205,205,0,0,0,0,0,0,0,10,0,0,0,0)
Skill = (3,64,65,0,0,0,0,0,0,0,15,0,0,0,0)
Skill = (4,79,79,0,0,0,0,0,0,0,1,0,0,0,0)
Skill = (5,510,510,0,0,0,0,0,0,0,20,0,0,0,0)
Skill = (6,27,0,10,0,0,0,0,0,0,0,4351,1100,4559,100)
Skill = (7,36,0,10,0,0,0,0,0,0,0,3611,1100,3632,30)
Skill = (8,14,0,10,0,0,0,0,0,0,0,348,1200,372,50)
Skill = (9,10,0,10,0,0,0,0,0,0,0,8,1200,50,50)
Skill = (10,10,0,10,0,0,0,0,0,0,0,0,1200,50,50)
Skill = (11,14,0,10,0,0,0,0,0,0,0,309,1200,372,50)
Skill = (12,0,2147483647,0,0,0,0,0,0,0,0,0,1000,2147483647,2147483647)
Skill = (13,21,0,10,0,0,0,0,0,0,0,415,1100,427,20)
Skill = (14,0,1200,0,0,0,1143,0,0,0,0,0,0,0,0)
Skill = (15,0,2147483647,0,0,0,0,0,0,0,0,0,1000,2147483647,2147483647)
Skill = (16,0,2147483647,0,0,0,0,0,0,0,0,0,1000,2147483647,2147483647)
Skill = (17,0,2147483647,0,0,0,0,0,0,0,0,0,50,2147483647,2147483647)
Skill = (18,0,2147483647,0,0,0,0,0,0,0,0,0,1000,2147483647,2147483647)
Skill = (19,0,2147483647,0,0,0,0,0,0,0,0,0,1000,2147483647,2147483647)
Skill = (20,0,2147483647,0,0,0,0,0,0,0,0,0,1000,2147483647,2147483647)
Skill = (21,0,2147483647,0,0,0,0,0,0,0,0,0,1000,2147483647,2147483647)
Skill = (22,100,100,0,0,0,0,0,120,120,0,0,0,0,0)
Skill = (23,0,2147483647,0,0,0,0,0,0,0,0,0,1000,2147483647,2147483647)
Skill = (24,0,2147483647,0,0,0,0,0,0,0,0,0,1000,2147483647,2147483647)

Spells      = {7,42,51}
QuestValues = {(22,1),(23,1)}
Murders     = {}
