ID              = 11045170
Name            = "Lord Orkje"
Race            = 1
Profession      = 1
OriginalOutfit  = 129-58-114-114-0
CurrentOutfit   = 129-58-114-114-0
LastLogin       = 1131890268
LastLogout      = 1131890271
StartPosition   = [32957,32076,7]
CurrentPosition = [32346,32217,7]
PlayerkillerEnd = 0

Skill = (0,9,0,1,0,0,0,0,0,0,1,6632,0,9300,100)
Skill = (1,1,0,0,0,0,0,0,0,0,0,26,3000,80,20)
Skill = (2,145,200,0,0,0,0,0,0,0,15,0,0,0,0)
Skill = (3,27,40,0,0,0,0,0,0,0,5,0,0,0,0)
Skill = (4,78,78,0,0,0,0,0,0,0,1,0,0,0,0)
Skill = (5,495,495,0,0,0,0,0,0,0,25,0,0,0,0)
Skill = (6,22,0,10,0,0,0,0,0,0,0,2413,1100,2452,100)
Skill = (7,10,0,10,0,0,0,0,0,0,0,2,1400,30,30)
Skill = (8,12,0,10,0,0,0,0,0,0,0,135,1100,165,50)
Skill = (9,25,0,10,0,0,0,0,0,0,0,1630,1100,1797,50)
Skill = (10,13,0,10,0,0,0,0,0,0,0,185,1100,232,50)
Skill = (11,10,0,10,0,0,0,0,0,0,0,0,1100,50,50)
Skill = (12,0,2147483647,0,0,0,0,0,0,0,0,0,1000,2147483647,2147483647)
Skill = (13,10,0,10,0,0,0,0,0,0,0,10,1100,20,20)
Skill = (14,0,1200,0,0,0,162,0,0,0,0,0,0,0,0)
Skill = (15,0,2147483647,0,0,0,2,0,46,83,0,0,1000,2147483647,2147483647)
Skill = (16,0,2147483647,0,0,0,0,0,0,0,0,0,1000,2147483647,2147483647)
Skill = (17,0,2147483647,0,0,0,0,0,3,3,0,0,50,2147483647,2147483647)
Skill = (18,0,2147483647,0,0,0,0,0,0,0,0,0,1000,2147483647,2147483647)
Skill = (19,0,2147483647,0,0,0,0,0,0,0,0,0,1000,2147483647,2147483647)
Skill = (20,0,2147483647,0,0,0,0,0,0,0,0,0,1000,2147483647,2147483647)
Skill = (21,0,2147483647,0,0,0,0,0,0,0,0,0,1000,2147483647,2147483647)
Skill = (22,100,100,0,0,0,0,0,120,120,0,0,0,0,0)
Skill = (23,0,2147483647,0,0,0,0,0,0,0,0,0,1000,2147483647,2147483647)
Skill = (24,0,2147483647,0,0,0,0,0,0,0,0,0,1000,2147483647,2147483647)

Spells      = {10}
QuestValues = {(20,1),(21,1),(22,1),(23,1),(59,1),(224,1)}
Murders     = {}
