ID              = 11237670
Name            = "Mae Dinnah"
Race            = 1
Profession      = 2
OriginalOutfit  = 137-98-115-115-115
CurrentOutfit   = 137-98-115-115-115
LastLogin       = 1131241083
LastLogout      = 1131241276
StartPosition   = [32957,32076,7]
CurrentPosition = [32909,32113,6]
PlayerkillerEnd = 0

Skill = (0,8,0,1,0,0,0,0,0,0,1,4441,0,6400,100)
Skill = (1,0,0,0,0,0,0,0,0,0,0,3,1400,20,20)
Skill = (2,150,185,0,0,0,0,0,0,0,10,0,0,0,0)
Skill = (3,9,35,0,0,0,0,0,0,0,15,0,0,0,0)
Skill = (4,77,77,0,0,0,0,0,0,0,1,0,0,0,0)
Skill = (5,470,470,0,0,0,0,0,0,0,20,0,0,0,0)
Skill = (6,18,0,10,0,0,0,0,0,0,0,1288,1100,1357,100)
Skill = (7,15,0,10,0,0,0,0,0,0,0,220,1100,231,30)
Skill = (8,17,0,10,0,0,0,0,0,0,0,657,1200,824,50)
Skill = (9,10,0,10,0,0,0,0,0,0,0,0,1200,50,50)
Skill = (10,10,0,10,0,0,0,0,0,0,0,0,1200,50,50)
Skill = (11,10,0,10,0,0,0,0,0,0,0,20,1200,50,50)
Skill = (12,0,2147483647,0,0,0,0,0,0,0,0,0,1000,2147483647,2147483647)
Skill = (13,18,0,10,0,0,0,0,0,0,0,243,1100,271,20)
Skill = (14,0,1200,0,0,0,0,0,0,0,0,0,0,0,0)
Skill = (15,0,2147483647,0,0,0,0,0,83,83,0,0,1000,2147483647,2147483647)
Skill = (16,0,2147483647,0,0,0,0,0,0,0,0,0,1000,2147483647,2147483647)
Skill = (17,0,2147483647,0,0,0,0,0,3,3,0,0,50,2147483647,2147483647)
Skill = (18,0,2147483647,0,0,0,0,0,0,0,0,0,1000,2147483647,2147483647)
Skill = (19,0,2147483647,0,0,0,0,0,0,0,0,0,1000,2147483647,2147483647)
Skill = (20,0,2147483647,0,0,0,0,0,0,0,0,0,1000,2147483647,2147483647)
Skill = (21,0,2147483647,0,0,0,0,0,0,0,0,0,1000,2147483647,2147483647)
Skill = (22,100,100,0,0,0,0,0,120,120,0,0,0,0,0)
Skill = (23,0,2147483647,0,0,0,0,0,0,0,0,0,1000,2147483647,2147483647)
Skill = (24,0,2147483647,0,0,0,0,0,0,0,0,0,1000,2147483647,2147483647)

Spells      = {10}
QuestValues = {(35,1),(59,1)}
Murders     = {}
