ID              = 11705870
Name            = "Zoich Jiganul"
Race            = 1
Profession      = 0
OriginalOutfit  = 128-132-114-96-98
CurrentOutfit   = 128-132-114-96-98
LastLogin       = 1131667706
LastLogout      = 1131669909
StartPosition   = [32097,32219,7]
CurrentPosition = [32118,32082,10]
PlayerkillerEnd = 0

Skill = (0,5,0,1,0,0,0,0,0,0,1,1002,0,1500,100)
Skill = (1,0,0,0,0,0,0,0,0,0,0,0,3000,20,20)
Skill = (2,99,170,0,0,0,0,0,0,0,5,0,0,0,0)
Skill = (3,20,20,0,0,0,0,0,0,0,5,0,0,0,0)
Skill = (4,74,74,0,0,0,0,0,0,0,1,0,0,0,0)
Skill = (5,440,440,0,0,0,0,0,0,0,10,0,0,0,0)
Skill = (6,12,0,10,0,0,0,0,0,0,0,437,1500,475,100)
Skill = (7,12,0,10,0,0,0,0,0,0,0,142,2000,210,30)
Skill = (8,13,0,10,0,0,0,0,0,0,0,697,2000,750,50)
Skill = (9,10,0,10,0,0,0,0,0,0,0,4,2000,50,50)
Skill = (10,10,0,10,0,0,0,0,0,0,0,6,2000,50,50)
Skill = (11,11,0,10,0,0,0,0,0,0,0,77,1500,125,50)
Skill = (12,0,2147483647,0,0,0,0,0,0,0,0,0,1000,2147483647,2147483647)
Skill = (13,10,0,10,0,0,0,0,0,0,0,9,1100,20,20)
Skill = (14,0,1200,0,0,0,0,0,0,0,0,0,0,0,0)
Skill = (15,0,2147483647,0,0,0,0,0,0,0,0,0,1000,2147483647,2147483647)
Skill = (16,0,2147483647,0,0,0,0,0,0,0,0,0,1000,2147483647,2147483647)
Skill = (17,0,2147483647,0,0,0,0,0,3,3,0,0,50,2147483647,2147483647)
Skill = (18,0,2147483647,0,0,0,0,0,0,0,0,0,1000,2147483647,2147483647)
Skill = (19,0,2147483647,0,0,0,0,0,0,0,0,0,1000,2147483647,2147483647)
Skill = (20,0,2147483647,0,0,0,0,0,0,0,0,0,1000,2147483647,2147483647)
Skill = (21,0,2147483647,0,0,0,0,0,0,0,0,0,1000,2147483647,2147483647)
Skill = (22,100,100,0,0,0,2,0,119,120,0,0,0,0,0)
Skill = (23,0,2147483647,0,0,0,0,0,0,0,0,0,1000,2147483647,2147483647)
Skill = (24,0,2147483647,0,0,0,0,0,0,0,0,0,1000,2147483647,2147483647)

Spells      = {}
QuestValues = {(19,1),(20,1),(21,1),(22,1),(23,1),(24,1),(28,1),(30,1),(32,1),(33,1),(34,1),(223,1),(224,1)}
Murders     = {}
