ID              = 7949370
Name            = "Proffesor Roshi"
Race            = 1
Profession      = 1
OriginalOutfit  = 129-97-114-114-114
CurrentOutfit   = 129-97-114-114-114
LastLogin       = 1129003301
LastLogout      = 1129003307
StartPosition   = [32649,31925,11]
CurrentPosition = [32643,31925,11]
PlayerkillerEnd = 0

Skill = (0,27,0,1,0,0,0,0,0,0,1,263858,0,295200,100)
Skill = (1,4,0,0,0,0,0,0,0,0,0,1645,3000,2420,20)
Skill = (2,470,470,0,0,0,0,0,0,0,15,0,0,0,0)
Skill = (3,130,130,0,0,0,0,0,0,0,5,0,0,0,0)
Skill = (4,96,96,0,0,0,0,0,0,0,1,0,0,0,0)
Skill = (5,945,945,0,0,0,0,0,0,0,25,0,0,0,0)
Skill = (6,61,0,10,0,0,0,0,0,0,0,136953,1100,141042,100)
Skill = (7,10,0,10,0,0,0,0,0,0,0,17,1400,30,30)
Skill = (8,36,0,10,0,0,0,0,0,0,0,5678,1100,6054,50)
Skill = (9,62,0,10,0,0,0,0,0,0,0,72901,1100,77623,50)
Skill = (10,10,0,10,0,0,0,0,0,0,0,0,1100,50,50)
Skill = (11,10,0,10,0,0,0,0,0,0,0,18,1100,50,50)
Skill = (12,0,2147483647,0,0,0,0,0,0,0,0,0,1000,2147483647,2147483647)
Skill = (13,50,0,10,0,0,0,0,0,0,0,9121,1100,9757,20)
Skill = (14,0,1200,0,0,0,0,0,0,0,0,0,0,0,0)
Skill = (15,0,2147483647,0,0,0,0,0,0,0,0,0,1000,2147483647,2147483647)
Skill = (16,0,2147483647,0,0,0,0,0,0,0,0,0,1000,2147483647,2147483647)
Skill = (17,0,2147483647,0,0,0,0,0,0,0,0,0,50,2147483647,2147483647)
Skill = (18,0,2147483647,0,0,0,0,0,0,0,0,0,1000,2147483647,2147483647)
Skill = (19,0,2147483647,0,0,0,0,0,0,0,0,0,1000,2147483647,2147483647)
Skill = (20,0,2147483647,0,0,0,0,0,0,0,0,0,1000,2147483647,2147483647)
Skill = (21,0,2147483647,0,0,0,0,0,0,0,0,0,1000,2147483647,2147483647)
Skill = (22,100,100,0,0,0,0,0,0,0,0,0,0,0,0)
Skill = (23,0,2147483647,0,0,0,0,0,0,0,0,0,1000,2147483647,2147483647)
Skill = (24,0,2147483647,0,0,0,0,0,0,0,0,0,1000,2147483647,2147483647)

Spells      = {1,6,10,20,29,76}
QuestValues = {(16,1),(17,1),(20,1),(21,1),(22,1),(23,1),(25,1),(26,1),(27,1),(29,1),(30,1),(32,1),(33,1),(34,1),(38,1),(84,1),(85,1),(86,1),(87,1),(111,1),(112,1),(121,1),(145,1),(146,1),(147,1),(190,1),(191,1)}
Murders     = {}
