ID              = 8159970
Name            = "Otaru Namiya"
Race            = 1
Profession      = 1
OriginalOutfit  = 128-76-114-114-0
CurrentOutfit   = 128-76-114-114-0
LastLogin       = 1128110080
LastLogout      = 1128110084
StartPosition   = [32957,32076,7]
CurrentPosition = [32934,32077,7]
PlayerkillerEnd = 0

Skill = (0,10,0,1,0,0,0,0,0,0,1,9539,0,13000,100)
Skill = (1,1,0,0,0,0,0,0,0,0,0,49,3000,80,20)
Skill = (2,173,215,0,0,0,0,0,0,0,15,0,0,0,0)
Skill = (3,23,45,0,0,0,0,0,0,0,5,0,0,0,0)
Skill = (4,79,79,0,0,0,0,0,0,0,1,0,0,0,0)
Skill = (5,520,520,0,0,0,0,0,0,0,25,0,0,0,0)
Skill = (6,26,0,10,0,0,0,0,0,0,0,3644,1100,4054,100)
Skill = (7,10,0,10,0,0,0,0,0,0,0,0,1400,30,30)
Skill = (8,10,0,10,0,0,0,0,0,0,0,0,1100,50,50)
Skill = (9,28,0,10,0,0,0,0,0,0,0,2329,1100,2557,50)
Skill = (10,10,0,10,0,0,0,0,0,0,0,0,1100,50,50)
Skill = (11,10,0,10,0,0,0,0,0,0,0,3,1100,50,50)
Skill = (12,0,2147483647,0,0,0,0,0,0,0,0,0,1000,2147483647,2147483647)
Skill = (13,17,0,10,0,0,0,0,0,0,0,205,1100,228,20)
Skill = (14,0,1200,0,0,0,782,0,0,0,0,0,0,0,0)
Skill = (15,0,2147483647,0,0,0,3,0,34,83,0,0,1000,2147483647,2147483647)
Skill = (16,0,2147483647,0,0,0,0,0,0,0,0,0,1000,2147483647,2147483647)
Skill = (17,0,2147483647,0,0,0,0,0,3,3,0,0,50,2147483647,2147483647)
Skill = (18,0,2147483647,0,0,0,0,0,1,1,0,0,1000,2147483647,2147483647)
Skill = (19,0,2147483647,0,0,0,0,0,0,0,0,0,1000,2147483647,2147483647)
Skill = (20,0,2147483647,0,0,0,0,0,0,0,0,0,1000,2147483647,2147483647)
Skill = (21,0,2147483647,0,0,0,0,0,0,0,0,0,1000,2147483647,2147483647)
Skill = (22,100,100,0,0,0,1,0,98,120,0,0,0,0,0)
Skill = (23,0,2147483647,0,0,0,0,0,0,0,0,0,1000,2147483647,2147483647)
Skill = (24,0,2147483647,0,0,0,0,0,0,0,0,0,1000,2147483647,2147483647)

Spells      = {1,10}
QuestValues = {(33,1),(34,1),(59,1)}
Murders     = {}
