ID              = 8448070
Name            = "Macanon Blanco"
Race            = 1
Profession      = 2
OriginalOutfit  = 134-82-120-0-94
CurrentOutfit   = 134-82-120-0-94
LastLogin       = 1131832390
LastLogout      = 1131832395
StartPosition   = [32732,31634,7]
CurrentPosition = [32732,31633,7]
PlayerkillerEnd = 0

Skill = (0,12,0,1,0,0,0,0,0,0,1,20844,0,23200,100)
Skill = (1,5,0,0,0,0,0,0,0,0,0,272,1400,326,20)
Skill = (2,225,225,0,0,0,0,0,0,0,10,0,0,0,0)
Skill = (3,95,95,0,0,0,0,0,0,0,15,0,0,0,0)
Skill = (4,81,81,0,0,0,0,0,0,0,1,0,0,0,0)
Skill = (5,550,550,0,0,0,0,0,0,0,20,0,0,0,0)
Skill = (6,29,0,10,0,0,0,0,0,0,0,5483,1100,5727,100)
Skill = (7,43,0,10,0,0,0,0,0,0,0,7114,1100,7364,30)
Skill = (8,10,0,10,0,0,0,0,0,0,0,0,1200,50,50)
Skill = (9,10,0,10,0,0,0,0,0,0,0,26,1200,50,50)
Skill = (10,10,0,10,0,0,0,0,0,0,0,0,1200,50,50)
Skill = (11,11,0,10,0,0,0,0,0,0,0,102,1200,109,50)
Skill = (12,0,2147483647,0,0,0,0,0,0,0,0,0,1000,2147483647,2147483647)
Skill = (13,25,0,10,0,0,0,0,0,0,0,705,1100,718,20)
Skill = (14,0,1200,0,0,0,0,0,0,0,0,0,0,0,0)
Skill = (15,0,2147483647,0,0,0,0,0,0,0,0,0,1000,2147483647,2147483647)
Skill = (16,0,2147483647,0,0,0,0,0,0,0,0,0,1000,2147483647,2147483647)
Skill = (17,0,2147483647,0,0,0,0,0,0,0,0,0,50,2147483647,2147483647)
Skill = (18,0,2147483647,0,0,0,0,0,0,0,0,0,1000,2147483647,2147483647)
Skill = (19,0,2147483647,0,0,0,0,0,0,0,0,0,1000,2147483647,2147483647)
Skill = (20,0,2147483647,0,0,0,0,0,0,0,0,0,1000,2147483647,2147483647)
Skill = (21,0,2147483647,0,0,0,0,0,0,0,0,0,1000,2147483647,2147483647)
Skill = (22,100,100,0,0,0,0,0,0,0,0,0,0,0,0)
Skill = (23,0,2147483647,0,0,0,0,0,0,0,0,0,1000,2147483647,2147483647)
Skill = (24,0,2147483647,0,0,0,0,0,0,0,0,0,1000,2147483647,2147483647)

Spells      = {2,10,51}
QuestValues = {(14,1),(15,1),(20,1),(21,1),(22,1),(23,1),(32,1),(33,1),(34,1),(84,1),(85,1),(86,1),(87,1),(224,1)}
Murders     = {1131828327,1131828387}
