ID              = 10320010
Name            = "Dorion Feraymo"
Race            = 1
Profession      = 2
OriginalOutfit  = 129-114-38-114-82
CurrentOutfit   = 129-114-38-114-82
LastLogin       = 1132083292
LastLogout      = 1132083297
StartPosition   = [32360,31782,7]
CurrentPosition = [32172,31785,7]
PlayerkillerEnd = 0

Skill = (0,13,0,1,0,0,0,0,0,0,1,27793,0,29900,100)
Skill = (1,6,0,0,0,0,0,0,0,0,0,427,1400,477,20)
Skill = (2,37,235,0,0,0,0,0,0,0,10,0,0,0,0)
Skill = (3,31,110,0,0,0,0,0,0,0,15,0,0,0,0)
Skill = (4,82,82,0,0,0,0,0,0,0,1,0,0,0,0)
Skill = (5,570,570,0,0,0,0,0,0,0,20,0,0,0,0)
Skill = (6,28,0,10,0,0,0,0,0,0,0,5028,1100,5115,100)
Skill = (7,38,0,10,0,0,0,0,0,0,0,4064,1100,4458,30)
Skill = (8,23,0,10,0,0,0,0,0,0,0,2884,1200,2959,50)
Skill = (9,19,0,10,0,0,0,0,0,0,0,1185,1200,1297,50)
Skill = (10,10,0,10,0,0,0,0,0,0,0,10,1200,50,50)
Skill = (11,14,0,10,0,0,0,0,0,0,0,310,1200,372,50)
Skill = (12,0,2147483647,0,0,0,0,0,0,0,0,0,1000,2147483647,2147483647)
Skill = (13,31,0,10,0,0,0,0,0,0,0,1413,1100,1428,20)
Skill = (14,0,1200,0,0,0,0,0,0,0,0,0,0,0,0)
Skill = (15,0,2147483647,0,0,0,0,0,0,0,0,0,1000,2147483647,2147483647)
Skill = (16,0,2147483647,0,0,0,0,0,0,0,0,0,1000,2147483647,2147483647)
Skill = (17,0,2147483647,0,0,0,0,0,3,3,0,0,50,2147483647,2147483647)
Skill = (18,0,2147483647,0,0,0,0,0,8,8,0,0,1000,2147483647,2147483647)
Skill = (19,0,2147483647,0,0,0,0,0,0,0,0,0,1000,2147483647,2147483647)
Skill = (20,0,2147483647,0,0,0,0,0,0,0,0,0,1000,2147483647,2147483647)
Skill = (21,0,2147483647,0,0,0,0,0,0,0,0,0,1000,2147483647,2147483647)
Skill = (22,82,100,0,0,0,2,0,32,120,0,0,0,0,0)
Skill = (23,0,2147483647,0,0,0,0,0,0,0,0,0,1000,2147483647,2147483647)
Skill = (24,0,2147483647,0,0,0,0,0,0,0,0,0,1000,2147483647,2147483647)

Spells      = {1,2,7,8,10,15,29,42,51}
QuestValues = {(35,1),(60,1),(61,1),(223,1),(224,1)}
Murders     = {1131370930,1131636961}
