ID              = 10435310
Name            = "Baki Zeth"
Race            = 1
Profession      = 1
OriginalOutfit  = 129-18-18-18-132
CurrentOutfit   = 129-18-18-18-132
LastLogin       = 1128179895
LastLogout      = 1128179978
StartPosition   = [32957,32076,7]
CurrentPosition = [32932,32080,11]
PlayerkillerEnd = 1128559684

Skill = (0,10,0,1,0,0,0,0,0,0,1,9626,0,13000,100)
Skill = (1,2,0,0,0,0,0,0,0,0,0,87,3000,260,20)
Skill = (2,83,215,0,0,0,0,0,0,0,15,0,0,0,0)
Skill = (3,0,45,0,0,0,0,0,0,0,5,0,0,0,0)
Skill = (4,79,79,0,0,0,0,0,0,0,1,0,0,0,0)
Skill = (5,520,520,0,0,0,0,0,0,0,25,0,0,0,0)
Skill = (6,15,0,10,0,0,0,0,0,0,0,724,1100,771,100)
Skill = (7,10,0,10,0,0,0,0,0,0,0,0,1400,30,30)
Skill = (8,10,0,10,0,0,0,0,0,0,0,0,1100,50,50)
Skill = (9,21,0,10,0,0,0,0,0,0,0,990,1100,1069,50)
Skill = (10,10,0,10,0,0,0,0,0,0,0,0,1100,50,50)
Skill = (11,10,0,10,0,0,0,0,0,0,0,9,1100,50,50)
Skill = (12,0,2147483647,0,0,0,0,0,0,0,0,0,1000,2147483647,2147483647)
Skill = (13,11,0,10,0,0,0,0,0,0,0,37,1100,42,20)
Skill = (14,0,1200,0,0,0,0,0,0,0,0,0,0,0,0)
Skill = (15,0,2147483647,0,0,0,5,0,33,83,0,0,1000,2147483647,2147483647)
Skill = (16,0,2147483647,0,0,0,0,0,0,0,0,0,1000,2147483647,2147483647)
Skill = (17,0,2147483647,0,0,0,0,0,0,0,0,0,50,2147483647,2147483647)
Skill = (18,0,2147483647,0,0,0,0,0,0,0,0,0,1000,2147483647,2147483647)
Skill = (19,0,2147483647,0,0,0,0,0,0,0,0,0,1000,2147483647,2147483647)
Skill = (20,0,2147483647,0,0,0,0,0,0,0,0,0,1000,2147483647,2147483647)
Skill = (21,0,2147483647,0,0,0,0,0,0,0,0,0,1000,2147483647,2147483647)
Skill = (22,100,100,0,0,0,0,0,0,0,0,0,0,0,0)
Skill = (23,0,2147483647,0,0,0,0,0,0,0,0,0,1000,2147483647,2147483647)
Skill = (24,0,2147483647,0,0,0,0,0,0,0,0,0,1000,2147483647,2147483647)

Spells      = {1,10,20,29}
QuestValues = {(19,1),(20,1),(21,1),(22,1),(23,1),(32,1),(33,1),(34,1),(96,1),(97,1),(98,1),(99,1),(208,1),(224,1)}
Murders     = {1125872311,1125946133,1125967219,1125967684}
