ID              = 10553610
Name            = "Digreffe"
Race            = 1
Profession      = 3
OriginalOutfit  = 128-3-95-95-94
CurrentOutfit   = 128-3-95-95-94
LastLogin       = 1132096317
LastLogout      = 1132099003
StartPosition   = [32957,32076,7]
CurrentPosition = [32726,32055,7]
PlayerkillerEnd = 0

Skill = (0,12,0,1,0,0,0,0,0,0,1,20626,0,23200,100)
Skill = (1,11,0,0,0,0,0,0,0,0,0,426,1100,427,20)
Skill = (2,205,205,0,0,0,0,0,0,0,5,0,0,0,0)
Skill = (3,132,155,0,0,0,0,0,0,0,30,0,0,0,0)
Skill = (4,81,81,0,0,0,0,0,0,0,1,0,0,0,0)
Skill = (5,510,510,0,0,0,0,0,0,0,10,0,0,0,0)
Skill = (6,18,0,10,0,0,0,0,0,0,0,6114,1500,7488,100)
Skill = (7,10,0,10,0,0,0,0,0,0,0,19,2000,30,30)
Skill = (8,11,0,10,0,0,0,0,0,0,0,58,2000,150,50)
Skill = (9,16,0,10,0,0,0,0,0,0,0,5890,2000,6350,50)
Skill = (10,10,0,10,0,0,0,0,0,0,0,39,2000,50,50)
Skill = (11,10,0,10,0,0,0,0,0,0,0,11,1500,50,50)
Skill = (12,0,2147483647,0,0,0,0,0,0,0,0,0,1000,2147483647,2147483647)
Skill = (13,27,0,10,0,0,0,0,0,0,0,869,1100,911,20)
Skill = (14,0,1200,0,0,0,42,0,0,0,0,0,0,0,0)
Skill = (15,0,2147483647,0,0,0,0,0,0,0,0,0,1000,2147483647,2147483647)
Skill = (16,0,2147483647,0,0,0,0,0,0,0,0,0,1000,2147483647,2147483647)
Skill = (17,0,2147483647,0,0,0,0,0,3,3,0,0,50,2147483647,2147483647)
Skill = (18,0,2147483647,0,0,0,0,0,8,8,0,0,1000,2147483647,2147483647)
Skill = (19,0,2147483647,0,0,0,0,0,0,0,0,0,1000,2147483647,2147483647)
Skill = (20,0,2147483647,0,0,0,0,0,0,0,0,0,1000,2147483647,2147483647)
Skill = (21,0,2147483647,0,0,0,0,0,0,0,0,0,1000,2147483647,2147483647)
Skill = (22,100,100,0,0,0,1,0,33,120,0,0,0,0,0)
Skill = (23,0,2147483647,0,0,0,0,0,0,0,0,0,1000,2147483647,2147483647)
Skill = (24,0,2147483647,0,0,0,0,0,0,0,0,0,1000,2147483647,2147483647)

Spells      = {1,2,7,8,10,16,20}
QuestValues = {(21,1),(22,1),(23,1),(33,1),(35,1),(59,1),(96,1),(97,1),(98,1),(99,1)}
Murders     = {1130050101,1130051900}
