ID              = 11609210
Name            = "Archer Of The Empire"
Race            = 1
Profession      = 2
OriginalOutfit  = 129-58-13-0-98
CurrentOutfit   = 129-58-13-0-98
LastLogin       = 1132084716
LastLogout      = 1132088071
StartPosition   = [32360,31782,7]
CurrentPosition = [32337,31791,7]
PlayerkillerEnd = 0

Skill = (0,11,0,1,0,0,0,0,0,0,1,15363,0,17600,100)
Skill = (1,6,0,0,0,0,0,0,0,0,0,346,1400,477,20)
Skill = (2,85,215,0,0,0,0,0,0,0,10,0,0,0,0)
Skill = (3,22,80,0,0,0,0,0,0,0,15,0,0,0,0)
Skill = (4,80,80,0,0,0,0,0,0,0,1,0,0,0,0)
Skill = (5,530,530,0,0,0,0,0,0,0,20,0,0,0,0)
Skill = (6,38,0,10,0,0,0,0,0,0,0,13497,1100,14863,100)
Skill = (7,45,0,10,0,0,0,0,0,0,0,8565,1100,8973,30)
Skill = (8,16,0,10,0,0,0,0,0,0,0,557,1200,645,50)
Skill = (9,10,0,10,0,0,0,0,0,0,0,0,1200,50,50)
Skill = (10,10,0,10,0,0,0,0,0,0,0,17,1200,50,50)
Skill = (11,17,0,10,0,0,0,0,0,0,0,711,1200,824,50)
Skill = (12,0,2147483647,0,0,0,0,0,0,0,0,0,1000,2147483647,2147483647)
Skill = (13,10,0,10,0,0,0,0,0,0,0,0,1100,20,20)
Skill = (14,0,1200,0,0,0,0,0,0,0,0,0,0,0,0)
Skill = (15,0,2147483647,0,0,0,0,0,0,0,0,0,1000,2147483647,2147483647)
Skill = (16,0,2147483647,0,0,0,0,0,0,0,0,0,1000,2147483647,2147483647)
Skill = (17,0,2147483647,0,0,0,0,0,3,3,0,0,50,2147483647,2147483647)
Skill = (18,0,2147483647,0,0,0,0,0,8,8,0,0,1000,2147483647,2147483647)
Skill = (19,0,2147483647,0,0,0,0,0,0,0,0,0,1000,2147483647,2147483647)
Skill = (20,0,2147483647,0,0,0,0,0,0,0,0,0,1000,2147483647,2147483647)
Skill = (21,0,2147483647,0,0,0,0,0,0,0,0,0,1000,2147483647,2147483647)
Skill = (22,100,100,0,0,0,0,0,120,120,0,0,0,0,0)
Skill = (23,0,2147483647,0,0,0,0,0,0,0,0,0,1000,2147483647,2147483647)
Skill = (24,0,2147483647,0,0,0,0,0,0,0,0,0,1000,2147483647,2147483647)

Spells      = {1,10,51}
QuestValues = {(17,1),(18,1),(20,1),(32,1),(33,1),(34,1),(35,1),(59,1),(60,1),(61,1),(125,1),(126,1)}
Murders     = {}
