ID              = 7952310
Name            = "Master Ingrid"
Race            = 1
Profession      = 3
OriginalOutfit  = 142-0-81-88-79
CurrentOutfit   = 142-0-81-88-79
LastLogin       = 1131608377
LastLogout      = 1131608725
StartPosition   = [32369,32241,7]
CurrentPosition = [32346,32218,7]
PlayerkillerEnd = 0

Skill = (0,13,0,1,0,0,0,0,0,0,1,27556,0,29900,100)
Skill = (1,18,0,0,0,0,0,0,0,0,0,913,1100,1023,20)
Skill = (2,210,210,0,0,0,0,0,0,0,5,0,0,0,0)
Skill = (3,185,185,0,0,0,0,0,0,0,30,0,0,0,0)
Skill = (4,82,82,0,0,0,0,0,0,0,1,0,0,0,0)
Skill = (5,520,520,0,0,0,0,0,0,0,10,0,0,0,0)
Skill = (6,19,0,10,0,0,0,0,0,0,0,8804,1500,11333,100)
Skill = (7,10,0,10,0,0,0,0,0,0,0,0,2000,30,30)
Skill = (8,14,0,10,0,0,0,0,0,0,0,1212,2000,1550,50)
Skill = (9,16,0,10,0,0,0,0,0,0,0,6244,2000,6350,50)
Skill = (10,10,0,10,0,0,0,0,0,0,0,0,2000,50,50)
Skill = (11,11,0,10,0,0,0,0,0,0,0,93,1500,125,50)
Skill = (12,0,2147483647,0,0,0,0,0,0,0,0,0,1000,2147483647,2147483647)
Skill = (13,39,0,10,0,0,0,0,0,0,0,2973,1100,3289,20)
Skill = (14,0,1200,0,0,0,0,0,0,0,0,0,0,0,0)
Skill = (15,0,2147483647,0,0,0,0,0,0,0,0,0,1000,2147483647,2147483647)
Skill = (16,0,2147483647,0,0,0,0,0,0,0,0,0,1000,2147483647,2147483647)
Skill = (17,0,2147483647,0,0,0,0,0,0,0,0,0,50,2147483647,2147483647)
Skill = (18,0,2147483647,0,0,0,0,0,0,0,0,0,1000,2147483647,2147483647)
Skill = (19,0,2147483647,0,0,0,0,0,0,0,0,0,1000,2147483647,2147483647)
Skill = (20,0,2147483647,0,0,0,0,0,0,0,0,0,1000,2147483647,2147483647)
Skill = (21,0,2147483647,0,0,0,0,0,0,0,0,0,1000,2147483647,2147483647)
Skill = (22,100,100,0,0,0,0,0,0,0,0,0,0,0,0)
Skill = (23,0,2147483647,0,0,0,0,0,0,0,0,0,1000,2147483647,2147483647)
Skill = (24,0,2147483647,0,0,0,0,0,0,0,0,0,1000,2147483647,2147483647)

Spells      = {1,8,10,16,29}
QuestValues = {(20,1),(21,1),(22,1),(23,1),(27,1),(32,1),(33,1),(34,1),(58,1),(59,1),(84,1),(85,1),(86,1),(87,1),(100,1)}
Murders     = {}
