ID              = 8135810
Name            = "Gen Leonheart"
Race            = 1
Profession      = 1
OriginalOutfit  = 128-115-114-69-95
CurrentOutfit   = 128-115-114-69-95
LastLogin       = 1130132390
LastLogout      = 1130132622
StartPosition   = [32360,31782,7]
CurrentPosition = [32925,32077,7]
PlayerkillerEnd = 0

Skill = (0,25,0,1,0,0,0,0,0,0,1,215271,0,232500,100)
Skill = (1,4,0,0,0,0,0,0,0,0,0,1160,3000,2420,20)
Skill = (2,440,440,0,0,0,0,0,0,0,15,0,0,0,0)
Skill = (3,9,120,0,0,0,0,0,0,0,5,0,0,0,0)
Skill = (4,94,94,0,0,0,0,0,0,0,1,0,0,0,0)
Skill = (5,895,895,0,0,0,0,0,0,0,25,0,0,0,0)
Skill = (6,69,0,10,0,0,0,0,0,0,0,295771,1100,303481,100)
Skill = (7,10,0,10,0,0,0,0,0,0,0,1,1400,30,30)
Skill = (8,10,0,10,0,0,0,0,0,0,0,37,1100,50,50)
Skill = (9,10,0,10,0,0,0,0,0,0,0,0,1100,50,50)
Skill = (10,69,0,10,0,0,0,0,0,0,0,143428,1100,151740,50)
Skill = (11,10,0,10,0,0,0,0,0,0,0,8,1100,50,50)
Skill = (12,0,2147483647,0,0,0,0,0,0,0,0,0,1000,2147483647,2147483647)
Skill = (13,10,0,10,0,0,0,0,0,0,0,0,1100,20,20)
Skill = (14,0,1200,0,0,0,0,0,0,0,0,0,0,0,0)
Skill = (15,0,2147483647,0,0,0,0,0,83,83,0,0,1000,2147483647,2147483647)
Skill = (16,0,2147483647,0,0,0,0,0,0,0,0,0,1000,2147483647,2147483647)
Skill = (17,0,2147483647,0,0,0,0,0,0,0,0,0,50,2147483647,2147483647)
Skill = (18,0,2147483647,0,0,0,0,0,8,8,0,0,1000,2147483647,2147483647)
Skill = (19,0,2147483647,0,0,0,0,0,0,0,0,0,1000,2147483647,2147483647)
Skill = (20,0,2147483647,0,0,0,0,0,0,0,0,0,1000,2147483647,2147483647)
Skill = (21,0,2147483647,0,0,0,0,0,0,0,0,0,1000,2147483647,2147483647)
Skill = (22,100,100,0,0,0,0,0,120,120,0,0,0,0,0)
Skill = (23,0,2147483647,0,0,0,0,0,0,0,0,0,1000,2147483647,2147483647)
Skill = (24,0,2147483647,0,0,0,0,0,0,0,0,0,1000,2147483647,2147483647)

Spells      = {1,10,20,29}
QuestValues = {(20,1),(21,1),(22,1),(23,1),(59,1),(98,1),(99,1),(190,1),(191,1)}
Murders     = {}
