ID              = 8264210
Name            = "Balthazard Hesse"
Race            = 1
Profession      = 2
OriginalOutfit  = 128-10-49-0-0
CurrentOutfit   = 128-10-49-0-0
LastLogin       = 1124511559
LastLogout      = 1124511725
StartPosition   = [32957,32076,7]
CurrentPosition = [32931,32074,7]
PlayerkillerEnd = 0

Skill = (0,14,0,1,0,0,0,0,0,0,1,30249,0,37800,100)
Skill = (1,7,0,0,0,0,0,0,0,0,0,645,1400,687,20)
Skill = (2,245,245,0,0,0,0,0,0,0,10,0,0,0,0)
Skill = (3,5,125,0,0,0,0,0,0,0,15,0,0,0,0)
Skill = (4,83,83,0,0,0,0,0,0,0,1,0,0,0,0)
Skill = (5,590,590,0,0,0,0,0,0,0,20,0,0,0,0)
Skill = (6,43,0,10,0,0,0,0,0,0,0,22432,1100,24547,100)
Skill = (7,47,0,10,0,0,0,0,0,0,0,10208,1100,10921,30)
Skill = (8,15,0,10,0,0,0,0,0,0,0,460,1200,496,50)
Skill = (9,17,0,10,0,0,0,0,0,0,0,702,1200,824,50)
Skill = (10,10,0,10,0,0,0,0,0,0,0,25,1200,50,50)
Skill = (11,24,0,10,0,0,0,0,0,0,0,3141,1200,3601,50)
Skill = (12,0,2147483647,0,0,0,0,0,0,0,0,0,1000,2147483647,2147483647)
Skill = (13,29,0,10,0,0,0,0,0,0,0,1023,1100,1145,20)
Skill = (14,0,1200,0,0,0,0,0,0,0,0,0,0,0,0)
Skill = (15,0,2147483647,0,0,0,0,0,0,0,0,0,1000,2147483647,2147483647)
Skill = (16,0,2147483647,0,0,0,0,0,0,0,0,0,1000,2147483647,2147483647)
Skill = (17,0,2147483647,0,0,0,0,0,0,0,0,0,50,2147483647,2147483647)
Skill = (18,0,2147483647,0,0,0,0,0,0,0,0,0,1000,2147483647,2147483647)
Skill = (19,0,2147483647,0,0,0,0,0,0,0,0,0,1000,2147483647,2147483647)
Skill = (20,0,2147483647,0,0,0,0,0,0,0,0,0,1000,2147483647,2147483647)
Skill = (21,0,2147483647,0,0,0,0,0,0,0,0,0,1000,2147483647,2147483647)
Skill = (22,100,100,0,0,0,0,0,0,0,0,0,0,0,0)
Skill = (23,0,2147483647,0,0,0,0,0,0,0,0,0,1000,2147483647,2147483647)
Skill = (24,0,2147483647,0,0,0,0,0,0,0,0,0,1000,2147483647,2147483647)

Spells      = {1,8,10,29,42,51}
QuestValues = {(20,1),(21,1),(22,1),(23,1),(32,1),(33,1),(99,1),(223,1)}
Murders     = {}
