ID              = 8537310
Name            = "Scorpion-mort"
Race            = 1
Profession      = 4
OriginalOutfit  = 128-97-95-113-20
CurrentOutfit   = 128-97-95-113-20
LastLogin       = 1131593242
LastLogout      = 1131594042
StartPosition   = [32369,32241,7]
CurrentPosition = [32343,32216,7]
PlayerkillerEnd = 0

Skill = (0,20,0,1,0,0,0,0,0,0,1,101977,0,116000,100)
Skill = (1,35,0,0,0,0,0,0,0,0,0,5670,1100,5982,20)
Skill = (2,245,245,0,0,0,0,0,0,0,5,0,0,0,0)
Skill = (3,32,395,0,0,0,0,0,0,0,30,0,0,0,0)
Skill = (4,89,89,0,0,0,0,0,0,0,1,0,0,0,0)
Skill = (5,590,590,0,0,0,0,0,0,0,10,0,0,0,0)
Skill = (6,22,0,10,0,0,0,0,0,0,0,26465,1500,38723,100)
Skill = (7,17,0,10,0,0,0,0,0,0,0,2647,1800,4094,30)
Skill = (8,10,0,10,0,0,0,0,0,0,0,0,1800,50,50)
Skill = (9,19,0,10,0,0,0,0,0,0,0,21229,1800,22252,50)
Skill = (10,10,0,10,0,0,0,0,0,0,0,0,1800,50,50)
Skill = (11,14,0,10,0,0,0,0,0,0,0,514,1500,659,50)
Skill = (12,0,2147483647,0,0,0,0,0,0,0,0,0,1000,2147483647,2147483647)
Skill = (13,52,0,10,0,0,0,0,0,0,0,11069,1100,11848,20)
Skill = (14,0,1200,0,0,0,0,0,0,0,0,0,0,0,0)
Skill = (15,0,2147483647,0,0,0,0,0,83,83,0,0,1000,2147483647,2147483647)
Skill = (16,0,2147483647,0,0,0,0,0,200,200,0,0,1000,2147483647,2147483647)
Skill = (17,0,2147483647,0,0,0,0,0,3,3,0,0,50,2147483647,2147483647)
Skill = (18,0,2147483647,0,0,0,0,0,8,8,0,0,1000,2147483647,2147483647)
Skill = (19,0,2147483647,0,0,0,0,0,10,10,0,0,1000,2147483647,2147483647)
Skill = (20,0,2147483647,0,0,0,0,0,120,120,0,0,1000,2147483647,2147483647)
Skill = (21,0,2147483647,0,0,0,0,0,0,0,0,0,1000,2147483647,2147483647)
Skill = (22,95,100,0,0,0,0,0,120,120,0,0,0,0,0)
Skill = (23,0,2147483647,0,0,0,0,0,0,0,0,0,1000,2147483647,2147483647)
Skill = (24,0,2147483647,0,0,0,0,0,0,0,0,0,1000,2147483647,2147483647)

Spells      = {1,3,4,5,8,9,10,16,18,20,27,29,38,44,45}
QuestValues = {(20,1),(21,1),(22,1),(23,1),(37,1),(55,1),(59,1),(140,1),(141,1),(190,1),(191,1),(223,1),(253,1)}
Murders     = {}
