ID              = 8756710
Name            = "Shishiro Druid Master"
Race            = 1
Profession      = 14
OriginalOutfit  = 133-8-9-115-11
CurrentOutfit   = 133-8-9-115-11
LastLogin       = 1132024534
LastLogout      = 1132027451
StartPosition   = [32360,31782,7]
CurrentPosition = [33217,32456,8]
PlayerkillerEnd = 0

Skill = (0,21,0,1,0,0,0,0,0,0,1,120853,0,135100,100)
Skill = (1,28,0,0,0,0,0,0,0,0,0,2815,1100,2972,20)
Skill = (2,250,250,0,0,0,0,0,0,0,5,0,0,0,0)
Skill = (3,68,425,0,0,0,0,0,0,0,30,0,0,0,0)
Skill = (4,90,90,0,0,0,0,0,0,0,1,0,0,0,0)
Skill = (5,600,600,0,0,0,0,0,0,0,10,0,0,0,0)
Skill = (6,22,0,10,0,0,0,0,0,0,0,29827,1500,38723,100)
Skill = (7,10,0,10,0,0,0,0,0,0,0,0,1800,30,30)
Skill = (8,19,0,10,0,0,0,0,0,0,0,21221,1800,22252,50)
Skill = (9,10,0,10,0,0,0,0,0,0,0,25,1800,50,50)
Skill = (10,10,0,10,0,0,0,0,0,0,0,0,1800,50,50)
Skill = (11,10,0,10,0,0,0,0,0,0,0,39,1500,50,50)
Skill = (12,0,2147483647,0,0,0,0,0,0,0,0,0,1000,2147483647,2147483647)
Skill = (13,30,0,10,0,0,0,0,0,0,0,1194,1100,1280,20)
Skill = (14,0,1200,0,0,0,1054,0,0,0,0,0,0,0,0)
Skill = (15,0,2147483647,0,0,0,0,0,83,83,0,0,1000,2147483647,2147483647)
Skill = (16,0,2147483647,0,0,0,0,0,200,200,0,0,1000,2147483647,2147483647)
Skill = (17,0,2147483647,0,0,0,0,0,0,0,0,0,50,2147483647,2147483647)
Skill = (18,0,2147483647,0,0,0,0,0,8,8,0,0,1000,2147483647,2147483647)
Skill = (19,0,2147483647,0,0,0,0,0,10,10,0,0,1000,2147483647,2147483647)
Skill = (20,0,2147483647,0,0,0,0,0,0,0,0,0,1000,2147483647,2147483647)
Skill = (21,0,2147483647,0,0,0,0,0,0,0,0,0,1000,2147483647,2147483647)
Skill = (22,200,200,0,0,0,0,0,15,15,0,0,0,0,0)
Skill = (23,0,2147483647,0,0,0,0,0,0,0,0,0,1000,2147483647,2147483647)
Skill = (24,0,2147483647,0,0,0,0,0,0,0,0,0,1000,2147483647,2147483647)

Spells      = {1,3,4,5,7,8,9,10,16,17,18,25,27,29,30,33,42,45,50,77}
QuestValues = {(21,1),(22,1),(23,1),(27,1),(59,1),(84,1),(85,1),(86,1),(87,1),(190,1),(191,1)}
Murders     = {}
