ID              = 9785510
Name            = "Azina Zaze"
Race            = 1
Profession      = 1
OriginalOutfit  = 136-129-114-129-114
CurrentOutfit   = 136-129-114-129-114
LastLogin       = 1130728138
LastLogout      = 1130728175
StartPosition   = [32957,32076,7]
CurrentPosition = [32924,32077,7]
PlayerkillerEnd = 0

Skill = (0,10,0,1,0,0,0,0,0,0,1,12753,0,13000,100)
Skill = (1,2,0,0,0,0,0,0,0,0,0,92,3000,260,20)
Skill = (2,82,215,0,0,0,0,0,0,0,15,0,0,0,0)
Skill = (3,4,45,0,0,0,0,0,0,0,5,0,0,0,0)
Skill = (4,79,79,0,0,0,0,0,0,0,1,0,0,0,0)
Skill = (5,520,520,0,0,0,0,0,0,0,25,0,0,0,0)
Skill = (6,26,0,10,0,0,0,0,0,0,0,3902,1100,4054,100)
Skill = (7,10,0,10,0,0,0,0,0,0,0,7,1400,30,30)
Skill = (8,30,0,10,0,0,0,0,0,0,0,2907,1100,3200,50)
Skill = (9,11,0,10,0,0,0,0,0,0,0,73,1100,105,50)
Skill = (10,10,0,10,0,0,0,0,0,0,0,49,1100,50,50)
Skill = (11,10,0,10,0,0,0,0,0,0,0,16,1100,50,50)
Skill = (12,0,2147483647,0,0,0,0,0,0,0,0,0,1000,2147483647,2147483647)
Skill = (13,25,0,10,0,0,0,0,0,0,0,652,1100,718,20)
Skill = (14,0,1200,0,0,0,0,0,0,0,0,0,0,0,0)
Skill = (15,0,2147483647,0,0,0,0,0,0,0,0,0,1000,2147483647,2147483647)
Skill = (16,0,2147483647,0,0,0,0,0,0,0,0,0,1000,2147483647,2147483647)
Skill = (17,0,2147483647,0,0,0,0,0,0,0,0,0,50,2147483647,2147483647)
Skill = (18,0,2147483647,0,0,0,0,0,1,1,0,0,1000,2147483647,2147483647)
Skill = (19,0,2147483647,0,0,0,0,0,0,0,0,0,1000,2147483647,2147483647)
Skill = (20,0,2147483647,0,0,0,0,0,0,0,0,0,1000,2147483647,2147483647)
Skill = (21,0,2147483647,0,0,0,0,0,0,0,0,0,1000,2147483647,2147483647)
Skill = (22,100,100,0,0,0,0,0,0,0,0,0,0,0,0)
Skill = (23,0,2147483647,0,0,0,0,0,0,0,0,0,1000,2147483647,2147483647)
Skill = (24,0,2147483647,0,0,0,0,0,0,0,0,0,1000,2147483647,2147483647)

Spells      = {1,10}
QuestValues = {(18,1),(20,1),(21,1),(22,1),(23,1),(35,1),(59,1),(96,1),(97,1),(115,1),(208,1),(223,1)}
Murders     = {}
