ID              = 10660598
Name            = "Glaxt"
Race            = 1
Profession      = 1
OriginalOutfit  = 128-114-0-89-0
CurrentOutfit   = 128-114-0-89-0
LastLogin       = 1131933390
LastLogout      = 1131933476
StartPosition   = [32369,32241,7]
CurrentPosition = [32917,32069,7]
PlayerkillerEnd = 0

Skill = (0,14,0,1,0,0,0,0,0,0,1,32377,0,37800,100)
Skill = (1,3,0,0,0,0,0,0,0,0,0,279,3000,800,20)
Skill = (2,97,275,0,0,0,0,0,0,0,15,0,0,0,0)
Skill = (3,20,65,0,0,0,0,0,0,0,5,0,0,0,0)
Skill = (4,83,83,0,0,0,0,0,0,0,1,0,0,0,0)
Skill = (5,620,620,0,0,0,0,0,0,0,25,0,0,0,0)
Skill = (6,39,0,10,0,0,0,0,0,0,0,16123,1100,16449,100)
Skill = (7,10,0,10,0,0,0,0,0,0,0,0,1400,30,30)
Skill = (8,10,0,10,0,0,0,0,0,0,0,0,1100,50,50)
Skill = (9,11,0,10,0,0,0,0,0,0,0,57,1100,105,50)
Skill = (10,43,0,10,0,0,0,0,0,0,0,11426,1100,12273,50)
Skill = (11,10,0,10,0,0,0,0,0,0,0,4,1100,50,50)
Skill = (12,0,2147483647,0,0,0,0,0,0,0,0,0,1000,2147483647,2147483647)
Skill = (13,32,0,10,0,0,0,0,0,0,0,1543,1100,1590,20)
Skill = (14,0,1200,0,0,0,954,0,0,0,0,0,0,0,0)
Skill = (15,0,2147483647,0,0,0,0,0,0,0,0,0,1000,2147483647,2147483647)
Skill = (16,0,2147483647,0,0,0,0,0,0,0,0,0,1000,2147483647,2147483647)
Skill = (17,0,2147483647,0,0,0,0,0,3,3,0,0,50,2147483647,2147483647)
Skill = (18,0,2147483647,0,0,0,0,0,8,8,0,0,1000,2147483647,2147483647)
Skill = (19,0,2147483647,0,0,0,0,0,0,0,0,0,1000,2147483647,2147483647)
Skill = (20,0,2147483647,0,0,0,0,0,0,0,0,0,1000,2147483647,2147483647)
Skill = (21,0,2147483647,0,0,0,0,0,0,0,0,0,1000,2147483647,2147483647)
Skill = (22,100,100,0,0,0,1,0,92,120,0,0,0,0,0)
Skill = (23,0,2147483647,0,0,0,0,0,0,0,0,0,1000,2147483647,2147483647)
Skill = (24,0,2147483647,0,0,0,0,0,0,0,0,0,1000,2147483647,2147483647)

Spells      = {1,10,11,20,29}
QuestValues = {(20,1),(21,1),(22,1),(23,1),(32,1),(33,1),(59,1),(96,1),(97,1),(98,1),(125,1),(126,1)}
Murders     = {1129346874,1130379496}
