ID              = 11738298
Name            = "Ricardo el Gordo"
Race            = 1
Profession      = 0
OriginalOutfit  = 129-78-69-58-76
CurrentOutfit   = 129-78-69-58-76
LastLogin       = 1132087845
LastLogout      = 1132087897
StartPosition   = [32097,32219,7]
CurrentPosition = [32123,32049,10]
PlayerkillerEnd = 0

Skill = (0,4,0,1,0,0,0,0,0,0,1,547,0,800,100)
Skill = (1,0,0,0,0,0,0,0,0,0,0,0,3000,20,20)
Skill = (2,92,165,0,0,0,0,0,0,0,5,0,0,0,0)
Skill = (3,15,15,0,0,0,0,0,0,0,5,0,0,0,0)
Skill = (4,73,73,0,0,0,0,0,0,0,1,0,0,0,0)
Skill = (5,430,430,0,0,0,0,0,0,0,10,0,0,0,0)
Skill = (6,12,0,10,0,0,0,0,0,0,0,280,1500,475,100)
Skill = (7,10,0,10,0,0,0,0,0,0,0,0,2000,30,30)
Skill = (8,13,0,10,0,0,0,0,0,0,0,566,2000,750,50)
Skill = (9,10,0,10,0,0,0,0,0,0,0,12,2000,50,50)
Skill = (10,10,0,10,0,0,0,0,0,0,0,0,2000,50,50)
Skill = (11,10,0,10,0,0,0,0,0,0,0,0,1500,50,50)
Skill = (12,0,2147483647,0,0,0,0,0,0,0,0,0,1000,2147483647,2147483647)
Skill = (13,10,0,10,0,0,0,0,0,0,0,0,1100,20,20)
Skill = (14,0,1200,0,0,0,389,0,0,0,0,0,0,0,0)
Skill = (15,0,2147483647,0,0,0,0,0,0,0,0,0,1000,2147483647,2147483647)
Skill = (16,0,2147483647,0,0,0,0,0,0,0,0,0,1000,2147483647,2147483647)
Skill = (17,0,2147483647,0,0,0,0,0,3,3,0,0,50,2147483647,2147483647)
Skill = (18,0,2147483647,0,0,0,0,0,0,0,0,0,1000,2147483647,2147483647)
Skill = (19,0,2147483647,0,0,0,0,0,0,0,0,0,1000,2147483647,2147483647)
Skill = (20,0,2147483647,0,0,0,0,0,0,0,0,0,1000,2147483647,2147483647)
Skill = (21,0,2147483647,0,0,0,0,0,0,0,0,0,1000,2147483647,2147483647)
Skill = (22,100,100,0,0,0,0,0,120,120,0,0,0,0,0)
Skill = (23,0,2147483647,0,0,0,0,0,0,0,0,0,1000,2147483647,2147483647)
Skill = (24,0,2147483647,0,0,0,0,0,0,0,0,0,1000,2147483647,2147483647)

Spells      = {}
QuestValues = {(59,1),(223,1)}
Murders     = {}
