ID              = 8325598
Name            = "Krill Gimm"
Race            = 1
Profession      = 3
OriginalOutfit  = 137-76-79-118-114
CurrentOutfit   = 137-76-79-118-114
LastLogin       = 1132087208
LastLogout      = 1132088717
StartPosition   = [32360,31782,7]
CurrentPosition = [32495,31976,7]
PlayerkillerEnd = 0

Skill = (0,24,0,1,0,0,0,0,0,0,1,193924,0,204800,100)
Skill = (1,31,0,0,0,0,0,0,0,0,0,3849,1100,4022,20)
Skill = (2,260,265,0,0,0,0,0,0,0,5,0,0,0,0)
Skill = (3,414,515,0,0,0,0,0,0,0,30,0,0,0,0)
Skill = (4,93,93,0,0,0,0,0,0,0,1,0,0,0,0)
Skill = (5,630,630,0,0,0,0,0,0,0,10,0,0,0,0)
Skill = (6,21,0,10,0,0,0,0,0,0,0,18267,1500,25749,100)
Skill = (7,12,0,10,0,0,0,0,0,0,0,179,2000,210,30)
Skill = (8,19,0,10,0,0,0,0,0,0,0,31278,2000,51150,50)
Skill = (9,17,0,10,0,0,0,0,0,0,0,7877,2000,12750,50)
Skill = (10,12,0,10,0,0,0,0,0,0,0,219,2000,350,50)
Skill = (11,12,0,10,0,0,0,0,0,0,0,224,1500,237,50)
Skill = (12,0,2147483647,0,0,0,0,0,0,0,0,0,1000,2147483647,2147483647)
Skill = (13,46,0,10,0,0,0,0,0,0,0,6417,1100,6600,20)
Skill = (14,0,1200,0,0,0,987,0,0,0,0,0,0,0,0)
Skill = (15,0,2147483647,0,0,0,0,0,0,0,0,0,1000,2147483647,2147483647)
Skill = (16,0,2147483647,0,0,0,0,0,200,200,0,0,1000,2147483647,2147483647)
Skill = (17,0,2147483647,0,0,0,0,0,3,3,0,0,50,2147483647,2147483647)
Skill = (18,0,2147483647,0,0,0,0,0,8,8,0,0,1000,2147483647,2147483647)
Skill = (19,0,2147483647,0,0,0,0,0,0,0,0,0,1000,2147483647,2147483647)
Skill = (20,0,2147483647,0,0,0,0,0,0,0,0,0,1000,2147483647,2147483647)
Skill = (21,0,2147483647,0,0,0,0,0,0,0,0,0,1000,2147483647,2147483647)
Skill = (22,98,100,0,0,0,1,0,24,120,0,0,0,0,0)
Skill = (23,0,2147483647,0,0,0,0,0,0,0,0,0,1000,2147483647,2147483647)
Skill = (24,0,2147483647,0,0,0,0,0,0,0,0,0,1000,2147483647,2147483647)

Spells      = {1,3,8,10,15,16,21,26,44,45}
QuestValues = {(46,1),(60,1),(61,1),(190,1),(191,1)}
Murders     = {}
