ID              = 8348998
Name            = "Ghor Rica"
Race            = 1
Profession      = 1
OriginalOutfit  = 130-0-20-83-78
CurrentOutfit   = 130-0-20-83-78
LastLogin       = 1131466894
LastLogout      = 1131467221
StartPosition   = [32369,32241,7]
CurrentPosition = [32425,32222,7]
PlayerkillerEnd = 0

Skill = (0,18,0,1,0,0,0,0,0,0,1,72509,0,83400,100)
Skill = (1,3,0,0,0,0,0,0,0,0,0,558,3000,800,20)
Skill = (2,236,335,0,0,0,0,0,0,0,15,0,0,0,0)
Skill = (3,36,85,0,0,0,0,0,0,0,5,0,0,0,0)
Skill = (4,87,87,0,0,0,0,0,0,0,1,0,0,0,0)
Skill = (5,720,720,0,0,0,0,0,0,0,25,0,0,0,0)
Skill = (6,44,0,10,0,0,0,0,0,0,0,25214,1100,27102,100)
Skill = (7,10,0,10,0,0,0,0,0,0,0,25,1400,30,30)
Skill = (8,10,0,10,0,0,0,0,0,0,0,28,1100,50,50)
Skill = (9,48,0,10,0,0,0,0,0,0,0,18333,1100,20072,50)
Skill = (10,13,0,10,0,0,0,0,0,0,0,171,1100,232,50)
Skill = (11,10,0,10,0,0,0,0,0,0,0,34,1100,50,50)
Skill = (12,0,2147483647,0,0,0,0,0,0,0,0,0,1000,2147483647,2147483647)
Skill = (13,30,0,10,0,0,0,0,0,0,0,1264,1100,1280,20)
Skill = (14,0,1200,0,0,0,0,0,0,0,0,0,0,0,0)
Skill = (15,0,2147483647,0,0,0,0,0,83,83,0,0,1000,2147483647,2147483647)
Skill = (16,0,2147483647,0,0,0,0,0,0,0,0,0,1000,2147483647,2147483647)
Skill = (17,0,2147483647,0,0,0,0,0,0,0,0,0,50,2147483647,2147483647)
Skill = (18,0,2147483647,0,0,0,0,0,0,0,0,0,1000,2147483647,2147483647)
Skill = (19,0,2147483647,0,0,0,0,0,0,0,0,0,1000,2147483647,2147483647)
Skill = (20,0,2147483647,0,0,0,0,0,0,0,0,0,1000,2147483647,2147483647)
Skill = (21,0,2147483647,0,0,0,0,0,0,0,0,0,1000,2147483647,2147483647)
Skill = (22,100,100,0,0,0,0,0,120,120,0,0,0,0,0)
Skill = (23,0,2147483647,0,0,0,0,0,0,0,0,0,1000,2147483647,2147483647)
Skill = (24,0,2147483647,0,0,0,0,0,0,0,0,0,1000,2147483647,2147483647)

Spells      = {1,10,20,29}
QuestValues = {(18,1),(20,1),(21,1),(22,1),(23,1),(35,1),(37,1),(55,1),(58,1),(100,1),(106,1),(107,1),(125,1),(126,1),(140,1),(141,1),(223,1)}
Murders     = {}
