ID              = 8478498
Name            = "Thareen Clux"
Race            = 1
Profession      = 3
OriginalOutfit  = 133-78-114-114-0
CurrentOutfit   = 133-78-114-114-0
LastLogin       = 1128384114
LastLogout      = 1128384415
StartPosition   = [32369,32241,7]
CurrentPosition = [32347,32219,7]
PlayerkillerEnd = 0

Skill = (0,9,0,1,0,0,0,0,0,0,1,7100,0,9300,100)
Skill = (1,6,0,0,0,0,0,0,0,0,0,165,1100,189,20)
Skill = (2,190,190,0,0,0,0,0,0,0,5,0,0,0,0)
Skill = (3,0,65,0,0,0,0,0,0,0,30,0,0,0,0)
Skill = (4,78,78,0,0,0,0,0,0,0,1,0,0,0,0)
Skill = (5,480,480,0,0,0,0,0,0,0,10,0,0,0,0)
Skill = (6,13,0,10,0,0,0,0,0,0,0,592,1500,812,100)
Skill = (7,10,0,10,0,0,0,0,0,0,0,6,2000,30,30)
Skill = (8,10,0,10,0,0,0,0,0,0,0,10,2000,50,50)
Skill = (9,13,0,10,0,0,0,0,0,0,0,405,2000,750,50)
Skill = (10,14,0,10,0,0,0,0,0,0,0,929,2000,1550,50)
Skill = (11,10,0,10,0,0,0,0,0,0,0,23,1500,50,50)
Skill = (12,0,2147483647,0,0,0,0,0,0,0,0,0,1000,2147483647,2147483647)
Skill = (13,10,0,10,0,0,0,0,0,0,0,0,1100,20,20)
Skill = (14,0,1200,0,0,0,0,0,0,0,0,0,0,0,0)
Skill = (15,0,2147483647,0,0,0,0,0,83,83,0,0,1000,2147483647,2147483647)
Skill = (16,0,2147483647,0,0,0,0,0,0,0,0,0,1000,2147483647,2147483647)
Skill = (17,0,2147483647,0,0,0,0,0,0,0,0,0,50,2147483647,2147483647)
Skill = (18,0,2147483647,0,0,0,0,0,0,0,0,0,1000,2147483647,2147483647)
Skill = (19,0,2147483647,0,0,0,0,0,0,0,0,0,1000,2147483647,2147483647)
Skill = (20,0,2147483647,0,0,0,0,0,0,0,0,0,1000,2147483647,2147483647)
Skill = (21,0,2147483647,0,0,0,0,0,0,0,0,0,1000,2147483647,2147483647)
Skill = (22,100,100,0,0,0,0,0,0,0,0,0,0,0,0)
Skill = (23,0,2147483647,0,0,0,0,0,0,0,0,0,1000,2147483647,2147483647)
Skill = (24,0,2147483647,0,0,0,0,0,0,0,0,0,1000,2147483647,2147483647)

Spells      = {1,2,3,7,8,10,20,29}
QuestValues = {(20,1),(21,1),(22,1),(23,1),(31,1),(37,1),(59,1),(60,1),(61,1),(84,1),(85,1),(86,1),(87,1),(121,1)}
Murders     = {}
