ID              = 9970498
Name            = "Capitan Barba Azul"
Race            = 1
Profession      = 4
OriginalOutfit  = 130-0-0-0-0
CurrentOutfit   = 130-0-0-0-0
LastLogin       = 1131891625
LastLogout      = 1131891827
StartPosition   = [32369,32241,7]
CurrentPosition = [32344,32219,5]
PlayerkillerEnd = 0

Skill = (0,12,0,1,0,0,0,0,0,0,1,20105,0,23200,100)
Skill = (1,15,0,0,0,0,0,0,0,0,0,683,1100,718,20)
Skill = (2,187,205,0,0,0,0,0,0,0,5,0,0,0,0)
Skill = (3,2,155,0,0,0,0,0,0,0,30,0,0,0,0)
Skill = (4,81,81,0,0,0,0,0,0,0,1,0,0,0,0)
Skill = (5,510,510,0,0,0,0,0,0,0,10,0,0,0,0)
Skill = (6,19,0,10,0,0,0,0,0,0,0,8541,1500,11333,100)
Skill = (7,10,0,10,0,0,0,0,0,0,0,0,1800,30,30)
Skill = (8,10,0,10,0,0,0,0,0,0,0,0,1800,50,50)
Skill = (9,10,0,10,0,0,0,0,0,0,0,0,1800,50,50)
Skill = (10,18,0,10,0,0,0,0,0,0,0,9094,1800,12334,50)
Skill = (11,11,0,10,0,0,0,0,0,0,0,81,1500,125,50)
Skill = (12,0,2147483647,0,0,0,0,0,0,0,0,0,1000,2147483647,2147483647)
Skill = (13,10,0,10,0,0,0,0,0,0,0,0,1100,20,20)
Skill = (14,0,1200,0,0,0,0,0,0,0,0,0,0,0,0)
Skill = (15,0,2147483647,0,0,0,0,0,83,83,0,0,1000,2147483647,2147483647)
Skill = (16,0,2147483647,0,0,0,0,0,200,200,0,0,1000,2147483647,2147483647)
Skill = (17,0,2147483647,0,0,0,0,0,3,3,0,0,50,2147483647,2147483647)
Skill = (18,0,2147483647,0,0,0,0,0,8,8,0,0,1000,2147483647,2147483647)
Skill = (19,0,2147483647,0,0,0,0,0,0,0,0,0,1000,2147483647,2147483647)
Skill = (20,0,2147483647,0,0,0,0,0,0,0,0,0,1000,2147483647,2147483647)
Skill = (21,0,2147483647,0,0,0,0,0,200,200,0,0,1000,2147483647,2147483647)
Skill = (22,8,100,0,0,0,0,0,120,120,0,0,0,0,0)
Skill = (23,0,2147483647,0,0,0,0,0,0,0,0,0,1000,2147483647,2147483647)
Skill = (24,0,2147483647,0,0,0,0,0,0,0,0,0,1000,2147483647,2147483647)

Spells      = {1,2,3,4,5,8,10,26,29,38,42,44,45}
QuestValues = {(18,1),(20,1),(21,1),(22,1),(23,1),(32,1),(33,1),(34,1),(37,1),(59,1),(96,1),(97,1),(223,1)}
Murders     = {}
