ID              = 9978698
Name            = "Draganana Groki"
Race            = 1
Profession      = 1
OriginalOutfit  = 131-0-126-0-126
CurrentOutfit   = 131-0-126-0-126
LastLogin       = 1123584509
LastLogout      = 1123584628
StartPosition   = [32957,32076,7]
CurrentPosition = [32957,32076,7]
PlayerkillerEnd = 0

Skill = (0,7,0,1,0,0,0,0,0,0,1,3034,0,4200,100)
Skill = (1,0,0,0,0,0,0,0,0,0,0,0,3000,20,20)
Skill = (2,160,170,0,0,0,0,0,0,0,15,0,0,0,0)
Skill = (3,30,30,0,0,0,0,0,0,0,5,0,0,0,0)
Skill = (4,76,76,0,0,0,0,0,0,0,1,0,0,0,0)
Skill = (5,445,445,0,0,0,0,0,0,0,25,0,0,0,0)
Skill = (6,15,0,10,0,0,0,0,0,0,0,683,1100,771,100)
Skill = (7,11,0,10,0,0,0,0,0,0,0,33,1400,71,30)
Skill = (8,14,0,10,0,0,0,0,0,0,0,288,1100,305,50)
Skill = (9,13,0,10,0,0,0,0,0,0,0,205,1100,232,50)
Skill = (10,11,0,10,0,0,0,0,0,0,0,55,1100,105,50)
Skill = (11,11,0,10,0,0,0,0,0,0,0,71,1100,105,50)
Skill = (12,0,2147483647,0,0,0,0,0,0,0,0,0,1000,2147483647,2147483647)
Skill = (13,17,0,10,0,0,0,0,0,0,0,198,1100,228,20)
Skill = (14,0,1200,0,0,0,0,0,0,0,0,0,0,0,0)
Skill = (15,0,2147483647,0,0,0,0,0,0,0,0,0,1000,2147483647,2147483647)
Skill = (16,0,2147483647,0,0,0,0,0,0,0,0,0,1000,2147483647,2147483647)
Skill = (17,0,2147483647,0,0,0,0,0,0,0,0,0,50,2147483647,2147483647)
Skill = (18,0,2147483647,0,0,0,0,0,0,0,0,0,1000,2147483647,2147483647)
Skill = (19,0,2147483647,0,0,0,0,0,0,0,0,0,1000,2147483647,2147483647)
Skill = (20,0,2147483647,0,0,0,0,0,0,0,0,0,1000,2147483647,2147483647)
Skill = (21,0,2147483647,0,0,0,0,0,0,0,0,0,1000,2147483647,2147483647)
Skill = (22,200,200,0,0,0,0,0,0,0,0,0,0,0,0)
Skill = (23,0,2147483647,0,0,0,0,0,0,0,0,0,1000,2147483647,2147483647)
Skill = (24,0,2147483647,0,0,0,0,0,0,0,0,0,1000,2147483647,2147483647)

Spells      = {}
QuestValues = {(35,1),(223,1)}
Murders     = {}
