ID              = 10061816
Name            = "Dinami Vaniro"
Race            = 1
Profession      = 11
OriginalOutfit  = 134-58-114-88-13
CurrentOutfit   = 134-58-114-88-13
LastLogin       = 1132118034
LastLogout      = 1132119918
StartPosition   = [32369,32241,7]
CurrentPosition = [32401,32153,12]
PlayerkillerEnd = 0

Skill = (0,31,0,1,0,0,0,0,0,0,1,426565,0,452600,100)
Skill = (1,5,0,0,0,0,0,0,0,0,0,2586,3000,7280,20)
Skill = (2,530,530,0,0,0,0,0,0,0,15,0,0,0,0)
Skill = (3,33,150,0,0,0,0,0,0,0,5,0,0,0,0)
Skill = (4,100,100,0,0,0,0,0,10,10,1,0,0,0,0)
Skill = (5,1045,1045,0,0,0,0,0,0,0,25,0,0,0,0)
Skill = (6,69,0,10,0,0,0,0,0,0,0,276106,1100,303481,100)
Skill = (7,10,0,10,0,0,0,0,0,0,0,0,1400,30,30)
Skill = (8,69,0,10,0,0,0,0,0,0,0,138195,1100,151740,50)
Skill = (9,10,0,10,0,0,0,0,0,0,0,0,1100,50,50)
Skill = (10,10,0,10,0,0,0,0,0,0,0,10,1100,50,50)
Skill = (11,26,0,10,0,0,0,0,0,0,0,1819,1100,2027,50)
Skill = (12,0,2147483647,0,0,0,0,0,0,0,0,0,1000,2147483647,2147483647)
Skill = (13,41,0,10,0,0,0,0,0,0,0,3698,1100,4022,20)
Skill = (14,0,1200,0,0,0,640,0,0,0,0,0,0,0,0)
Skill = (15,0,2147483647,0,0,0,0,0,83,83,0,0,1000,2147483647,2147483647)
Skill = (16,0,2147483647,0,0,0,0,0,0,0,0,0,1000,2147483647,2147483647)
Skill = (17,0,2147483647,0,0,0,0,0,0,0,0,0,50,2147483647,2147483647)
Skill = (18,0,2147483647,0,0,0,0,0,1,1,0,0,1000,2147483647,2147483647)
Skill = (19,0,2147483647,0,0,0,0,0,10,10,0,0,1000,2147483647,2147483647)
Skill = (20,0,2147483647,0,0,0,0,0,0,0,0,0,1000,2147483647,2147483647)
Skill = (21,0,2147483647,0,0,0,0,0,0,0,0,0,1000,2147483647,2147483647)
Skill = (22,100,100,0,0,0,0,0,120,120,0,0,0,0,0)
Skill = (23,0,2147483647,0,0,0,0,0,0,0,0,0,1000,2147483647,2147483647)
Skill = (24,0,2147483647,0,0,0,0,0,0,0,0,0,1000,2147483647,2147483647)

Spells      = {1,6,10,20,29}
QuestValues = {(21,1),(22,1),(23,1),(46,1),(55,1),(88,1),(89,1),(90,1),(93,1),(94,1),(95,1),(96,1),(97,1),(98,1),(99,1),(109,1),(112,1),(140,1),(141,1),(190,1),(191,1),(224,1)}
Murders     = {1131875848}
