ID              = 11302516
Name            = "Chis Shiandy"
Race            = 1
Profession      = 3
OriginalOutfit  = 137-94-81-94-81
CurrentOutfit   = 137-94-81-94-81
LastLogin       = 1131720144
LastLogout      = 1131720168
StartPosition   = [32360,31782,7]
CurrentPosition = [32334,31785,6]
PlayerkillerEnd = 0

Skill = (0,8,0,1,0,0,0,0,0,0,1,4418,0,6400,100)
Skill = (1,0,0,0,0,0,0,0,0,0,0,7,1100,20,20)
Skill = (2,140,185,0,0,0,0,0,0,0,5,0,0,0,0)
Skill = (3,21,35,0,0,0,0,0,0,0,30,0,0,0,0)
Skill = (4,77,77,0,0,0,0,0,0,0,1,0,0,0,0)
Skill = (5,470,470,0,0,0,0,0,0,0,10,0,0,0,0)
Skill = (6,18,0,10,0,0,0,0,0,0,0,4966,1500,7488,100)
Skill = (7,10,0,10,0,0,0,0,0,0,0,0,2000,30,30)
Skill = (8,10,0,10,0,0,0,0,0,0,0,0,2000,50,50)
Skill = (9,13,0,10,0,0,0,0,0,0,0,424,2000,750,50)
Skill = (10,16,0,10,0,0,0,0,0,0,0,3221,2000,6350,50)
Skill = (11,10,0,10,0,0,0,0,0,0,0,16,1500,50,50)
Skill = (12,0,2147483647,0,0,0,0,0,0,0,0,0,1000,2147483647,2147483647)
Skill = (13,12,0,10,0,0,0,0,0,0,0,63,1100,66,20)
Skill = (14,0,1200,0,0,0,0,0,0,0,0,0,0,0,0)
Skill = (15,0,2147483647,0,0,0,3,0,36,83,0,0,1000,2147483647,2147483647)
Skill = (16,0,2147483647,0,0,0,0,0,0,0,0,0,1000,2147483647,2147483647)
Skill = (17,0,2147483647,0,0,0,0,0,0,0,0,0,50,2147483647,2147483647)
Skill = (18,0,2147483647,0,0,0,0,0,0,0,0,0,1000,2147483647,2147483647)
Skill = (19,0,2147483647,0,0,0,0,0,0,0,0,0,1000,2147483647,2147483647)
Skill = (20,0,2147483647,0,0,0,0,0,0,0,0,0,1000,2147483647,2147483647)
Skill = (21,0,2147483647,0,0,0,0,0,0,0,0,0,1000,2147483647,2147483647)
Skill = (22,100,100,0,0,0,0,0,120,120,0,0,0,0,0)
Skill = (23,0,2147483647,0,0,0,0,0,0,0,0,0,1000,2147483647,2147483647)
Skill = (24,0,2147483647,0,0,0,0,0,0,0,0,0,1000,2147483647,2147483647)

Spells      = {10}
QuestValues = {(18,1),(21,1),(22,1),(23,1),(32,1),(35,1),(61,1),(223,1),(224,1)}
Murders     = {}
