ID              = 8667016
Name            = "Wazu from Hell"
Race            = 1
Profession      = 2
OriginalOutfit  = 129-76-112-112-76
CurrentOutfit   = 129-76-112-112-76
LastLogin       = 1130961873
LastLogout      = 1130963651
StartPosition   = [32732,31634,7]
CurrentPosition = [32664,32024,7]
PlayerkillerEnd = 0

Skill = (0,24,0,1,0,0,0,0,0,0,1,189584,0,204800,100)
Skill = (1,11,0,0,0,0,0,0,0,0,0,2318,1400,2784,20)
Skill = (2,345,345,0,0,0,0,0,0,0,10,0,0,0,0)
Skill = (3,275,275,0,0,0,0,0,0,0,15,0,0,0,0)
Skill = (4,93,93,0,0,0,0,0,0,0,1,0,0,0,0)
Skill = (5,790,790,0,0,0,0,0,0,0,20,0,0,0,0)
Skill = (6,57,0,10,0,0,0,0,0,0,0,93914,1100,96017,100)
Skill = (7,63,0,10,0,0,0,0,0,0,0,51060,1100,51261,30)
Skill = (8,10,0,10,0,0,0,0,0,0,0,19,1200,50,50)
Skill = (9,11,0,10,0,0,0,0,0,0,0,73,1200,109,50)
Skill = (10,30,0,10,0,0,0,0,0,0,0,9442,1200,11251,50)
Skill = (11,29,0,10,0,0,0,0,0,0,0,8595,1200,9334,50)
Skill = (12,0,2147483647,0,0,0,0,0,0,0,0,0,1000,2147483647,2147483647)
Skill = (13,46,0,10,0,0,0,0,0,0,0,6534,1100,6600,20)
Skill = (14,0,1200,0,0,0,90,0,0,0,0,0,0,0,0)
Skill = (15,0,2147483647,0,0,0,0,0,83,83,0,0,1000,2147483647,2147483647)
Skill = (16,0,2147483647,0,0,0,0,0,0,0,0,0,1000,2147483647,2147483647)
Skill = (17,0,2147483647,0,0,0,0,0,3,3,0,0,50,2147483647,2147483647)
Skill = (18,0,2147483647,0,0,0,0,0,8,8,0,0,1000,2147483647,2147483647)
Skill = (19,0,2147483647,0,0,0,0,0,0,0,0,0,1000,2147483647,2147483647)
Skill = (20,0,2147483647,0,0,0,0,0,0,0,0,0,1000,2147483647,2147483647)
Skill = (21,0,2147483647,0,0,0,0,0,0,0,0,0,1000,2147483647,2147483647)
Skill = (22,100,100,0,0,0,0,0,120,120,0,0,0,0,0)
Skill = (23,0,2147483647,0,0,0,0,0,0,0,0,0,1000,2147483647,2147483647)
Skill = (24,0,2147483647,0,0,0,0,0,0,0,0,0,1000,2147483647,2147483647)

Spells      = {1,2,3,8,10,20,29,42,51}
QuestValues = {(190,1),(191,1)}
Murders     = {}
