ID              = 9293316
Name            = "Bajaja"
Race            = 1
Profession      = 4
OriginalOutfit  = 128-116-0-114-114
CurrentOutfit   = 128-116-0-114-114
LastLogin       = 1125113000
LastLogout      = 1125113111
StartPosition   = [32360,31782,7]
CurrentPosition = [32337,31784,7]
PlayerkillerEnd = 0

Skill = (0,11,0,1,0,0,0,0,0,0,1,14358,0,17600,100)
Skill = (1,14,0,0,0,0,0,0,0,0,0,576,1100,635,20)
Skill = (2,178,200,0,0,0,0,0,0,0,5,0,0,0,0)
Skill = (3,8,125,0,0,0,0,0,0,0,30,0,0,0,0)
Skill = (4,80,80,0,0,0,0,0,0,0,1,0,0,0,0)
Skill = (5,500,500,0,0,0,0,0,0,0,10,0,0,0,0)
Skill = (6,18,0,10,0,0,0,0,0,0,0,5025,1500,7488,100)
Skill = (7,10,0,10,0,0,0,0,0,0,0,0,1800,30,30)
Skill = (8,10,0,10,0,0,0,0,0,0,0,0,1800,50,50)
Skill = (9,17,0,10,0,0,0,0,0,0,0,3792,1800,6824,50)
Skill = (10,10,0,10,0,0,0,0,0,0,0,0,1800,50,50)
Skill = (11,10,0,10,0,0,0,0,0,0,0,28,1500,50,50)
Skill = (12,0,2147483647,0,0,0,0,0,0,0,0,0,1000,2147483647,2147483647)
Skill = (13,37,0,10,0,0,0,0,0,0,0,2625,1100,2684,20)
Skill = (14,0,1200,0,0,0,130,0,0,0,0,0,0,0,0)
Skill = (15,0,2147483647,0,0,0,0,0,83,83,0,0,1000,2147483647,2147483647)
Skill = (16,0,2147483647,0,0,0,0,0,0,0,0,0,1000,2147483647,2147483647)
Skill = (17,0,2147483647,0,0,0,0,0,3,3,0,0,50,2147483647,2147483647)
Skill = (18,0,2147483647,0,0,0,0,0,8,8,0,0,1000,2147483647,2147483647)
Skill = (19,0,2147483647,0,0,0,0,0,0,0,0,0,1000,2147483647,2147483647)
Skill = (20,0,2147483647,0,0,0,0,0,0,0,0,0,1000,2147483647,2147483647)
Skill = (21,0,2147483647,0,0,0,0,0,0,0,0,0,1000,2147483647,2147483647)
Skill = (22,67,100,0,0,0,0,0,120,120,0,0,0,0,0)
Skill = (23,0,2147483647,0,0,0,0,0,0,0,0,0,1000,2147483647,2147483647)
Skill = (24,0,2147483647,0,0,0,0,0,0,0,0,0,1000,2147483647,2147483647)

Spells      = {5,10}
QuestValues = {(20,1),(21,1),(22,1),(23,1),(27,1),(32,1),(33,1),(34,1)}
Murders     = {}
