ID              = 9795716
Name            = "Karlo Pall"
Race            = 1
Profession      = 0
OriginalOutfit  = 129-76-101-101-101
CurrentOutfit   = 129-76-101-101-101
LastLogin       = 1132076358
LastLogout      = 1132076368
StartPosition   = [32097,32219,7]
CurrentPosition = [32098,32205,7]
PlayerkillerEnd = 0

Skill = (0,2,0,1,0,0,0,0,0,0,1,170,0,200,100)
Skill = (1,0,0,0,0,0,0,0,0,0,0,0,3000,20,20)
Skill = (2,117,155,0,0,0,0,0,0,0,5,0,0,0,0)
Skill = (3,5,5,0,0,0,0,0,0,0,5,0,0,0,0)
Skill = (4,71,71,0,0,0,0,0,0,0,1,0,0,0,0)
Skill = (5,410,410,0,0,0,0,0,0,0,10,0,0,0,0)
Skill = (6,12,0,10,0,0,0,0,0,0,0,281,1500,475,100)
Skill = (7,12,0,10,0,0,0,0,0,0,0,109,2000,210,30)
Skill = (8,12,0,10,0,0,0,0,0,0,0,158,2000,350,50)
Skill = (9,10,0,10,0,0,0,0,0,0,0,0,2000,50,50)
Skill = (10,10,0,10,0,0,0,0,0,0,0,0,2000,50,50)
Skill = (11,11,0,10,0,0,0,0,0,0,0,111,1500,125,50)
Skill = (12,0,2147483647,0,0,0,0,0,0,0,0,0,1000,2147483647,2147483647)
Skill = (13,10,0,10,0,0,0,0,0,0,0,0,1100,20,20)
Skill = (14,0,1200,0,0,0,0,0,0,0,0,0,0,0,0)
Skill = (15,0,2147483647,0,0,0,0,0,0,0,0,0,1000,2147483647,2147483647)
Skill = (16,0,2147483647,0,0,0,0,0,0,0,0,0,1000,2147483647,2147483647)
Skill = (17,0,2147483647,0,0,0,0,0,0,0,0,0,1000,2147483647,2147483647)
Skill = (18,0,2147483647,0,0,0,0,0,0,0,0,0,1000,2147483647,2147483647)
Skill = (19,0,2147483647,0,0,0,0,0,0,0,0,0,1000,2147483647,2147483647)
Skill = (20,0,2147483647,0,0,0,0,0,0,0,0,0,1000,2147483647,2147483647)
Skill = (21,0,2147483647,0,0,0,0,0,0,0,0,0,1000,2147483647,2147483647)
Skill = (22,100,100,0,0,0,0,0,120,120,0,0,0,0,0)
Skill = (23,0,2147483647,0,0,0,0,0,0,0,0,0,1000,2147483647,2147483647)
Skill = (24,0,2147483647,0,0,0,0,0,0,0,0,0,1000,2147483647,2147483647)

Spells      = {}
QuestValues = {(35,1),(59,1),(224,1)}
Murders     = {}
