ID              = 9993816
Name            = "Estorch"
Race            = 1
Profession      = 11
OriginalOutfit  = 134-0-98-97-0
CurrentOutfit   = 134-0-98-97-0
LastLogin       = 1132111096
LastLogout      = 1132111103
StartPosition   = [32957,32076,7]
CurrentPosition = [32922,32074,7]
PlayerkillerEnd = 0

Skill = (0,13,0,1,0,0,0,0,0,0,1,24549,0,29900,100)
Skill = (1,2,0,0,0,0,0,0,0,0,0,171,3000,260,20)
Skill = (2,237,260,0,0,0,0,0,0,0,15,0,0,0,0)
Skill = (3,34,60,0,0,0,0,0,0,0,5,0,0,0,0)
Skill = (4,82,82,0,0,0,0,0,0,0,1,0,0,0,0)
Skill = (5,595,595,0,0,0,0,0,0,0,25,0,0,0,0)
Skill = (6,40,0,10,0,0,0,0,0,0,0,16484,1100,18194,100)
Skill = (7,10,0,10,0,0,0,0,0,0,0,2,1400,30,30)
Skill = (8,10,0,10,0,0,0,0,0,0,0,0,1100,50,50)
Skill = (9,41,0,10,0,0,0,0,0,0,0,9301,1100,10056,50)
Skill = (10,10,0,10,0,0,0,0,0,0,0,12,1100,50,50)
Skill = (11,10,0,10,0,0,0,0,0,0,0,26,1100,50,50)
Skill = (12,0,2147483647,0,0,0,0,0,0,0,0,0,1000,2147483647,2147483647)
Skill = (13,10,0,10,0,0,0,0,0,0,0,18,1100,20,20)
Skill = (14,0,1200,0,0,0,0,0,0,0,0,0,0,0,0)
Skill = (15,0,2147483647,0,0,0,0,0,0,0,0,0,1000,2147483647,2147483647)
Skill = (16,0,2147483647,0,0,0,0,0,0,0,0,0,1000,2147483647,2147483647)
Skill = (17,0,2147483647,0,0,0,0,0,0,0,0,0,50,2147483647,2147483647)
Skill = (18,0,2147483647,0,0,0,0,0,8,8,0,0,1000,2147483647,2147483647)
Skill = (19,0,2147483647,0,0,0,0,0,0,0,0,0,1000,2147483647,2147483647)
Skill = (20,0,2147483647,0,0,0,0,0,0,0,0,0,1000,2147483647,2147483647)
Skill = (21,0,2147483647,0,0,0,0,0,0,0,0,0,1000,2147483647,2147483647)
Skill = (22,200,200,0,0,0,0,0,0,0,0,0,0,0,0)
Skill = (23,0,2147483647,0,0,0,0,0,0,0,0,0,1000,2147483647,2147483647)
Skill = (24,0,2147483647,0,0,0,0,0,0,0,0,0,1000,2147483647,2147483647)

Spells      = {1,6,10}
QuestValues = {(21,1),(22,1),(23,1),(60,1),(61,1),(91,1),(92,1),(96,1),(97,1),(98,1),(99,1),(111,1),(112,1),(115,1),(125,1),(126,1),(190,1),(191,1)}
Murders     = {1129688341,1129689580,1129867215,1130134632,1130984716,1130985930}
