ID              = 10054395
Name            = "Amana Stangu"
Race            = 1
Profession      = 4
OriginalOutfit  = 138-78-114-94-0
CurrentOutfit   = 138-78-114-94-0
LastLogin       = 1124637568
LastLogout      = 1124638219
StartPosition   = [32369,32241,7]
CurrentPosition = [33117,32127,7]
PlayerkillerEnd = 0

Skill = (0,9,0,1,0,0,0,0,0,0,1,6412,0,9300,100)
Skill = (1,0,0,0,0,0,0,0,0,0,0,2,1100,20,20)
Skill = (2,190,190,0,0,0,0,0,0,0,5,0,0,0,0)
Skill = (3,39,65,0,0,0,0,0,0,0,30,0,0,0,0)
Skill = (4,78,78,0,0,0,0,0,0,0,1,0,0,0,0)
Skill = (5,480,480,0,0,0,0,0,0,0,10,0,0,0,0)
Skill = (6,16,0,10,0,0,0,0,0,0,0,2663,1500,3217,100)
Skill = (7,10,0,10,0,0,0,0,0,0,0,0,1800,30,30)
Skill = (8,15,0,10,0,0,0,0,0,0,0,1452,1800,2063,50)
Skill = (9,14,0,10,0,0,0,0,0,0,0,747,1800,1118,50)
Skill = (10,14,0,10,0,0,0,0,0,0,0,610,1800,1118,50)
Skill = (11,10,0,10,0,0,0,0,0,0,0,0,1500,50,50)
Skill = (12,0,2147483647,0,0,0,0,0,0,0,0,0,1000,2147483647,2147483647)
Skill = (13,31,0,10,0,0,0,0,0,0,0,1419,1100,1428,20)
Skill = (14,0,1200,0,0,0,1064,0,0,0,0,0,0,0,0)
Skill = (15,0,2147483647,0,0,0,4,0,62,83,0,0,1000,2147483647,2147483647)
Skill = (16,0,2147483647,0,0,0,0,0,0,0,0,0,1000,2147483647,2147483647)
Skill = (17,0,2147483647,0,0,0,0,0,3,3,0,0,50,2147483647,2147483647)
Skill = (18,0,2147483647,0,0,0,0,0,0,0,0,0,1000,2147483647,2147483647)
Skill = (19,0,2147483647,0,0,0,0,0,0,0,0,0,1000,2147483647,2147483647)
Skill = (20,0,2147483647,0,0,0,0,0,0,0,0,0,1000,2147483647,2147483647)
Skill = (21,0,2147483647,0,0,0,0,0,0,0,0,0,1000,2147483647,2147483647)
Skill = (22,100,100,0,0,0,0,0,120,120,0,0,0,0,0)
Skill = (23,0,2147483647,0,0,0,0,0,0,0,0,0,1000,2147483647,2147483647)
Skill = (24,0,2147483647,0,0,0,0,0,0,0,0,0,1000,2147483647,2147483647)

Spells      = {10,20,42}
QuestValues = {(20,1),(21,1),(22,1),(23,1),(28,1),(29,1),(30,1),(32,1),(33,1),(34,1),(58,1)}
Murders     = {}
