ID              = 10183495
Name            = "Cluq"
Race            = 1
Profession      = 1
OriginalOutfit  = 130-114-119-114-0
CurrentOutfit   = 130-114-119-114-0
LastLogin       = 1132104578
LastLogout      = 1132106830
StartPosition   = [32360,31782,7]
CurrentPosition = [32337,31781,6]
PlayerkillerEnd = 0

Skill = (0,21,0,1,0,0,0,0,0,0,1,126221,0,135100,100)
Skill = (1,4,0,0,0,0,0,0,0,0,0,849,3000,2420,20)
Skill = (2,380,380,0,0,0,0,0,0,0,15,0,0,0,0)
Skill = (3,80,100,0,0,0,0,0,0,0,5,0,0,0,0)
Skill = (4,90,90,0,0,0,0,0,0,0,1,0,0,0,0)
Skill = (5,795,795,0,0,0,0,0,0,0,25,0,0,0,0)
Skill = (6,56,0,10,0,0,0,0,0,0,0,82911,1100,87197,100)
Skill = (7,11,0,10,0,0,0,0,0,0,0,34,1400,71,30)
Skill = (8,58,0,10,0,0,0,0,0,0,0,52224,1100,52859,50)
Skill = (9,13,0,10,0,0,0,0,0,0,0,177,1100,232,50)
Skill = (10,47,0,10,0,0,0,0,0,0,0,16895,1100,18202,50)
Skill = (11,11,0,10,0,0,0,0,0,0,0,65,1100,105,50)
Skill = (12,0,2147483647,0,0,0,0,0,0,0,0,0,1000,2147483647,2147483647)
Skill = (13,34,0,10,0,0,0,0,0,0,0,1895,1100,1966,20)
Skill = (14,0,1200,0,0,0,961,0,0,0,0,0,0,0,0)
Skill = (15,0,2147483647,0,0,0,0,0,83,83,0,0,1000,2147483647,2147483647)
Skill = (16,0,2147483647,0,0,0,0,0,0,0,0,0,1000,2147483647,2147483647)
Skill = (17,0,2147483647,0,0,0,0,0,3,3,0,0,50,2147483647,2147483647)
Skill = (18,0,2147483647,0,0,0,0,0,8,8,0,0,1000,2147483647,2147483647)
Skill = (19,0,2147483647,0,0,0,0,0,0,0,0,0,1000,2147483647,2147483647)
Skill = (20,0,2147483647,0,0,0,0,0,0,0,0,0,1000,2147483647,2147483647)
Skill = (21,0,2147483647,0,0,0,0,0,0,0,0,0,1000,2147483647,2147483647)
Skill = (22,100,100,0,0,0,1,0,99,120,0,0,0,0,0)
Skill = (23,0,2147483647,0,0,0,0,0,0,0,0,0,1000,2147483647,2147483647)
Skill = (24,0,2147483647,0,0,0,0,0,0,0,0,0,1000,2147483647,2147483647)

Spells      = {1,10,20,29}
QuestValues = {(17,1),(27,1),(32,1),(33,1),(34,1),(46,1),(60,1),(61,1),(106,1),(107,1),(113,1),(114,1),(125,1),(126,1),(213,1),(214,1),(215,1),(224,1)}
Murders     = {}
