ID              = 7970595
Name            = "Kannon the Gemini"
Race            = 1
Profession      = 1
OriginalOutfit  = 134-88-126-69-116
CurrentOutfit   = 134-88-126-69-116
LastLogin       = 1128452386
LastLogout      = 1128452411
StartPosition   = [32369,32241,7]
CurrentPosition = [32344,32221,7]
PlayerkillerEnd = 0

Skill = (0,26,0,1,0,0,0,0,0,0,1,245748,0,262600,100)
Skill = (1,4,0,0,0,0,0,0,0,0,0,1691,3000,2420,20)
Skill = (2,426,455,0,0,0,0,0,0,0,15,0,0,0,0)
Skill = (3,9,125,0,0,0,0,0,0,0,5,0,0,0,0)
Skill = (4,95,95,0,0,0,0,0,10,10,1,0,0,0,0)
Skill = (5,920,920,0,0,0,0,0,0,0,25,0,0,0,0)
Skill = (6,64,0,10,0,0,0,0,0,0,0,173363,1100,188059,100)
Skill = (7,10,0,10,0,0,0,0,0,0,0,0,1400,30,30)
Skill = (8,65,0,10,0,0,0,0,0,0,0,94671,1100,103482,50)
Skill = (9,10,0,10,0,0,0,0,0,0,0,37,1100,50,50)
Skill = (10,10,0,10,0,0,0,0,0,0,0,0,1100,50,50)
Skill = (11,10,0,10,0,0,0,0,0,0,0,16,1100,50,50)
Skill = (12,0,2147483647,0,0,0,0,0,0,0,0,0,1000,2147483647,2147483647)
Skill = (13,22,0,10,0,0,0,0,0,0,0,435,1100,490,20)
Skill = (14,0,1200,0,0,0,694,0,0,0,0,0,0,0,0)
Skill = (15,0,2147483647,0,0,0,6,0,35,83,0,0,1000,2147483647,2147483647)
Skill = (16,0,2147483647,0,0,0,0,0,0,0,0,0,1000,2147483647,2147483647)
Skill = (17,0,2147483647,0,0,0,0,0,0,0,0,0,50,2147483647,2147483647)
Skill = (18,0,2147483647,0,0,0,0,0,0,0,0,0,1000,2147483647,2147483647)
Skill = (19,0,2147483647,0,0,0,0,0,0,0,0,0,1000,2147483647,2147483647)
Skill = (20,0,2147483647,0,0,0,0,0,0,0,0,0,1000,2147483647,2147483647)
Skill = (21,0,2147483647,0,0,0,0,0,0,0,0,0,1000,2147483647,2147483647)
Skill = (22,100,100,0,0,0,0,0,120,120,0,0,0,0,0)
Skill = (23,0,2147483647,0,0,0,0,0,0,0,0,0,1000,2147483647,2147483647)
Skill = (24,0,2147483647,0,0,0,0,0,0,0,0,0,1000,2147483647,2147483647)

Spells      = {1,6,10,20,29,76}
QuestValues = {(20,1),(21,1),(22,1),(23,1),(32,1),(33,1),(34,1),(55,1),(59,1),(84,1),(85,1),(86,1),(87,1),(100,1),(106,1),(107,1),(128,1),(140,1),(141,1),(223,1)}
Murders     = {}
