ID              = 8025995
Name            = "Chato'Legendary"
Race            = 1
Profession      = 1
OriginalOutfit  = 128-114-114-114-0
CurrentOutfit   = 128-114-114-114-0
LastLogin       = 1131658058
LastLogout      = 1131658934
StartPosition   = [32360,31782,7]
CurrentPosition = [32212,31761,7]
PlayerkillerEnd = 0

Skill = (0,25,0,1,0,0,0,0,0,0,1,224964,0,232500,100)
Skill = (1,3,0,0,0,0,0,0,0,0,0,714,3000,800,20)
Skill = (2,428,440,0,0,0,0,0,0,0,15,0,0,0,0)
Skill = (3,117,120,0,0,0,0,0,0,0,5,0,0,0,0)
Skill = (4,94,94,0,0,0,0,0,0,0,1,0,0,0,0)
Skill = (5,895,895,0,0,0,0,0,0,0,25,0,0,0,0)
Skill = (6,48,0,10,0,0,0,0,0,0,0,39789,1100,40144,100)
Skill = (7,10,0,10,0,0,0,0,0,0,0,0,1400,30,30)
Skill = (8,10,0,10,0,0,0,0,0,0,0,0,1100,50,50)
Skill = (9,51,0,10,0,0,0,0,0,0,0,26592,1100,26881,50)
Skill = (10,10,0,10,0,0,0,0,0,0,0,0,1100,50,50)
Skill = (11,10,0,10,0,0,0,0,0,0,0,1,1100,50,50)
Skill = (12,0,2147483647,0,0,0,0,0,0,0,0,0,1000,2147483647,2147483647)
Skill = (13,39,0,10,0,0,0,0,0,0,0,3219,1100,3289,20)
Skill = (14,0,1200,0,0,0,122,0,0,0,0,0,0,0,0)
Skill = (15,0,2147483647,0,0,0,0,0,83,83,0,0,1000,2147483647,2147483647)
Skill = (16,0,2147483647,0,0,0,0,0,0,0,0,0,1000,2147483647,2147483647)
Skill = (17,0,2147483647,0,0,0,0,0,3,3,0,0,50,2147483647,2147483647)
Skill = (18,0,2147483647,0,0,0,0,0,8,8,0,0,1000,2147483647,2147483647)
Skill = (19,0,2147483647,0,0,0,0,0,0,0,0,0,1000,2147483647,2147483647)
Skill = (20,0,2147483647,0,0,0,0,0,0,0,0,0,1000,2147483647,2147483647)
Skill = (21,0,2147483647,0,0,0,0,0,0,0,0,0,1000,2147483647,2147483647)
Skill = (22,100,100,0,0,0,0,0,120,120,0,0,0,0,0)
Skill = (23,0,2147483647,0,0,0,0,0,0,0,0,0,1000,2147483647,2147483647)
Skill = (24,0,2147483647,0,0,0,0,0,0,0,0,0,1000,2147483647,2147483647)

Spells      = {1,10,20,29}
QuestValues = {(20,1),(21,1),(22,1),(23,1),(32,1),(33,1),(34,1),(35,1),(46,1),(59,1),(60,1),(125,1),(126,1)}
Murders     = {}
