ID              = 8159495
Name            = "Ice-Flake"
Race            = 1
Profession      = 1
OriginalOutfit  = 131-79-98-98-117
CurrentOutfit   = 131-79-98-98-117
LastLogin       = 1118100646
LastLogout      = 1118100726
StartPosition   = [32649,31925,11]
CurrentPosition = [32649,31925,11]
PlayerkillerEnd = 0

Skill = (0,6,0,1,0,0,0,0,0,0,1,1876,0,2600,100)
Skill = (1,0,0,0,0,0,0,0,0,0,0,0,3000,20,20)
Skill = (2,0,155,0,0,0,0,0,0,0,15,0,0,0,0)
Skill = (3,25,25,0,0,0,0,0,0,0,5,0,0,0,0)
Skill = (4,75,75,0,0,0,0,0,0,0,1,0,0,0,0)
Skill = (5,420,420,0,0,0,0,0,0,0,25,0,0,0,0)
Skill = (6,15,0,10,0,0,0,0,0,0,0,735,1100,771,100)
Skill = (7,10,0,10,0,0,0,0,0,0,0,9,1400,30,30)
Skill = (8,18,0,10,0,0,0,0,0,0,0,616,1100,678,50)
Skill = (9,11,0,10,0,0,0,0,0,0,0,60,1100,105,50)
Skill = (10,11,0,10,0,0,0,0,0,0,0,56,1100,105,50)
Skill = (11,10,0,10,0,0,0,0,0,0,0,18,1100,50,50)
Skill = (12,0,2147483647,0,0,0,0,0,0,0,0,0,1000,2147483647,2147483647)
Skill = (13,10,0,10,0,0,0,0,0,0,0,0,1100,20,20)
Skill = (14,0,1200,0,0,0,0,0,0,0,0,0,0,0,0)
Skill = (15,0,2147483647,0,0,0,0,0,0,0,0,0,1000,2147483647,2147483647)
Skill = (16,0,2147483647,0,0,0,0,0,0,0,0,0,1000,2147483647,2147483647)
Skill = (17,0,2147483647,0,0,0,0,0,0,0,0,0,50,2147483647,2147483647)
Skill = (18,0,2147483647,0,0,0,7,0,7,8,0,0,1000,2147483647,2147483647)
Skill = (19,0,2147483647,0,0,0,0,0,0,0,0,0,1000,2147483647,2147483647)
Skill = (20,0,2147483647,0,0,0,0,0,0,0,0,0,1000,2147483647,2147483647)
Skill = (21,0,2147483647,0,0,0,0,0,0,0,0,0,1000,2147483647,2147483647)
Skill = (22,200,200,0,0,0,0,0,0,0,0,0,0,0,0)
Skill = (23,0,2147483647,0,0,0,0,0,0,0,0,0,1000,2147483647,2147483647)
Skill = (24,0,2147483647,0,0,0,0,0,0,0,0,0,1000,2147483647,2147483647)

Spells      = {}
QuestValues = {(18,1),(20,1),(24,1),(35,1),(59,1),(223,1)}
Murders     = {}
