ID              = 8160495
Name            = "Arub Bon Arbanel"
Race            = 1
Profession      = 4
OriginalOutfit  = 137-58-34-72-19
CurrentOutfit   = 137-58-34-72-19
LastLogin       = 1132109172
LastLogout      = 1132109955
StartPosition   = [32369,32241,7]
CurrentPosition = [32195,32357,9]
PlayerkillerEnd = 0

Skill = (0,19,0,1,0,0,0,0,0,0,1,93892,0,98800,100)
Skill = (1,35,0,0,0,0,0,0,0,0,0,5565,1100,5982,20)
Skill = (2,235,240,0,0,0,0,0,0,0,5,0,0,0,0)
Skill = (3,85,365,0,0,0,0,0,0,0,30,0,0,0,0)
Skill = (4,88,88,0,0,0,0,0,0,0,1,0,0,0,0)
Skill = (5,580,580,0,0,0,0,0,0,0,10,0,0,0,0)
Skill = (6,21,0,10,0,0,0,0,0,0,0,19676,1500,25749,100)
Skill = (7,11,0,10,0,0,0,0,0,0,0,36,1800,84,30)
Skill = (8,19,0,10,0,0,0,0,0,0,0,19197,1800,22252,50)
Skill = (9,12,0,10,0,0,0,0,0,0,0,282,1800,302,50)
Skill = (10,10,0,10,0,0,0,0,0,0,0,4,1800,50,50)
Skill = (11,20,0,10,0,0,0,0,0,0,0,7746,1500,8549,50)
Skill = (12,0,2147483647,0,0,0,0,0,0,0,0,0,1000,2147483647,2147483647)
Skill = (13,44,0,10,0,0,0,0,0,0,0,5365,1100,5420,20)
Skill = (14,0,1200,0,0,0,1053,0,0,0,0,0,0,0,0)
Skill = (15,0,2147483647,0,0,0,4,0,12,83,0,0,1000,2147483647,2147483647)
Skill = (16,0,2147483647,0,0,0,0,0,200,200,0,0,1000,2147483647,2147483647)
Skill = (17,0,2147483647,0,0,0,0,0,3,3,0,0,50,2147483647,2147483647)
Skill = (18,0,2147483647,0,0,0,0,0,8,8,0,0,1000,2147483647,2147483647)
Skill = (19,0,2147483647,0,0,0,0,0,0,0,0,0,1000,2147483647,2147483647)
Skill = (20,0,2147483647,0,0,0,0,0,0,0,0,0,1000,2147483647,2147483647)
Skill = (21,0,2147483647,0,0,0,0,0,0,0,0,0,1000,2147483647,2147483647)
Skill = (22,73,100,0,0,0,2,0,3,120,0,0,0,0,0)
Skill = (23,0,2147483647,0,0,0,0,0,0,0,0,0,1000,2147483647,2147483647)
Skill = (24,0,2147483647,0,0,0,0,0,0,0,0,0,1000,2147483647,2147483647)

Spells      = {1,3,5,8,9,10,12,20,26,38,42,45}
QuestValues = {(20,1),(21,1),(22,1),(23,1),(32,1),(33,1),(34,1),(37,1),(46,1),(106,1),(107,1),(125,1),(126,1)}
Murders     = {1130137208}
