ID              = 10152845
Name            = "Darck Sorcere Of Zanera"
Race            = 1
Profession      = 4
OriginalOutfit  = 128-0-95-57-57
CurrentOutfit   = 128-0-95-57-57
LastLogin       = 1132103088
LastLogout      = 1132104191
StartPosition   = [32957,32076,7]
CurrentPosition = [32653,31962,6]
PlayerkillerEnd = 0

Skill = (0,15,0,1,0,0,0,0,0,0,1,41063,0,47000,100)
Skill = (1,16,0,0,0,0,0,0,0,0,0,807,1100,810,20)
Skill = (2,216,220,0,0,0,0,0,0,0,5,0,0,0,0)
Skill = (3,149,245,0,0,0,0,0,0,0,30,0,0,0,0)
Skill = (4,84,84,0,0,0,0,0,0,0,1,0,0,0,0)
Skill = (5,540,540,0,0,0,0,0,0,0,10,0,0,0,0)
Skill = (6,20,0,10,0,0,0,0,0,0,0,13039,1500,17099,100)
Skill = (7,14,0,10,0,0,0,0,0,0,0,375,1800,671,30)
Skill = (8,14,0,10,0,0,0,0,0,0,0,1110,1800,1118,50)
Skill = (9,18,0,10,0,0,0,0,0,0,0,11128,1800,12334,50)
Skill = (10,10,0,10,0,0,0,0,0,0,0,0,1800,50,50)
Skill = (11,11,0,10,0,0,0,0,0,0,0,94,1500,125,50)
Skill = (12,0,2147483647,0,0,0,0,0,0,0,0,0,1000,2147483647,2147483647)
Skill = (13,29,0,10,0,0,0,0,0,0,0,1118,1100,1145,20)
Skill = (14,0,1200,0,0,0,185,0,0,0,0,0,0,0,0)
Skill = (15,0,2147483647,0,0,0,0,0,83,83,0,0,1000,2147483647,2147483647)
Skill = (16,0,2147483647,0,0,0,0,0,0,0,0,0,1000,2147483647,2147483647)
Skill = (17,0,2147483647,0,0,0,0,0,3,3,0,0,50,2147483647,2147483647)
Skill = (18,0,2147483647,0,0,0,0,0,8,8,0,0,1000,2147483647,2147483647)
Skill = (19,0,2147483647,0,0,0,0,0,0,0,0,0,1000,2147483647,2147483647)
Skill = (20,0,2147483647,0,0,0,0,0,120,120,0,0,1000,2147483647,2147483647)
Skill = (21,0,2147483647,0,0,0,0,0,0,0,0,0,1000,2147483647,2147483647)
Skill = (22,100,100,0,0,0,1,0,70,120,0,0,0,0,0)
Skill = (23,0,2147483647,0,0,0,0,0,0,0,0,0,1000,2147483647,2147483647)
Skill = (24,0,2147483647,0,0,0,0,0,0,0,0,0,1000,2147483647,2147483647)

Spells      = {1,5,8,10,20,25}
QuestValues = {(20,1),(21,1),(22,1),(23,1),(49,1),(58,1),(59,1),(96,1),(97,1),(98,1),(208,1),(223,1)}
Murders     = {}
