ID              = 11386145
Name            = "Medusa'Doidaa"
Race            = 1
Profession      = 1
OriginalOutfit  = 138-94-0-94-114
CurrentOutfit   = 138-94-0-94-114
LastLogin       = 1132094326
LastLogout      = 1132095099
StartPosition   = [32649,31925,11]
CurrentPosition = [32385,31835,5]
PlayerkillerEnd = 0

Skill = (0,20,0,1,0,0,0,0,0,0,1,106101,0,116000,100)
Skill = (1,3,0,0,0,0,0,0,0,0,0,372,3000,800,20)
Skill = (2,316,365,0,0,0,0,0,0,0,15,0,0,0,0)
Skill = (3,35,95,0,0,0,0,0,0,0,5,0,0,0,0)
Skill = (4,89,89,0,0,0,0,0,0,0,1,0,0,0,0)
Skill = (5,770,770,0,0,0,0,0,0,0,25,0,0,0,0)
Skill = (6,35,0,10,0,0,0,0,0,0,0,9854,1100,10918,100)
Skill = (7,10,0,10,0,0,0,0,0,0,0,0,1400,30,30)
Skill = (8,10,0,10,0,0,0,0,0,0,0,0,1100,50,50)
Skill = (9,41,0,10,0,0,0,0,0,0,0,9820,1100,10056,50)
Skill = (10,10,0,10,0,0,0,0,0,0,0,0,1100,50,50)
Skill = (11,10,0,10,0,0,0,0,0,0,0,44,1100,50,50)
Skill = (12,0,2147483647,0,0,0,0,0,0,0,0,0,1000,2147483647,2147483647)
Skill = (13,10,0,10,0,0,0,0,0,0,0,0,1100,20,20)
Skill = (14,0,1200,0,0,0,0,0,0,0,0,0,0,0,0)
Skill = (15,0,2147483647,0,0,0,7,0,39,125,0,0,1000,2147483647,2147483647)
Skill = (16,0,2147483647,0,0,0,0,0,0,0,0,0,1000,2147483647,2147483647)
Skill = (17,0,2147483647,0,0,0,0,0,0,0,0,0,50,2147483647,2147483647)
Skill = (18,0,2147483647,0,0,0,0,0,0,0,0,0,1000,2147483647,2147483647)
Skill = (19,0,2147483647,0,0,0,0,0,0,0,0,0,1000,2147483647,2147483647)
Skill = (20,0,2147483647,0,0,0,0,0,0,0,0,0,1000,2147483647,2147483647)
Skill = (21,0,2147483647,0,0,0,0,0,0,0,0,0,1000,2147483647,2147483647)
Skill = (22,100,100,0,0,0,0,0,120,120,0,0,0,0,0)
Skill = (23,0,2147483647,0,0,0,0,0,0,0,0,0,1000,2147483647,2147483647)
Skill = (24,0,2147483647,0,0,0,0,0,0,0,0,0,1000,2147483647,2147483647)

Spells      = {1,10,11}
QuestValues = {(21,1),(22,1),(23,1),(33,1),(35,1),(59,1),(61,1),(96,1),(97,1),(98,1),(125,1),(126,1)}
Murders     = {1130879300}
