ID              = 7943645
Name            = "Angel Astaroth"
Race            = 1
Profession      = 11
OriginalOutfit  = 134-2-114-117-117
CurrentOutfit   = 134-2-114-117-117
LastLogin       = 1131760743
LastLogout      = 1131760928
StartPosition   = [32957,32076,7]
CurrentPosition = [32921,32076,7]
PlayerkillerEnd = 0

Skill = (0,52,0,1,0,0,0,0,0,0,1,2213273,0,2215200,100)
Skill = (1,5,0,0,0,0,0,0,0,0,0,7004,3000,7280,20)
Skill = (2,845,845,0,0,0,0,0,0,0,15,0,0,0,0)
Skill = (3,255,255,0,0,0,0,0,0,0,5,0,0,0,0)
Skill = (4,121,121,0,20,0,0,0,0,0,1,0,0,0,0)
Skill = (5,1570,1570,0,0,0,0,0,0,0,25,0,0,0,0)
Skill = (6,71,0,10,0,0,0,0,0,0,0,347695,1100,367422,100)
Skill = (7,13,0,10,0,0,0,0,0,0,0,135,1400,213,30)
Skill = (8,10,0,10,0,0,0,0,0,0,0,30,1100,50,50)
Skill = (9,10,0,10,0,0,0,0,0,0,0,0,1100,50,50)
Skill = (10,73,0,10,0,0,0,0,0,0,0,222033,1100,222395,50)
Skill = (11,11,0,10,0,0,0,0,0,0,0,82,1100,105,50)
Skill = (12,0,2147483647,0,0,0,0,0,0,0,0,0,1000,2147483647,2147483647)
Skill = (13,55,0,10,0,0,0,0,0,0,0,14427,1100,15835,20)
Skill = (14,0,1200,0,0,0,0,0,0,0,0,0,0,0,0)
Skill = (15,0,2147483647,0,0,0,0,0,0,0,0,0,1000,2147483647,2147483647)
Skill = (16,0,2147483647,0,0,0,0,0,0,0,0,0,1000,2147483647,2147483647)
Skill = (17,0,2147483647,0,0,0,0,0,0,0,0,0,50,2147483647,2147483647)
Skill = (18,0,2147483647,0,0,0,0,0,0,0,0,0,1000,2147483647,2147483647)
Skill = (19,0,2147483647,0,0,0,0,0,0,0,0,0,1000,2147483647,2147483647)
Skill = (20,0,2147483647,0,0,0,0,0,0,0,0,0,1000,2147483647,2147483647)
Skill = (21,0,2147483647,0,0,0,0,0,0,0,0,0,1000,2147483647,2147483647)
Skill = (22,100,100,0,0,0,0,0,0,0,0,0,0,0,0)
Skill = (23,0,2147483647,0,0,0,0,0,0,0,0,0,1000,2147483647,2147483647)
Skill = (24,0,2147483647,0,0,0,0,0,0,0,0,0,1000,2147483647,2147483647)

Spells      = {1,6,10,11,20,29,76,80,81,93}
QuestValues = {(1,2),(2,6),(14,1),(17,1),(20,1),(21,1),(22,1),(23,1),(25,1),(26,1),(27,1),(32,1),(33,1),(34,1),(39,1),(41,1),(42,1),(43,1),(44,1),(49,1),(50,1),(55,1),(56,1),(59,1),(61,1),(67,1),(69,1),(70,1),(71,1),(72,1),(73,1),(74,1),(75,1),(76,1),(77,1),(78,1),(84,1),(85,1),(86,1),(87,1),(88,1),(89,1),(90,1),(93,1),(94,1),(95,1),(96,1),(97,1),(98,1),(99,1),(100,1),(106,1),(107,1),(108,1),(109,1),(111,1),(112,1),(115,1),(125,1),(126,1),(129,1),(130,1),(131,1),(132,1),(133,1),(134,1),(135,1),(136,1),(137,1),(140,1),(141,1),(143,1),(145,1),(146,1),(147,1),(148,1),(149,1),(150,1),(151,1),(152,1),(153,1),(154,1),(156,1),(157,1),(158,1),(171,1),(173,1),(175,1),(179,1),(180,1),(190,1),(191,1),(200,1),(201,1),(202,1),(208,1),(211,4),(213,1),(214,1),(226,1),(227,2),(253,1),(254,1),(269,1)}
Murders     = {1130456348}
