ID              = 7965845
Name            = "Lord of Mystical"
Race            = 1
Profession      = 12
OriginalOutfit  = 133-114-88-0-0
CurrentOutfit   = 133-114-88-0-0
LastLogin       = 1131839428
LastLogout      = 1131839897
StartPosition   = [32369,32241,7]
CurrentPosition = [33212,32450,7]
PlayerkillerEnd = 0

Skill = (0,49,0,1,0,0,0,0,0,0,1,1784187,0,1847300,100)
Skill = (1,15,0,0,0,0,0,0,0,0,0,9924,1400,10839,20)
Skill = (2,595,595,0,0,0,0,0,0,0,10,0,0,0,0)
Skill = (3,625,650,0,0,0,0,0,0,0,15,0,0,0,0)
Skill = (4,118,118,0,20,0,0,0,10,10,1,0,0,0,0)
Skill = (5,1290,1290,0,0,0,0,0,0,0,20,0,0,0,0)
Skill = (6,64,0,10,0,0,0,0,0,0,0,177068,1100,188059,100)
Skill = (7,80,0,10,0,0,0,0,0,0,0,237069,1100,260316,30)
Skill = (8,11,0,10,0,0,0,0,0,0,0,72,1200,109,50)
Skill = (9,24,0,10,0,0,0,0,0,0,0,3347,1200,3601,50)
Skill = (10,10,0,10,0,0,0,0,0,0,0,35,1200,50,50)
Skill = (11,29,0,10,0,0,0,0,0,0,0,9199,1200,9334,50)
Skill = (12,0,2147483647,0,0,0,0,0,0,0,0,0,1000,2147483647,2147483647)
Skill = (13,42,0,10,0,0,0,0,0,0,0,4341,1100,4445,20)
Skill = (14,0,1200,0,0,0,0,0,0,0,0,0,0,0,0)
Skill = (15,0,2147483647,0,0,0,0,0,125,125,0,0,1000,2147483647,2147483647)
Skill = (16,0,2147483647,0,0,0,0,0,200,200,0,0,1000,2147483647,2147483647)
Skill = (17,0,2147483647,0,0,0,0,0,0,0,0,0,50,2147483647,2147483647)
Skill = (18,0,2147483647,0,0,0,0,0,8,8,0,0,1000,2147483647,2147483647)
Skill = (19,0,2147483647,0,0,0,0,0,10,10,0,0,1000,2147483647,2147483647)
Skill = (20,0,2147483647,0,0,0,0,0,3,3,0,0,1000,2147483647,2147483647)
Skill = (21,0,2147483647,0,0,0,0,0,0,0,0,0,1000,2147483647,2147483647)
Skill = (22,184,200,0,0,0,0,0,15,15,0,0,0,0,0)
Skill = (23,0,2147483647,0,0,0,0,0,0,0,0,0,1000,2147483647,2147483647)
Skill = (24,0,2147483647,0,0,0,0,0,0,0,0,0,1000,2147483647,2147483647)

Spells      = {1,3,6,8,10,11,20,29,42,45,49,51,76,79,95}
QuestValues = {(14,1),(15,1),(16,1),(19,1),(20,1),(21,1),(22,1),(23,1),(25,1),(26,1),(27,1),(32,1),(33,1),(34,1),(36,1),(37,1),(38,1),(39,1),(55,1),(57,1),(61,1),(71,1),(76,1),(77,1),(78,1),(84,1),(85,1),(86,1),(87,1),(88,1),(89,1),(90,1),(91,1),(92,1),(93,1),(94,1),(95,1),(96,1),(97,1),(98,1),(100,1),(106,1),(107,1),(108,1),(109,1),(111,1),(112,1),(115,1),(116,1),(117,1),(118,1),(125,1),(126,1),(129,1),(130,1),(131,1),(132,1),(133,1),(137,1),(140,1),(141,1),(143,1),(145,1),(146,1),(147,1),(148,1),(149,1),(150,1),(151,1),(152,1),(153,1),(155,1),(156,1),(157,1),(158,1),(179,1),(180,1),(190,1),(191,1),(200,1),(201,1),(202,1),(211,4),(213,1),(214,1),(222,1),(227,5),(228,2),(229,3),(230,21),(231,2),(232,1),(233,10),(234,7),(235,1),(236,1),(237,1),(238,1),(239,1),(240,1),(241,1),(242,1),(243,1),(244,2),(245,2),(246,1),(247,1),(248,1),(249,5),(250,5),(251,1),(254,1),(292,1)}
Murders     = {}
