ID              = 8076645
Name            = "Dark Akin"
Race            = 1
Profession      = 4
OriginalOutfit  = 130-77-79-86-116
CurrentOutfit   = 130-77-79-86-116
LastLogin       = 1124772333
LastLogout      = 1124772405
StartPosition   = [32957,32076,7]
CurrentPosition = [32910,32091,7]
PlayerkillerEnd = 0

Skill = (0,11,0,1,0,0,0,0,0,0,1,14270,0,17600,100)
Skill = (1,38,0,0,0,0,0,0,0,0,0,7431,1100,8028,20)
Skill = (2,200,200,0,0,0,0,0,0,0,5,0,0,0,0)
Skill = (3,30,125,0,0,0,0,0,0,0,30,0,0,0,0)
Skill = (4,80,80,0,0,0,0,0,0,0,1,0,0,0,0)
Skill = (5,500,500,0,0,0,0,0,0,0,10,0,0,0,0)
Skill = (6,19,0,10,0,0,0,0,0,0,0,10518,1500,11333,100)
Skill = (7,13,0,10,0,0,0,0,0,0,0,236,1800,356,30)
Skill = (8,14,0,10,0,0,0,0,0,0,0,757,1800,1118,50)
Skill = (9,19,0,10,0,0,0,0,0,0,0,17742,1800,22252,50)
Skill = (10,14,0,10,0,0,0,0,0,0,0,1001,1800,1118,50)
Skill = (11,13,0,10,0,0,0,0,0,0,0,258,1500,406,50)
Skill = (12,0,2147483647,0,0,0,0,0,0,0,0,0,1000,2147483647,2147483647)
Skill = (13,48,0,10,0,0,0,0,0,0,0,7832,1100,8028,20)
Skill = (14,0,1200,0,0,0,1043,0,0,0,0,0,0,0,0)
Skill = (15,0,2147483647,0,0,0,0,0,83,83,0,0,1000,2147483647,2147483647)
Skill = (16,0,2147483647,0,0,0,0,0,0,0,0,0,1000,2147483647,2147483647)
Skill = (17,0,2147483647,0,0,0,0,0,3,3,0,0,50,2147483647,2147483647)
Skill = (18,0,2147483647,0,0,0,0,0,0,0,0,0,1000,2147483647,2147483647)
Skill = (19,0,2147483647,0,0,0,0,0,0,0,0,0,1000,2147483647,2147483647)
Skill = (20,0,2147483647,0,0,0,0,0,120,120,0,0,1000,2147483647,2147483647)
Skill = (21,0,2147483647,0,0,0,0,0,0,0,0,0,1000,2147483647,2147483647)
Skill = (22,100,100,0,0,0,0,0,0,0,0,0,0,0,0)
Skill = (23,0,2147483647,0,0,0,0,0,0,0,0,0,1000,2147483647,2147483647)
Skill = (24,0,2147483647,0,0,0,0,0,0,0,0,0,1000,2147483647,2147483647)

Spells      = {1,5,8,10}
QuestValues = {(49,1),(58,1),(59,1),(100,1)}
Murders     = {}
