ID              = 8173545
Name            = "Orochimaru'Forces"
Race            = 1
Profession      = 3
OriginalOutfit  = 129-114-114-114-114
CurrentOutfit   = 129-114-114-114-114
LastLogin       = 1128796636
LastLogout      = 1128797101
StartPosition   = [32360,31782,7]
CurrentPosition = [32622,31776,7]
PlayerkillerEnd = 0

Skill = (0,25,0,1,0,0,0,0,0,0,1,209619,0,232500,100)
Skill = (1,36,0,0,0,0,0,0,0,0,0,6320,1100,6600,20)
Skill = (2,270,270,0,0,0,0,0,0,0,5,0,0,0,0)
Skill = (3,545,545,0,0,0,0,0,0,0,30,0,0,0,0)
Skill = (4,94,94,0,0,0,0,0,0,0,1,0,0,0,0)
Skill = (5,640,640,0,0,0,0,0,0,0,10,0,0,0,0)
Skill = (6,22,0,10,0,0,0,0,0,0,0,36092,1500,38723,100)
Skill = (7,15,0,10,0,0,0,0,0,0,0,986,2000,1890,30)
Skill = (8,15,0,10,0,0,0,0,0,0,0,2655,2000,3150,50)
Skill = (9,19,0,10,0,0,0,0,0,0,0,26102,2000,51150,50)
Skill = (10,10,0,10,0,0,0,0,0,0,0,6,2000,50,50)
Skill = (11,13,0,10,0,0,0,0,0,0,0,360,1500,406,50)
Skill = (12,0,2147483647,0,0,0,0,0,0,0,0,0,1000,2147483647,2147483647)
Skill = (13,55,0,10,0,0,0,0,0,0,0,15002,1100,15835,20)
Skill = (14,0,1200,0,0,0,0,0,0,0,0,0,0,0,0)
Skill = (15,0,2147483647,0,0,0,0,0,0,0,0,0,1000,2147483647,2147483647)
Skill = (16,0,2147483647,0,0,0,0,0,0,0,0,0,1000,2147483647,2147483647)
Skill = (17,0,2147483647,0,0,0,0,0,0,0,0,0,50,2147483647,2147483647)
Skill = (18,0,2147483647,0,0,0,0,0,0,0,0,0,1000,2147483647,2147483647)
Skill = (19,0,2147483647,0,0,0,0,0,0,0,0,0,1000,2147483647,2147483647)
Skill = (20,0,2147483647,0,0,0,0,0,0,0,0,0,1000,2147483647,2147483647)
Skill = (21,0,2147483647,0,0,0,0,0,0,0,0,0,1000,2147483647,2147483647)
Skill = (22,70,100,0,0,0,1,0,117,120,0,0,0,0,0)
Skill = (23,0,2147483647,0,0,0,0,0,0,0,0,0,1000,2147483647,2147483647)
Skill = (24,0,2147483647,0,0,0,0,0,0,0,0,0,1000,2147483647,2147483647)

Spells      = {1,3,8,9,10,15,16,18,20,21,29,30,38,44,45}
QuestValues = {(18,1),(20,1),(21,1),(22,1),(23,1),(35,1),(93,1),(94,1),(95,1),(96,1),(97,1),(98,1),(99,1),(100,1),(106,1),(107,1),(125,1),(126,1),(153,1),(190,1),(191,1),(208,1),(213,1),(223,1),(254,1)}
Murders     = {1126300528,1128734552}
