ID              = 8333045
Name            = "Kenian Mermaek"
Race            = 1
Profession      = 3
OriginalOutfit  = 128-114-114-76-0
CurrentOutfit   = 128-114-114-76-0
LastLogin       = 1127563564
LastLogout      = 1127564865
StartPosition   = [32957,32076,7]
CurrentPosition = [32909,32263,7]
PlayerkillerEnd = 0

Skill = (0,14,0,1,0,0,0,0,0,0,1,33226,0,37800,100)
Skill = (1,23,0,0,0,0,0,0,0,0,0,1636,1100,1769,20)
Skill = (2,215,215,0,0,0,0,0,0,0,5,0,0,0,0)
Skill = (3,31,215,0,0,0,0,0,0,0,30,0,0,0,0)
Skill = (4,83,83,0,0,0,0,0,0,0,1,0,0,0,0)
Skill = (5,530,530,0,0,0,0,0,0,0,10,0,0,0,0)
Skill = (6,21,0,10,0,0,0,0,0,0,0,20360,1500,25749,100)
Skill = (7,10,0,10,0,0,0,0,0,0,0,0,2000,30,30)
Skill = (8,18,0,10,0,0,0,0,0,0,0,15369,2000,25550,50)
Skill = (9,11,0,10,0,0,0,0,0,0,0,64,2000,150,50)
Skill = (10,10,0,10,0,0,0,0,0,0,0,0,2000,50,50)
Skill = (11,11,0,10,0,0,0,0,0,0,0,110,1500,125,50)
Skill = (12,0,2147483647,0,0,0,0,0,0,0,0,0,1000,2147483647,2147483647)
Skill = (13,44,0,10,0,0,0,0,0,0,0,5065,1100,5420,20)
Skill = (14,0,1200,0,0,0,938,0,0,0,0,0,0,0,0)
Skill = (15,0,2147483647,0,0,0,4,0,42,83,0,0,1000,2147483647,2147483647)
Skill = (16,0,2147483647,0,0,0,0,0,0,0,0,0,1000,2147483647,2147483647)
Skill = (17,0,2147483647,0,0,0,0,0,3,3,0,0,50,2147483647,2147483647)
Skill = (18,0,2147483647,0,0,0,0,0,8,8,0,0,1000,2147483647,2147483647)
Skill = (19,0,2147483647,0,0,0,0,0,0,0,0,0,1000,2147483647,2147483647)
Skill = (20,0,2147483647,0,0,0,0,0,0,0,0,0,1000,2147483647,2147483647)
Skill = (21,0,2147483647,0,0,0,0,0,0,0,0,0,1000,2147483647,2147483647)
Skill = (22,97,100,0,0,0,1,0,68,120,0,0,0,0,0)
Skill = (23,0,2147483647,0,0,0,0,0,0,0,0,0,1000,2147483647,2147483647)
Skill = (24,0,2147483647,0,0,0,0,0,0,0,0,0,1000,2147483647,2147483647)

Spells      = {1,2,3,7,8,10,18,29}
QuestValues = {(18,1),(20,1),(21,1),(22,1),(23,1),(27,1),(32,1),(33,1),(35,1),(223,1)}
Murders     = {}
