ID              = 9214045
Name            = "Peloncito"
Race            = 1
Profession      = 12
OriginalOutfit  = 134-94-114-114-114
CurrentOutfit   = 134-94-114-114-114
LastLogin       = 1129790481
LastLogout      = 1129790614
StartPosition   = [33213,32454,1]
CurrentPosition = [32651,32008,8]
PlayerkillerEnd = 0

Skill = (0,46,0,1,0,0,0,0,0,0,1,1481487,0,1522600,100)
Skill = (1,14,0,0,0,0,0,0,0,0,0,6298,1400,7728,20)
Skill = (2,441,565,0,0,0,0,0,0,0,10,0,0,0,0)
Skill = (3,435,605,0,0,0,0,0,0,0,15,0,0,0,0)
Skill = (4,115,115,0,0,0,0,0,10,10,1,0,0,0,0)
Skill = (5,1230,1230,0,0,0,0,0,0,0,20,0,0,0,0)
Skill = (6,27,0,10,0,0,0,0,0,0,0,4308,1100,4559,100)
Skill = (7,73,0,10,0,0,0,0,0,0,0,128163,1100,133437,30)
Skill = (8,10,0,10,0,0,0,0,0,0,0,9,1200,50,50)
Skill = (9,12,0,10,0,0,0,0,0,0,0,133,1200,181,50)
Skill = (10,10,0,10,0,0,0,0,0,0,0,6,1200,50,50)
Skill = (11,25,0,10,0,0,0,0,0,0,0,4054,1200,4372,50)
Skill = (12,0,2147483647,0,0,0,0,0,0,0,0,0,1000,2147483647,2147483647)
Skill = (13,20,0,10,0,0,0,0,0,0,0,369,1100,370,20)
Skill = (14,0,1200,0,0,0,608,0,0,0,0,0,0,0,0)
Skill = (15,0,2147483647,0,0,0,2,0,69,83,0,0,1000,2147483647,2147483647)
Skill = (16,0,2147483647,0,0,0,0,0,0,0,0,0,1000,2147483647,2147483647)
Skill = (17,0,2147483647,0,0,0,0,0,3,3,0,0,50,2147483647,2147483647)
Skill = (18,0,2147483647,0,0,0,0,0,8,8,0,0,1000,2147483647,2147483647)
Skill = (19,0,2147483647,0,0,0,0,0,10,10,0,0,1000,2147483647,2147483647)
Skill = (20,0,2147483647,0,0,0,0,0,0,0,0,0,1000,2147483647,2147483647)
Skill = (21,0,2147483647,0,0,0,0,0,0,0,0,0,1000,2147483647,2147483647)
Skill = (22,200,200,0,0,0,0,0,15,15,0,0,0,0,0)
Skill = (23,0,2147483647,0,0,0,0,0,0,0,0,0,1000,2147483647,2147483647)
Skill = (24,0,2147483647,0,0,0,0,0,0,0,0,0,1000,2147483647,2147483647)

Spells      = {1,2,3,6,8,10,20,29,30,42,51,76,81}
QuestValues = {(20,1),(56,1),(57,1),(72,1),(73,1),(74,1),(75,1),(79,1),(88,1),(89,1),(90,1),(91,1),(92,1),(93,1),(94,1),(95,1),(96,1),(97,1),(98,1),(108,1),(111,1),(112,1),(113,1),(114,1),(115,1),(116,1),(117,1),(118,1),(121,1),(133,1),(137,1),(140,1),(141,1),(145,1),(146,1),(147,1),(148,1),(149,1),(150,1),(151,1),(152,1),(153,1),(179,1),(180,1),(190,1),(191,1),(200,1),(201,1),(202,1),(208,1),(209,1),(213,1),(214,1),(215,1),(227,5),(228,2),(229,3),(230,21),(231,2),(232,1),(233,7),(249,2),(250,2),(251,1)}
Murders     = {1127559235}
