ID              = 9349845
Name            = "Therdo Ibia"
Race            = 1
Profession      = 4
OriginalOutfit  = 129-0-87-85-76
CurrentOutfit   = 129-0-87-85-76
LastLogin       = 1129357393
LastLogout      = 1129357488
StartPosition   = [32732,31634,7]
CurrentPosition = [32677,31704,7]
PlayerkillerEnd = 0

Skill = (0,15,0,1,0,0,0,0,0,0,1,44999,0,47000,100)
Skill = (1,21,0,0,0,0,0,0,0,0,0,1311,1100,1428,20)
Skill = (2,220,220,0,0,0,0,0,0,0,5,0,0,0,0)
Skill = (3,111,245,0,0,0,0,0,0,0,30,0,0,0,0)
Skill = (4,84,84,0,0,0,0,0,0,0,1,0,0,0,0)
Skill = (5,540,540,0,0,0,0,0,0,0,10,0,0,0,0)
Skill = (6,20,0,10,0,0,0,0,0,0,0,13127,1500,17099,100)
Skill = (7,10,0,10,0,0,0,0,0,0,0,0,1800,30,30)
Skill = (8,18,0,10,0,0,0,0,0,0,0,9864,1800,12334,50)
Skill = (9,10,0,10,0,0,0,0,0,0,0,0,1800,50,50)
Skill = (10,10,0,10,0,0,0,0,0,0,0,0,1800,50,50)
Skill = (11,11,0,10,0,0,0,0,0,0,0,52,1500,125,50)
Skill = (12,0,2147483647,0,0,0,0,0,0,0,0,0,1000,2147483647,2147483647)
Skill = (13,50,0,10,0,0,0,0,0,0,0,9258,1100,9757,20)
Skill = (14,0,1200,0,0,0,947,0,0,0,0,0,0,0,0)
Skill = (15,0,2147483647,0,0,0,0,0,83,83,0,0,1000,2147483647,2147483647)
Skill = (16,0,2147483647,0,0,0,0,0,0,0,0,0,1000,2147483647,2147483647)
Skill = (17,0,2147483647,0,0,0,0,0,3,3,0,0,50,2147483647,2147483647)
Skill = (18,0,2147483647,0,0,0,0,0,0,0,0,0,1000,2147483647,2147483647)
Skill = (19,0,2147483647,0,0,0,0,0,0,0,0,0,1000,2147483647,2147483647)
Skill = (20,0,2147483647,0,0,0,0,0,0,0,0,0,1000,2147483647,2147483647)
Skill = (21,0,2147483647,0,0,0,0,0,0,0,0,0,1000,2147483647,2147483647)
Skill = (22,17,100,0,0,0,0,0,120,120,0,0,0,0,0)
Skill = (23,0,2147483647,0,0,0,0,0,0,0,0,0,1000,2147483647,2147483647)
Skill = (24,0,2147483647,0,0,0,0,0,0,0,0,0,1000,2147483647,2147483647)

Spells      = {1,4,5,7,8,10,20,42}
QuestValues = {(18,1),(20,1),(21,1),(23,1),(32,1),(33,1),(34,1),(59,1)}
Murders     = {}
