ID              = 10318750
Name            = "Cron Arel"
Race            = 1
Profession      = 1
OriginalOutfit  = 128-83-114-114-83
CurrentOutfit   = 128-83-114-114-83
LastLogin       = 1131839642
LastLogout      = 1131839716
StartPosition   = [32369,32241,7]
CurrentPosition = [32476,32273,9]
PlayerkillerEnd = 0

Skill = (0,13,0,1,0,0,0,0,0,0,1,25916,0,29900,100)
Skill = (1,2,0,0,0,0,0,0,0,0,0,201,3000,260,20)
Skill = (2,260,260,0,0,0,0,0,0,0,15,0,0,0,0)
Skill = (3,60,60,0,0,0,0,0,0,0,5,0,0,0,0)
Skill = (4,82,82,0,0,0,0,0,0,0,1,0,0,0,0)
Skill = (5,595,595,0,0,0,0,0,0,0,25,0,0,0,0)
Skill = (6,48,0,10,0,0,0,0,0,0,0,37617,1100,40144,100)
Skill = (7,10,0,10,0,0,0,0,0,0,0,0,1400,30,30)
Skill = (8,50,0,10,0,0,0,0,0,0,0,22868,1100,24392,50)
Skill = (9,10,0,10,0,0,0,0,0,0,0,21,1100,50,50)
Skill = (10,10,0,10,0,0,0,0,0,0,0,0,1100,50,50)
Skill = (11,10,0,10,0,0,0,0,0,0,0,5,1100,50,50)
Skill = (12,0,2147483647,0,0,0,0,0,0,0,0,0,1000,2147483647,2147483647)
Skill = (13,24,0,10,0,0,0,0,0,0,0,614,1100,635,20)
Skill = (14,0,1200,0,0,0,469,0,0,0,0,0,0,0,0)
Skill = (15,0,2147483647,0,0,0,0,0,0,0,0,0,1000,2147483647,2147483647)
Skill = (16,0,2147483647,0,0,0,0,0,0,0,0,0,1000,2147483647,2147483647)
Skill = (17,0,2147483647,0,0,0,0,0,0,0,0,0,50,2147483647,2147483647)
Skill = (18,0,2147483647,0,0,0,0,0,8,8,0,0,1000,2147483647,2147483647)
Skill = (19,0,2147483647,0,0,0,0,0,0,0,0,0,1000,2147483647,2147483647)
Skill = (20,0,2147483647,0,0,0,0,0,0,0,0,0,1000,2147483647,2147483647)
Skill = (21,0,2147483647,0,0,0,0,0,0,0,0,0,1000,2147483647,2147483647)
Skill = (22,100,100,0,0,0,1,0,117,120,0,0,0,0,0)
Skill = (23,0,2147483647,0,0,0,0,0,0,0,0,0,1000,2147483647,2147483647)
Skill = (24,0,2147483647,0,0,0,0,0,0,0,0,0,1000,2147483647,2147483647)

Spells      = {1,10,20,29}
QuestValues = {(20,1),(21,1),(22,1),(23,1),(29,1),(30,1),(32,1),(33,1),(34,1),(58,1),(59,1),(100,1),(106,1),(107,1),(125,1),(126,1)}
Murders     = {1131326712}
