ID              = 10633550
Name            = "Shid Zith"
Race            = 1
Profession      = 4
OriginalOutfit  = 128-116-105-95-114
CurrentOutfit   = 128-116-105-95-114
LastLogin       = 1131930983
LastLogout      = 1131931032
StartPosition   = [32360,31782,7]
CurrentPosition = [32325,31768,7]
PlayerkillerEnd = 0

Skill = (0,15,0,1,0,0,0,0,0,0,1,42181,0,47000,100)
Skill = (1,20,0,0,0,0,0,0,0,0,0,1157,1100,1280,20)
Skill = (2,185,220,0,0,0,0,0,0,0,5,0,0,0,0)
Skill = (3,12,245,0,0,0,0,0,0,0,30,0,0,0,0)
Skill = (4,84,84,0,0,0,0,0,0,0,1,0,0,0,0)
Skill = (5,540,540,0,0,0,0,0,0,0,10,0,0,0,0)
Skill = (6,19,0,10,0,0,0,0,0,0,0,10766,1500,11333,100)
Skill = (7,10,0,10,0,0,0,0,0,0,0,0,1800,30,30)
Skill = (8,10,0,10,0,0,0,0,0,0,0,0,1800,50,50)
Skill = (9,17,0,10,0,0,0,0,0,0,0,3872,1800,6824,50)
Skill = (10,17,0,10,0,0,0,0,0,0,0,5828,1800,6824,50)
Skill = (11,11,0,10,0,0,0,0,0,0,0,80,1500,125,50)
Skill = (12,0,2147483647,0,0,0,0,0,0,0,0,0,1000,2147483647,2147483647)
Skill = (13,31,0,10,0,0,0,0,0,0,0,1400,1100,1428,20)
Skill = (14,0,1200,0,0,0,262,0,0,0,0,0,0,0,0)
Skill = (15,0,2147483647,0,0,0,0,0,83,83,0,0,1000,2147483647,2147483647)
Skill = (16,0,2147483647,0,0,0,0,0,200,200,0,0,1000,2147483647,2147483647)
Skill = (17,0,2147483647,0,0,0,0,0,0,0,0,0,50,2147483647,2147483647)
Skill = (18,0,2147483647,0,0,0,0,0,8,8,0,0,1000,2147483647,2147483647)
Skill = (19,0,2147483647,0,0,0,0,0,0,0,0,0,1000,2147483647,2147483647)
Skill = (20,0,2147483647,0,0,0,0,0,0,0,0,0,1000,2147483647,2147483647)
Skill = (21,0,2147483647,0,0,0,0,0,0,0,0,0,1000,2147483647,2147483647)
Skill = (22,89,100,0,0,0,0,0,120,120,0,0,0,0,0)
Skill = (23,0,2147483647,0,0,0,0,0,0,0,0,0,1000,2147483647,2147483647)
Skill = (24,0,2147483647,0,0,0,0,0,0,0,0,0,1000,2147483647,2147483647)

Spells      = {1,2,3,4,5,7,8,10,16,20,25,26,27,29,38,42,45}
QuestValues = {(20,1),(21,1),(22,1),(23,1),(24,1),(32,1),(33,1),(34,1),(54,1),(60,1),(61,1),(125,1),(126,1),(223,1)}
Murders     = {}
