ID              = 11053850
Name            = "Dark Carlillos"
Race            = 1
Profession      = 4
OriginalOutfit  = 128-79-16-114-0
CurrentOutfit   = 128-79-16-114-0
LastLogin       = 1129991648
LastLogout      = 1129991719
StartPosition   = [32360,31782,7]
CurrentPosition = [33029,32123,8]
PlayerkillerEnd = 0

Skill = (0,10,0,1,0,0,0,0,0,0,1,9793,0,13000,100)
Skill = (1,3,0,0,0,0,0,0,0,0,0,68,1100,92,20)
Skill = (2,195,195,0,0,0,0,0,0,0,5,0,0,0,0)
Skill = (3,7,95,0,0,0,0,0,0,0,30,0,0,0,0)
Skill = (4,79,79,0,0,0,0,0,0,0,1,0,0,0,0)
Skill = (5,490,490,0,0,0,0,0,0,0,10,0,0,0,0)
Skill = (6,17,0,10,0,0,0,0,0,0,0,3318,1500,4925,100)
Skill = (7,10,0,10,0,0,0,0,0,0,0,9,1800,30,30)
Skill = (8,10,0,10,0,0,0,0,0,0,0,2,1800,50,50)
Skill = (9,16,0,10,0,0,0,0,0,0,0,2836,1800,3763,50)
Skill = (10,10,0,10,0,0,0,0,0,0,0,0,1800,50,50)
Skill = (11,10,0,10,0,0,0,0,0,0,0,16,1500,50,50)
Skill = (12,0,2147483647,0,0,0,0,0,0,0,0,0,1000,2147483647,2147483647)
Skill = (13,10,0,10,0,0,0,0,0,0,0,0,1100,20,20)
Skill = (14,0,1200,0,0,0,869,0,0,0,0,0,0,0,0)
Skill = (15,0,2147483647,0,0,0,6,0,42,83,0,0,1000,2147483647,2147483647)
Skill = (16,0,2147483647,0,0,0,0,0,0,0,0,0,1000,2147483647,2147483647)
Skill = (17,0,2147483647,0,0,0,0,0,3,3,0,0,50,2147483647,2147483647)
Skill = (18,0,2147483647,0,0,0,0,0,0,0,0,0,1000,2147483647,2147483647)
Skill = (19,0,2147483647,0,0,0,0,0,0,0,0,0,1000,2147483647,2147483647)
Skill = (20,0,2147483647,0,0,0,0,0,0,0,0,0,1000,2147483647,2147483647)
Skill = (21,0,2147483647,0,0,0,0,0,0,0,0,0,1000,2147483647,2147483647)
Skill = (22,100,100,0,0,0,2,0,41,120,0,0,0,0,0)
Skill = (23,0,2147483647,0,0,0,0,0,0,0,0,0,1000,2147483647,2147483647)
Skill = (24,0,2147483647,0,0,0,0,0,0,0,0,0,1000,2147483647,2147483647)

Spells      = {1,10,42}
QuestValues = {(20,1),(21,1),(22,1),(23,1),(32,1),(33,1),(34,1),(35,1),(59,1),(224,1)}
Murders     = {}
