ID              = 8379950
Name            = "Rolfalexander"
Race            = 1
Profession      = 3
OriginalOutfit  = 129-98-117-118-120
CurrentOutfit   = 129-98-117-118-120
LastLogin       = 1119029525
LastLogout      = 1119031733
StartPosition   = [32360,31782,7]
CurrentPosition = [32360,31782,7]
PlayerkillerEnd = 0

Skill = (0,13,0,1,0,0,0,0,0,0,1,24348,0,29900,100)
Skill = (1,11,0,0,0,0,0,0,0,0,0,411,1100,427,20)
Skill = (2,209,210,0,0,0,0,0,0,0,5,0,0,0,0)
Skill = (3,89,185,0,0,0,0,0,0,0,30,0,0,0,0)
Skill = (4,82,82,0,0,0,0,0,0,0,1,0,0,0,0)
Skill = (5,520,520,0,0,0,0,0,0,0,10,0,0,0,0)
Skill = (6,19,0,10,0,0,0,0,0,0,0,10503,1500,11333,100)
Skill = (7,10,0,10,0,0,0,0,0,0,0,0,2000,30,30)
Skill = (8,16,0,10,0,0,0,0,0,0,0,3893,2000,6350,50)
Skill = (9,16,0,10,0,0,0,0,0,0,0,4708,2000,6350,50)
Skill = (10,14,0,10,0,0,0,0,0,0,0,891,2000,1550,50)
Skill = (11,10,0,10,0,0,0,0,0,0,0,36,1500,50,50)
Skill = (12,0,2147483647,0,0,0,0,0,0,0,0,0,1000,2147483647,2147483647)
Skill = (13,23,0,10,0,0,0,0,0,0,0,553,1100,559,20)
Skill = (14,0,1200,0,0,0,829,0,0,0,0,0,0,0,0)
Skill = (15,0,2147483647,0,0,0,0,0,83,83,0,0,1000,2147483647,2147483647)
Skill = (16,0,2147483647,0,0,0,0,0,0,0,0,0,1000,2147483647,2147483647)
Skill = (17,0,2147483647,0,0,0,0,0,3,3,0,0,50,2147483647,2147483647)
Skill = (18,0,2147483647,0,0,0,0,0,8,8,0,0,1000,2147483647,2147483647)
Skill = (19,0,2147483647,0,0,0,0,0,0,0,0,0,1000,2147483647,2147483647)
Skill = (20,0,2147483647,0,0,0,0,0,0,0,0,0,1000,2147483647,2147483647)
Skill = (21,0,2147483647,0,0,0,0,0,0,0,0,0,1000,2147483647,2147483647)
Skill = (22,200,200,0,0,0,0,0,0,0,0,0,0,0,0)
Skill = (23,0,2147483647,0,0,0,0,0,0,0,0,0,1000,2147483647,2147483647)
Skill = (24,0,2147483647,0,0,0,0,0,0,0,0,0,1000,2147483647,2147483647)

Spells      = {1,3,8,10,20,29,30}
QuestValues = {(17,1),(20,1),(22,1),(23,1),(32,1),(33,1),(34,1),(35,1),(37,1),(54,1),(59,1),(106,1),(107,1),(223,1)}
Murders     = {}
