ID              = 8443550
Name            = "Palix Yekon"
Race            = 1
Profession      = 1
OriginalOutfit  = 129-79-0-0-76
CurrentOutfit   = 129-79-0-0-76
LastLogin       = 1118323313
LastLogout      = 1118323756
StartPosition   = [32369,32241,7]
CurrentPosition = [32369,32241,7]
PlayerkillerEnd = 0

Skill = (0,19,0,1,0,0,0,0,0,0,1,94990,0,98800,100)
Skill = (1,3,0,0,0,0,0,0,0,0,0,527,3000,800,20)
Skill = (2,350,350,0,0,0,0,0,0,0,15,0,0,0,0)
Skill = (3,73,90,0,0,0,0,0,0,0,5,0,0,0,0)
Skill = (4,88,88,0,0,0,0,0,0,0,1,0,0,0,0)
Skill = (5,745,745,0,0,0,0,0,0,0,25,0,0,0,0)
Skill = (6,46,0,10,0,0,0,0,0,0,0,30079,1100,33003,100)
Skill = (7,12,0,10,0,0,0,0,0,0,0,74,1400,130,30)
Skill = (8,14,0,10,0,0,0,0,0,0,0,297,1100,305,50)
Skill = (9,10,0,10,0,0,0,0,0,0,0,4,1100,50,50)
Skill = (10,50,0,10,0,0,0,0,0,0,0,24123,1100,24392,50)
Skill = (11,10,0,10,0,0,0,0,0,0,0,27,1100,50,50)
Skill = (12,0,2147483647,0,0,0,0,0,0,0,0,0,1000,2147483647,2147483647)
Skill = (13,41,0,10,0,0,0,0,0,0,0,3898,1100,4022,20)
Skill = (14,0,1200,0,0,0,0,0,0,0,0,0,0,0,0)
Skill = (15,0,2147483647,0,0,0,0,0,0,0,0,0,1000,2147483647,2147483647)
Skill = (16,0,2147483647,0,0,0,0,0,0,0,0,0,1000,2147483647,2147483647)
Skill = (17,0,2147483647,0,0,0,0,0,0,0,0,0,50,2147483647,2147483647)
Skill = (18,0,2147483647,0,0,0,0,0,0,0,0,0,1000,2147483647,2147483647)
Skill = (19,0,2147483647,0,0,0,0,0,0,0,0,0,1000,2147483647,2147483647)
Skill = (20,0,2147483647,0,0,0,0,0,0,0,0,0,1000,2147483647,2147483647)
Skill = (21,0,2147483647,0,0,0,0,0,0,0,0,0,1000,2147483647,2147483647)
Skill = (22,200,200,0,0,0,0,0,0,0,0,0,0,0,0)
Skill = (23,0,2147483647,0,0,0,0,0,0,0,0,0,1000,2147483647,2147483647)
Skill = (24,0,2147483647,0,0,0,0,0,0,0,0,0,1000,2147483647,2147483647)

Spells      = {1,10,29}
QuestValues = {(20,1),(21,1),(22,1),(23,1),(37,1),(59,1),(106,1),(107,1),(223,1)}
Murders     = {}
