ID              = 8671250
Name            = "Druid Lukasz Wariat"
Race            = 1
Profession      = 4
OriginalOutfit  = 130-0-83-0-83
CurrentOutfit   = 130-0-83-0-83
LastLogin       = 1117174867
LastLogout      = 1117178470
StartPosition   = [32360,31782,7]
CurrentPosition = [32360,31782,7]
PlayerkillerEnd = 0

Skill = (0,10,0,1,0,0,0,0,0,0,1,10276,0,13000,100)
Skill = (1,11,0,0,0,0,0,0,0,0,0,423,1100,427,20)
Skill = (2,143,195,0,0,0,0,0,0,0,5,0,0,0,0)
Skill = (3,24,95,0,0,0,0,0,0,0,30,0,0,0,0)
Skill = (4,79,79,0,0,0,0,0,0,0,1,0,0,0,0)
Skill = (5,490,490,0,0,0,0,0,0,0,10,0,0,0,0)
Skill = (6,17,0,10,0,0,0,0,0,0,0,4468,1500,4925,100)
Skill = (7,10,0,10,0,0,0,0,0,0,0,13,1800,30,30)
Skill = (8,16,0,10,0,0,0,0,0,0,0,3748,1800,3763,50)
Skill = (9,10,0,10,0,0,0,0,0,0,0,11,1800,50,50)
Skill = (10,10,0,10,0,0,0,0,0,0,0,0,1800,50,50)
Skill = (11,10,0,10,0,0,0,0,0,0,0,14,1500,50,50)
Skill = (12,0,2147483647,0,0,0,0,0,0,0,0,0,1000,2147483647,2147483647)
Skill = (13,40,0,10,0,0,0,0,0,0,0,3306,1100,3638,20)
Skill = (14,0,1200,0,0,0,0,0,0,0,0,0,0,0,0)
Skill = (15,0,2147483647,0,0,0,0,0,83,83,0,0,1000,2147483647,2147483647)
Skill = (16,0,2147483647,0,0,0,0,0,0,0,0,0,1000,2147483647,2147483647)
Skill = (17,0,2147483647,0,0,0,0,0,3,3,0,0,50,2147483647,2147483647)
Skill = (18,0,2147483647,0,0,0,0,0,8,8,0,0,1000,2147483647,2147483647)
Skill = (19,0,2147483647,0,0,0,0,0,10,10,0,0,1000,2147483647,2147483647)
Skill = (20,0,2147483647,0,0,0,0,0,0,0,0,0,1000,2147483647,2147483647)
Skill = (21,0,2147483647,0,0,0,0,0,0,0,0,0,1000,2147483647,2147483647)
Skill = (22,200,200,0,0,0,0,0,0,0,0,0,0,0,0)
Skill = (23,0,2147483647,0,0,0,0,0,0,0,0,0,1000,2147483647,2147483647)
Skill = (24,0,2147483647,0,0,0,0,0,0,0,0,0,1000,2147483647,2147483647)

Spells      = {1,4,8,10,30}
QuestValues = {(20,1),(21,1),(22,1),(23,1),(59,1),(60,1),(61,1),(113,1),(114,1),(223,1)}
Murders     = {}
