ID              = 8688050
Name            = "Kamy Puni"
Race            = 1
Profession      = 4
OriginalOutfit  = 139-113-113-113-113
CurrentOutfit   = 139-113-113-113-113
LastLogin       = 1131968169
LastLogout      = 1131968502
StartPosition   = [32649,31925,11]
CurrentPosition = [32649,31917,8]
PlayerkillerEnd = 1133634548

Skill = (0,11,0,1,0,0,0,0,0,0,1,15264,0,17600,100)
Skill = (1,29,0,0,0,0,0,0,0,0,0,3202,1100,3289,20)
Skill = (2,200,200,0,0,0,0,0,0,0,5,0,0,0,0)
Skill = (3,125,125,0,0,0,0,0,0,0,30,0,0,0,0)
Skill = (4,80,80,0,0,0,0,0,0,0,1,0,0,0,0)
Skill = (5,500,500,0,0,0,0,0,0,0,10,0,0,0,0)
Skill = (6,20,0,10,0,0,0,0,0,0,0,15685,1500,17099,100)
Skill = (7,10,0,10,0,0,0,0,0,0,0,9,1800,30,30)
Skill = (8,20,0,10,0,0,0,0,0,0,0,34827,1800,40105,50)
Skill = (9,10,0,10,0,0,0,0,0,0,0,36,1800,50,50)
Skill = (10,10,0,10,0,0,0,0,0,0,0,14,1800,50,50)
Skill = (11,14,0,10,0,0,0,0,0,0,0,418,1500,659,50)
Skill = (12,0,2147483647,0,0,0,0,0,0,0,0,0,1000,2147483647,2147483647)
Skill = (13,47,0,10,0,0,0,0,0,0,0,6745,1100,7280,20)
Skill = (14,0,1200,0,0,0,0,0,0,0,0,0,0,0,0)
Skill = (15,0,2147483647,0,0,0,0,0,0,0,0,0,1000,2147483647,2147483647)
Skill = (16,0,2147483647,0,0,0,0,0,0,0,0,0,1000,2147483647,2147483647)
Skill = (17,0,2147483647,0,0,0,0,0,0,0,0,0,50,2147483647,2147483647)
Skill = (18,0,2147483647,0,0,0,0,0,0,0,0,0,1000,2147483647,2147483647)
Skill = (19,0,2147483647,0,0,0,0,0,0,0,0,0,1000,2147483647,2147483647)
Skill = (20,0,2147483647,0,0,0,0,0,0,0,0,0,1000,2147483647,2147483647)
Skill = (21,0,2147483647,0,0,0,0,0,0,0,0,0,1000,2147483647,2147483647)
Skill = (22,37,100,0,0,0,0,0,0,0,0,0,0,0,0)
Skill = (23,0,2147483647,0,0,0,0,0,0,0,0,0,1000,2147483647,2147483647)
Skill = (24,0,2147483647,0,0,0,0,0,0,0,0,0,1000,2147483647,2147483647)

Spells      = {1,3,5,8,10,16,17,18,20,29,42,45}
QuestValues = {(18,1),(27,1),(96,1),(97,1),(98,1)}
Murders     = {1129962946,1129966701,1130529208,1130892048,1130984869,1131021408,1131042548}
