ID              = 8693950
Name            = "Janek Dzi"
Race            = 1
Profession      = 1
OriginalOutfit  = 130-89-0-88-0
CurrentOutfit   = 130-89-0-88-0
LastLogin       = 1118905515
LastLogout      = 1118905845
StartPosition   = [32369,32241,7]
CurrentPosition = [32369,32241,7]
PlayerkillerEnd = 0

Skill = (0,12,0,1,0,0,0,0,0,0,1,19832,0,23200,100)
Skill = (1,2,0,0,0,0,0,0,0,0,0,120,3000,260,20)
Skill = (2,245,245,0,0,0,0,0,0,0,15,0,0,0,0)
Skill = (3,5,55,0,0,0,0,0,0,0,5,0,0,0,0)
Skill = (4,81,81,0,0,0,0,0,0,0,1,0,0,0,0)
Skill = (5,570,570,0,0,0,0,0,0,0,25,0,0,0,0)
Skill = (6,35,0,10,0,0,0,0,0,0,0,10669,1100,10918,100)
Skill = (7,10,0,10,0,0,0,0,0,0,0,1,1400,30,30)
Skill = (8,40,0,10,0,0,0,0,0,0,0,8902,1100,9097,50)
Skill = (9,12,0,10,0,0,0,0,0,0,0,130,1100,165,50)
Skill = (10,10,0,10,0,0,0,0,0,0,0,0,1100,50,50)
Skill = (11,10,0,10,0,0,0,0,0,0,0,13,1100,50,50)
Skill = (12,0,2147483647,0,0,0,0,0,0,0,0,0,1000,2147483647,2147483647)
Skill = (13,37,0,10,0,0,0,0,0,0,0,2622,1100,2684,20)
Skill = (14,0,1200,0,0,0,0,0,0,0,0,0,0,0,0)
Skill = (15,0,2147483647,0,0,0,0,0,0,0,0,0,1000,2147483647,2147483647)
Skill = (16,0,2147483647,0,0,0,0,0,0,0,0,0,1000,2147483647,2147483647)
Skill = (17,0,2147483647,0,0,0,0,0,0,0,0,0,50,2147483647,2147483647)
Skill = (18,0,2147483647,0,0,0,0,0,0,0,0,0,1000,2147483647,2147483647)
Skill = (19,0,2147483647,0,0,0,0,0,0,0,0,0,1000,2147483647,2147483647)
Skill = (20,0,2147483647,0,0,0,0,0,0,0,0,0,1000,2147483647,2147483647)
Skill = (21,0,2147483647,0,0,0,0,0,0,0,0,0,1000,2147483647,2147483647)
Skill = (22,200,200,0,0,0,0,0,0,0,0,0,0,0,0)
Skill = (23,0,2147483647,0,0,0,0,0,0,0,0,0,1000,2147483647,2147483647)
Skill = (24,0,2147483647,0,0,0,0,0,0,0,0,0,1000,2147483647,2147483647)

Spells      = {1,10,29}
QuestValues = {(18,1),(20,1),(21,1),(22,1),(23,1),(28,1),(29,1),(30,1),(35,1),(59,1),(224,1)}
Murders     = {}
