ID              = 8713950
Name            = "Typhoeux"
Race            = 1
Profession      = 12
OriginalOutfit  = 134-97-17-51-16
CurrentOutfit   = 134-97-17-51-16
LastLogin       = 1132005406
LastLogout      = 1132005837
StartPosition   = [32369,32241,7]
CurrentPosition = [32357,32084,7]
PlayerkillerEnd = 0

Skill = (0,30,0,1,0,0,0,0,0,0,1,399158,0,409000,100)
Skill = (1,12,0,0,0,0,0,0,0,0,0,3203,1400,3918,20)
Skill = (2,385,405,0,0,0,0,0,0,0,10,0,0,0,0)
Skill = (3,40,365,0,0,0,0,0,0,0,15,0,0,0,0)
Skill = (4,99,99,0,0,0,0,0,0,0,1,0,0,0,0)
Skill = (5,910,910,0,0,0,0,0,0,0,20,0,0,0,0)
Skill = (6,41,0,10,0,0,0,0,0,0,0,19338,1100,20113,100)
Skill = (7,63,0,10,0,0,0,0,0,0,0,48679,1100,51261,30)
Skill = (8,13,0,10,0,0,0,0,0,0,0,205,1200,268,50)
Skill = (9,13,0,10,0,0,0,0,0,0,0,259,1200,268,50)
Skill = (10,10,0,10,0,0,0,0,0,0,0,1,1200,50,50)
Skill = (11,16,0,10,0,0,0,0,0,0,0,625,1200,645,50)
Skill = (12,0,2147483647,0,0,0,0,0,0,0,0,0,1000,2147483647,2147483647)
Skill = (13,37,0,10,0,0,0,0,0,0,0,2471,1100,2684,20)
Skill = (14,0,1200,0,0,0,1001,0,0,0,0,0,0,0,0)
Skill = (15,0,2147483647,0,0,0,0,0,83,83,0,0,1000,2147483647,2147483647)
Skill = (16,0,2147483647,0,0,0,0,0,0,0,0,0,1000,2147483647,2147483647)
Skill = (17,0,2147483647,0,0,0,0,0,3,3,0,0,50,2147483647,2147483647)
Skill = (18,0,2147483647,0,0,0,0,0,8,8,0,0,1000,2147483647,2147483647)
Skill = (19,0,2147483647,0,0,0,0,0,0,0,0,0,1000,2147483647,2147483647)
Skill = (20,0,2147483647,0,0,0,0,0,0,0,0,0,1000,2147483647,2147483647)
Skill = (21,0,2147483647,0,0,0,0,0,0,0,0,0,1000,2147483647,2147483647)
Skill = (22,100,100,0,0,0,0,0,120,120,0,0,0,0,0)
Skill = (23,0,2147483647,0,0,0,0,0,0,0,0,0,1000,2147483647,2147483647)
Skill = (24,0,2147483647,0,0,0,0,0,0,0,0,0,1000,2147483647,2147483647)

Spells      = {2,3,6,10,20,29,42,49,51,76,79,81}
QuestValues = {(46,1),(55,1),(96,1),(97,1),(98,1),(109,1),(140,1),(141,1),(190,1),(191,1),(208,1),(257,1),(269,1)}
Murders     = {1130268281,1130268933}
