ID              = 9074350
Name            = "Darker Goddness"
Race            = 1
Profession      = 2
OriginalOutfit  = 128-114-0-79-114
CurrentOutfit   = 128-114-0-79-114
LastLogin       = 1130692638
LastLogout      = 1130696512
StartPosition   = [32957,32076,7]
CurrentPosition = [32681,31690,7]
PlayerkillerEnd = 0

Skill = (0,48,0,1,0,0,0,0,0,0,1,1634254,0,1734400,100)
Skill = (1,14,0,0,0,0,0,0,0,0,0,7239,1400,7728,20)
Skill = (2,585,585,0,0,0,0,0,0,0,10,0,0,0,0)
Skill = (3,607,635,0,0,0,0,0,0,0,15,0,0,0,0)
Skill = (4,117,117,0,0,0,0,0,0,0,1,0,0,0,0)
Skill = (5,1270,1270,0,0,0,0,0,0,0,20,0,0,0,0)
Skill = (6,38,0,10,0,0,0,0,0,0,0,13788,1100,14863,100)
Skill = (7,75,0,10,0,0,0,0,0,0,0,150621,1100,161522,30)
Skill = (8,20,0,10,0,0,0,0,0,0,0,1310,1200,1607,50)
Skill = (9,13,0,10,0,0,0,0,0,0,0,201,1200,268,50)
Skill = (10,10,0,10,0,0,0,0,0,0,0,0,1200,50,50)
Skill = (11,14,0,10,0,0,0,0,0,0,0,323,1200,372,50)
Skill = (12,0,2147483647,0,0,0,0,0,0,0,0,0,1000,2147483647,2147483647)
Skill = (13,22,0,10,0,0,0,0,0,0,0,447,1100,490,20)
Skill = (14,0,1200,0,0,0,940,0,0,0,0,0,0,0,0)
Skill = (15,0,2147483647,0,0,0,0,0,125,125,0,0,1000,2147483647,2147483647)
Skill = (16,0,2147483647,0,0,0,0,0,0,0,0,0,1000,2147483647,2147483647)
Skill = (17,0,2147483647,0,0,0,0,0,0,0,0,0,50,2147483647,2147483647)
Skill = (18,0,2147483647,0,0,0,0,0,8,8,0,0,1000,2147483647,2147483647)
Skill = (19,0,2147483647,0,0,0,0,0,0,0,0,0,1000,2147483647,2147483647)
Skill = (20,0,2147483647,0,0,0,0,0,3,3,0,0,1000,2147483647,2147483647)
Skill = (21,0,2147483647,0,0,0,0,0,0,0,0,0,1000,2147483647,2147483647)
Skill = (22,26,100,0,0,0,0,0,120,120,0,0,0,0,0)
Skill = (23,0,2147483647,0,0,0,0,0,0,0,0,0,1000,2147483647,2147483647)
Skill = (24,0,2147483647,0,0,0,0,0,0,0,0,0,1000,2147483647,2147483647)

Spells      = {1,3,8,10,11,20,29,42,44,51}
QuestValues = {(21,1),(22,1),(23,1),(59,1),(77,1),(78,1),(129,1),(130,1),(131,1),(132,1),(133,1),(137,1),(151,1),(152,1),(153,1),(190,1),(191,1),(200,1),(201,1),(202,1),(224,1)}
Murders     = {}
