ID              = 9329350
Name            = "Indio salvaje"
Race            = 1
Profession      = 2
OriginalOutfit  = 129-39-22-42-76
CurrentOutfit   = 129-39-22-42-76
LastLogin       = 1129953563
LastLogout      = 1129953853
StartPosition   = [32732,31634,7]
CurrentPosition = [32518,31876,9]
PlayerkillerEnd = 0

Skill = (0,15,0,1,0,0,0,0,0,0,1,43041,0,47000,100)
Skill = (1,7,0,0,0,0,0,0,0,0,0,597,1400,687,20)
Skill = (2,201,255,0,0,0,0,0,0,0,10,0,0,0,0)
Skill = (3,140,140,0,0,0,0,0,0,0,15,0,0,0,0)
Skill = (4,84,84,0,0,0,0,0,0,0,1,0,0,0,0)
Skill = (5,610,610,0,0,0,0,0,0,0,20,0,0,0,0)
Skill = (6,39,0,10,0,0,0,0,0,0,0,15628,1100,16449,100)
Skill = (7,29,0,10,0,0,0,0,0,0,0,1709,1100,1718,30)
Skill = (8,31,0,10,0,0,0,0,0,0,0,12681,1200,13551,50)
Skill = (9,11,0,10,0,0,0,0,0,0,0,93,1200,109,50)
Skill = (10,10,0,10,0,0,0,0,0,0,0,0,1200,50,50)
Skill = (11,12,0,10,0,0,0,0,0,0,0,140,1200,181,50)
Skill = (12,0,2147483647,0,0,0,0,0,0,0,0,0,1000,2147483647,2147483647)
Skill = (13,38,0,10,0,0,0,0,0,0,0,2717,1100,2972,20)
Skill = (14,0,1200,0,0,0,576,0,0,0,0,0,0,0,0)
Skill = (15,0,2147483647,0,0,0,0,0,0,0,0,0,1000,2147483647,2147483647)
Skill = (16,0,2147483647,0,0,0,0,0,0,0,0,0,1000,2147483647,2147483647)
Skill = (17,0,2147483647,0,0,0,0,0,3,3,0,0,50,2147483647,2147483647)
Skill = (18,0,2147483647,0,0,0,0,0,8,8,0,0,1000,2147483647,2147483647)
Skill = (19,0,2147483647,0,0,0,0,0,10,10,0,0,1000,2147483647,2147483647)
Skill = (20,0,2147483647,0,0,0,0,0,0,0,0,0,1000,2147483647,2147483647)
Skill = (21,0,2147483647,0,0,0,0,0,0,0,0,0,1000,2147483647,2147483647)
Skill = (22,100,100,0,0,0,1,0,96,120,0,0,0,0,0)
Skill = (23,0,2147483647,0,0,0,0,0,0,0,0,0,1000,2147483647,2147483647)
Skill = (24,0,2147483647,0,0,0,0,0,0,0,0,0,1000,2147483647,2147483647)

Spells      = {1,2,8,10,20,30,42,51}
QuestValues = {(22,1),(23,1),(125,1),(126,1)}
Murders     = {}
