ID              = 10766501
Name            = "Deathmaster of Zanera"
Race            = 1
Profession      = 2
OriginalOutfit  = 137-88-19-88-114
CurrentOutfit   = 137-88-19-88-114
LastLogin       = 1131309197
LastLogout      = 1131309288
StartPosition   = [32369,32241,7]
CurrentPosition = [32352,32230,7]
PlayerkillerEnd = 0

Skill = (0,9,0,1,0,0,0,0,0,0,1,7354,0,9300,100)
Skill = (1,4,0,0,0,0,0,0,0,0,0,146,1400,218,20)
Skill = (2,195,195,0,0,0,0,0,0,0,10,0,0,0,0)
Skill = (3,50,50,0,0,0,0,0,0,0,15,0,0,0,0)
Skill = (4,78,78,0,0,0,0,0,0,0,1,0,0,0,0)
Skill = (5,490,490,0,0,0,0,0,0,0,20,0,0,0,0)
Skill = (6,12,0,10,0,0,0,0,0,0,0,227,1100,331,100)
Skill = (7,30,0,10,0,0,0,0,0,0,0,1765,1100,1920,30)
Skill = (8,14,0,10,0,0,0,0,0,0,0,291,1200,372,50)
Skill = (9,10,0,10,0,0,0,0,0,0,0,33,1200,50,50)
Skill = (10,10,0,10,0,0,0,0,0,0,0,13,1200,50,50)
Skill = (11,11,0,10,0,0,0,0,0,0,0,89,1200,109,50)
Skill = (12,0,2147483647,0,0,0,0,0,0,0,0,0,1000,2147483647,2147483647)
Skill = (13,11,0,10,0,0,0,0,0,0,0,34,1100,42,20)
Skill = (14,0,1200,0,0,0,0,0,0,0,0,0,0,0,0)
Skill = (15,0,2147483647,0,0,0,0,0,0,0,0,0,1000,2147483647,2147483647)
Skill = (16,0,2147483647,0,0,0,0,0,0,0,0,0,1000,2147483647,2147483647)
Skill = (17,0,2147483647,0,0,0,0,0,0,0,0,0,50,2147483647,2147483647)
Skill = (18,0,2147483647,0,0,0,0,0,0,0,0,0,1000,2147483647,2147483647)
Skill = (19,0,2147483647,0,0,0,0,0,0,0,0,0,1000,2147483647,2147483647)
Skill = (20,0,2147483647,0,0,0,0,0,0,0,0,0,1000,2147483647,2147483647)
Skill = (21,0,2147483647,0,0,0,0,0,0,0,0,0,1000,2147483647,2147483647)
Skill = (22,100,100,0,0,0,0,0,0,0,0,0,0,0,0)
Skill = (23,0,2147483647,0,0,0,0,0,0,0,0,0,1000,2147483647,2147483647)
Skill = (24,0,2147483647,0,0,0,0,0,0,0,0,0,1000,2147483647,2147483647)

Spells      = {1,2,8,10,29,42,44,51}
QuestValues = {(20,1),(21,1),(23,1),(32,1),(33,1),(34,1)}
Murders     = {}
