ID              = 10971501
Name            = "Siri Nekius"
Race            = 1
Profession      = 1
OriginalOutfit  = 129-0-89-0-38
CurrentOutfit   = 129-0-89-0-38
LastLogin       = 1132080447
LastLogout      = 1132080486
StartPosition   = [32360,31782,7]
CurrentPosition = [32679,31685,8]
PlayerkillerEnd = 0

Skill = (0,10,0,1,0,0,0,0,0,0,1,10888,0,13000,100)
Skill = (1,1,0,0,0,0,0,0,0,0,0,35,3000,80,20)
Skill = (2,152,215,0,0,0,0,0,0,0,15,0,0,0,0)
Skill = (3,28,45,0,0,0,0,0,0,0,5,0,0,0,0)
Skill = (4,79,79,0,0,0,0,0,0,0,1,0,0,0,0)
Skill = (5,520,520,0,0,0,0,0,0,0,25,0,0,0,0)
Skill = (6,24,0,10,0,0,0,0,0,0,0,3086,1100,3177,100)
Skill = (7,10,0,10,0,0,0,0,0,0,0,1,1400,30,30)
Skill = (8,13,0,10,0,0,0,0,0,0,0,202,1100,232,50)
Skill = (9,21,0,10,0,0,0,0,0,0,0,983,1100,1069,50)
Skill = (10,25,0,10,0,0,0,0,0,0,0,1680,1100,1797,50)
Skill = (11,10,0,10,0,0,0,0,0,0,0,15,1100,50,50)
Skill = (12,0,2147483647,0,0,0,0,0,0,0,0,0,1000,2147483647,2147483647)
Skill = (13,10,0,10,0,0,0,0,0,0,0,0,1100,20,20)
Skill = (14,0,1200,0,0,0,0,0,0,0,0,0,0,0,0)
Skill = (15,0,2147483647,0,0,0,0,0,83,83,0,0,1000,2147483647,2147483647)
Skill = (16,0,2147483647,0,0,0,0,0,0,0,0,0,1000,2147483647,2147483647)
Skill = (17,0,2147483647,0,0,0,0,0,3,3,0,0,50,2147483647,2147483647)
Skill = (18,0,2147483647,0,0,0,0,0,8,8,0,0,1000,2147483647,2147483647)
Skill = (19,0,2147483647,0,0,0,0,0,0,0,0,0,1000,2147483647,2147483647)
Skill = (20,0,2147483647,0,0,0,0,0,0,0,0,0,1000,2147483647,2147483647)
Skill = (21,0,2147483647,0,0,0,0,0,0,0,0,0,1000,2147483647,2147483647)
Skill = (22,100,100,0,0,0,0,0,120,120,0,0,0,0,0)
Skill = (23,0,2147483647,0,0,0,0,0,0,0,0,0,1000,2147483647,2147483647)
Skill = (24,0,2147483647,0,0,0,0,0,0,0,0,0,1000,2147483647,2147483647)

Spells      = {10}
QuestValues = {(19,1),(20,1),(21,1),(22,1),(23,1),(32,1),(33,1),(58,1),(60,1)}
Murders     = {1131153499}
