ID              = 11086801
Name            = "Lord Hazzard"
Race            = 1
Profession      = 2
OriginalOutfit  = 129-82-82-82-83
CurrentOutfit   = 129-82-82-82-83
LastLogin       = 1131825558
LastLogout      = 1131825601
StartPosition   = [32360,31782,7]
CurrentPosition = [32334,31780,6]
PlayerkillerEnd = 0

Skill = (0,11,0,1,0,0,0,0,0,0,1,14649,0,17600,100)
Skill = (1,4,0,0,0,0,0,0,0,0,0,147,1400,218,20)
Skill = (2,215,215,0,0,0,0,0,0,0,10,0,0,0,0)
Skill = (3,80,80,0,0,0,0,0,0,0,15,0,0,0,0)
Skill = (4,80,80,0,0,0,0,0,0,0,1,0,0,0,0)
Skill = (5,530,530,0,0,0,0,0,0,0,20,0,0,0,0)
Skill = (6,19,0,10,0,0,0,0,0,0,0,1394,1100,1593,100)
Skill = (7,33,0,10,0,0,0,0,0,0,0,2646,1100,2654,30)
Skill = (8,14,0,10,0,0,0,0,0,0,0,321,1200,372,50)
Skill = (9,10,0,10,0,0,0,0,0,0,0,25,1200,50,50)
Skill = (10,22,0,10,0,0,0,0,0,0,0,2248,1200,2424,50)
Skill = (11,14,0,10,0,0,0,0,0,0,0,321,1200,372,50)
Skill = (12,0,2147483647,0,0,0,0,0,0,0,0,0,1000,2147483647,2147483647)
Skill = (13,11,0,10,0,0,0,0,0,0,0,23,1100,42,20)
Skill = (14,0,1200,0,0,0,0,0,0,0,0,0,0,0,0)
Skill = (15,0,2147483647,0,0,0,0,0,0,0,0,0,1000,2147483647,2147483647)
Skill = (16,0,2147483647,0,0,0,0,0,0,0,0,0,1000,2147483647,2147483647)
Skill = (17,0,2147483647,0,0,0,0,0,0,0,0,0,50,2147483647,2147483647)
Skill = (18,0,2147483647,0,0,0,0,0,0,0,0,0,1000,2147483647,2147483647)
Skill = (19,0,2147483647,0,0,0,0,0,0,0,0,0,1000,2147483647,2147483647)
Skill = (20,0,2147483647,0,0,0,0,0,0,0,0,0,1000,2147483647,2147483647)
Skill = (21,0,2147483647,0,0,0,0,0,0,0,0,0,1000,2147483647,2147483647)
Skill = (22,100,100,0,0,0,0,0,0,0,0,0,0,0,0)
Skill = (23,0,2147483647,0,0,0,0,0,0,0,0,0,1000,2147483647,2147483647)
Skill = (24,0,2147483647,0,0,0,0,0,0,0,0,0,1000,2147483647,2147483647)

Spells      = {10,51}
QuestValues = {(35,1),(59,1)}
Murders     = {}
