ID              = 7955301
Name            = "Ojos Saint"
Race            = 1
Profession      = 13
OriginalOutfit  = 128-114-114-114-78
CurrentOutfit   = 128-114-114-114-78
LastLogin       = 1132119519
LastLogout      = 1132120054
StartPosition   = [32360,31782,7]
CurrentPosition = [33223,31851,6]
PlayerkillerEnd = 0

Skill = (0,104,0,1,0,0,0,0,0,0,1,18136567,0,18220800,100)
Skill = (1,64,0,0,0,0,0,0,0,0,0,90320,1100,97874,20)
Skill = (2,665,665,0,0,0,0,0,0,0,5,0,0,0,0)
Skill = (3,1728,2915,0,0,0,0,0,0,0,30,0,0,0,0)
Skill = (4,173,173,0,20,0,0,0,10,10,1,0,0,0,0)
Skill = (5,1430,1430,0,0,0,0,0,0,0,10,0,0,0,0)
Skill = (6,25,0,10,0,0,0,0,0,0,0,103202,1500,131168,100)
Skill = (7,14,0,10,0,0,0,0,0,0,0,686,2000,930,30)
Skill = (8,16,0,10,0,0,0,0,0,0,0,3308,2000,6350,50)
Skill = (9,20,0,10,0,0,0,0,0,0,0,62655,2000,102350,50)
Skill = (10,15,0,10,0,0,0,0,0,0,0,1641,2000,3150,50)
Skill = (11,14,0,10,0,0,0,0,0,0,0,606,1500,659,50)
Skill = (12,0,2147483647,0,0,0,0,0,0,0,0,0,1000,2147483647,2147483647)
Skill = (13,64,0,10,0,0,0,0,0,0,0,36663,1100,37611,20)
Skill = (14,0,1200,0,0,0,41,0,0,0,0,0,0,0,0)
Skill = (15,0,2147483647,0,0,0,0,0,0,0,0,0,1000,2147483647,2147483647)
Skill = (16,0,2147483647,0,0,0,0,0,200,200,0,0,1000,2147483647,2147483647)
Skill = (17,0,2147483647,0,0,0,0,0,0,0,0,0,50,2147483647,2147483647)
Skill = (18,0,2147483647,0,0,0,0,0,8,8,0,0,1000,2147483647,2147483647)
Skill = (19,0,2147483647,0,0,0,0,0,0,0,0,0,1000,2147483647,2147483647)
Skill = (20,0,2147483647,0,0,0,0,0,0,0,0,0,1000,2147483647,2147483647)
Skill = (21,0,2147483647,0,0,0,0,0,200,200,0,0,1000,2147483647,2147483647)
Skill = (22,200,200,0,0,0,0,0,15,15,0,0,0,0,0)
Skill = (23,0,2147483647,0,0,0,0,0,0,0,0,0,1000,2147483647,2147483647)
Skill = (24,0,2147483647,0,0,0,0,0,0,0,0,0,1000,2147483647,2147483647)

Spells      = {1,2,3,6,8,9,11,13,16,17,18,20,21,22,23,24,27,29,30,38,39,44,45,76,81,83,86,87,88}
QuestValues = {(1,4),(2,6),(3,1),(4,1),(5,1),(6,1),(7,1),(8,1),(9,1),(10,1),(11,1),(12,1),(14,1),(15,1),(16,1),(19,1),(20,1),(21,1),(22,1),(23,1),(27,1),(31,1),(32,1),(33,1),(34,1),(36,1),(37,1),(41,1),(42,1),(43,1),(44,1),(50,1),(62,2),(63,1),(64,1),(67,1),(68,1),(69,1),(72,1),(73,1),(74,1),(76,1),(77,1),(78,1),(84,1),(85,1),(86,1),(87,1),(96,1),(97,1),(106,1),(107,1),(110,1),(111,1),(112,1),(122,1),(123,1),(124,1),(127,1),(131,1),(133,1),(135,1),(136,1),(137,1),(143,1),(151,1),(152,1),(154,1),(156,1),(157,1),(158,1),(159,1),(160,1),(161,1),(162,1),(163,1),(166,1),(167,1),(168,1),(169,1),(170,1),(171,1),(172,1),(174,1),(176,1),(177,1),(178,1),(179,1),(180,1),(181,1),(183,1),(184,1),(185,1),(186,1),(187,1),(188,1),(189,1),(190,1),(191,1),(193,1),(194,1),(195,1),(196,1),(197,1),(198,1),(200,1),(201,1),(202,1),(205,1),(208,1),(209,1),(211,4),(216,1),(218,1),(222,1),(225,1),(227,5),(228,2),(229,3),(230,21),(231,2),(232,1),(233,10),(234,7),(235,1),(236,1),(237,1),(238,1),(239,1),(240,1),(241,1),(242,1),(243,1),(244,2),(245,2),(246,1),(247,1),(248,1),(249,5),(250,5),(251,1),(253,1),(254,1),(257,1),(258,1),(278,2),(279,1),(280,2),(281,2),(282,2),(283,3),(284,1)}
Murders     = {1130655978,1130656800,1131088593}
