ID              = 8845301
Name            = "Thaz Deaviell"
Race            = 1
Profession      = 4
OriginalOutfit  = 129-69-69-58-76
CurrentOutfit   = 129-69-69-58-76
LastLogin       = 1130569257
LastLogout      = 1130569499
StartPosition   = [32369,32241,7]
CurrentPosition = [32368,32222,7]
PlayerkillerEnd = 0

Skill = (0,8,0,1,0,0,0,0,0,0,1,4749,0,6400,100)
Skill = (1,0,0,0,0,0,0,0,0,0,0,1,1100,20,20)
Skill = (2,109,185,0,0,0,0,0,0,0,5,0,0,0,0)
Skill = (3,35,35,0,0,0,0,0,0,0,30,0,0,0,0)
Skill = (4,77,77,0,0,0,0,0,0,0,1,0,0,0,0)
Skill = (5,470,470,0,0,0,0,0,0,0,10,0,0,0,0)
Skill = (6,16,0,10,0,0,0,0,0,0,0,3189,1500,3217,100)
Skill = (7,10,0,10,0,0,0,0,0,0,0,0,1800,30,30)
Skill = (8,10,0,10,0,0,0,0,0,0,0,0,1800,50,50)
Skill = (9,16,0,10,0,0,0,0,0,0,0,2649,1800,3763,50)
Skill = (10,10,0,10,0,0,0,0,0,0,0,0,1800,50,50)
Skill = (11,10,0,10,0,0,0,0,0,0,0,10,1500,50,50)
Skill = (12,0,2147483647,0,0,0,0,0,0,0,0,0,1000,2147483647,2147483647)
Skill = (13,10,0,10,0,0,0,0,0,0,0,0,1100,20,20)
Skill = (14,0,1200,0,0,0,0,0,0,0,0,0,0,0,0)
Skill = (15,0,2147483647,0,0,0,0,0,0,0,0,0,1000,2147483647,2147483647)
Skill = (16,0,2147483647,0,0,0,0,0,0,0,0,0,1000,2147483647,2147483647)
Skill = (17,0,2147483647,0,0,0,0,0,3,3,0,0,50,2147483647,2147483647)
Skill = (18,0,2147483647,0,0,0,0,0,8,8,0,0,1000,2147483647,2147483647)
Skill = (19,0,2147483647,0,0,0,0,0,0,0,0,0,1000,2147483647,2147483647)
Skill = (20,0,2147483647,0,0,0,0,0,0,0,0,0,1000,2147483647,2147483647)
Skill = (21,0,2147483647,0,0,0,0,0,0,0,0,0,1000,2147483647,2147483647)
Skill = (22,100,100,0,0,0,0,0,0,0,0,0,0,0,0)
Skill = (23,0,2147483647,0,0,0,0,0,0,0,0,0,1000,2147483647,2147483647)
Skill = (24,0,2147483647,0,0,0,0,0,0,0,0,0,1000,2147483647,2147483647)

Spells      = {42}
QuestValues = {(58,1)}
Murders     = {}
