ID              = 9287501
Name            = "Thak Shalkan"
Race            = 1
Profession      = 1
OriginalOutfit  = 129-114-114-114-114
CurrentOutfit   = 129-114-114-114-114
LastLogin       = 1132071286
LastLogout      = 1132071924
StartPosition   = [32360,31782,7]
CurrentPosition = [32403,31728,9]
PlayerkillerEnd = 0

Skill = (0,14,0,1,0,0,0,0,0,0,1,35366,0,37800,100)
Skill = (1,2,0,0,0,0,0,0,0,0,0,156,3000,260,20)
Skill = (2,228,265,0,0,0,0,0,0,0,15,0,0,0,0)
Skill = (3,51,65,0,0,0,0,0,0,0,5,0,0,0,0)
Skill = (4,83,83,0,0,0,0,0,0,0,1,0,0,0,0)
Skill = (5,605,605,0,0,0,0,0,0,0,25,0,0,0,0)
Skill = (6,17,0,10,0,0,0,0,0,0,0,995,1100,1143,100)
Skill = (7,11,0,10,0,0,0,0,0,0,0,37,1400,71,30)
Skill = (8,12,0,10,0,0,0,0,0,0,0,158,1100,165,50)
Skill = (9,11,0,10,0,0,0,0,0,0,0,102,1100,105,50)
Skill = (10,31,0,10,0,0,0,0,0,0,0,3532,1100,3570,50)
Skill = (11,10,0,10,0,0,0,0,0,0,0,17,1100,50,50)
Skill = (12,0,2147483647,0,0,0,0,0,0,0,0,0,1000,2147483647,2147483647)
Skill = (13,10,0,10,0,0,0,0,0,0,0,0,1100,20,20)
Skill = (14,0,1200,0,0,0,0,0,0,0,0,0,0,0,0)
Skill = (15,0,2147483647,0,0,0,0,0,0,0,0,0,1000,2147483647,2147483647)
Skill = (16,0,2147483647,0,0,0,0,0,0,0,0,0,1000,2147483647,2147483647)
Skill = (17,0,2147483647,0,0,0,0,0,3,3,0,0,50,2147483647,2147483647)
Skill = (18,0,2147483647,0,0,0,0,0,8,8,0,0,1000,2147483647,2147483647)
Skill = (19,0,2147483647,0,0,0,0,0,0,0,0,0,1000,2147483647,2147483647)
Skill = (20,0,2147483647,0,0,0,0,0,0,0,0,0,1000,2147483647,2147483647)
Skill = (21,0,2147483647,0,0,0,0,0,0,0,0,0,1000,2147483647,2147483647)
Skill = (22,100,100,0,0,0,2,0,4,120,0,0,0,0,0)
Skill = (23,0,2147483647,0,0,0,0,0,0,0,0,0,1000,2147483647,2147483647)
Skill = (24,0,2147483647,0,0,0,0,0,0,0,0,0,1000,2147483647,2147483647)

Spells      = {1,10,20}
QuestValues = {(60,1),(61,1),(125,1),(126,1),(223,1)}
Murders     = {}
