ID              = 9476101
Name            = "Silex Akas"
Race            = 1
Profession      = 4
OriginalOutfit  = 128-1-21-40-59
CurrentOutfit   = 128-1-21-40-59
LastLogin       = 1131328918
LastLogout      = 1131328964
StartPosition   = [32649,31925,11]
CurrentPosition = [32651,31901,9]
PlayerkillerEnd = 0

Skill = (0,8,0,1,0,0,0,0,0,0,1,4553,0,6400,100)
Skill = (1,1,0,0,0,0,0,0,0,0,0,25,1100,42,20)
Skill = (2,185,185,0,0,0,0,0,0,0,5,0,0,0,0)
Skill = (3,35,35,0,0,0,0,0,0,0,30,0,0,0,0)
Skill = (4,77,77,0,0,0,0,0,0,0,1,0,0,0,0)
Skill = (5,470,470,0,0,0,0,0,0,0,10,0,0,0,0)
Skill = (6,16,0,10,0,0,0,0,0,0,0,3111,1500,3217,100)
Skill = (7,13,0,10,0,0,0,0,0,0,0,250,1800,356,30)
Skill = (8,11,0,10,0,0,0,0,0,0,0,131,1800,140,50)
Skill = (9,15,0,10,0,0,0,0,0,0,0,1954,1800,2063,50)
Skill = (10,13,0,10,0,0,0,0,0,0,0,449,1800,593,50)
Skill = (11,11,0,10,0,0,0,0,0,0,0,100,1500,125,50)
Skill = (12,0,2147483647,0,0,0,0,0,0,0,0,0,1000,2147483647,2147483647)
Skill = (13,14,0,10,0,0,0,0,0,0,0,112,1100,122,20)
Skill = (14,0,1200,0,0,0,225,0,0,0,0,0,0,0,0)
Skill = (15,0,2147483647,0,0,0,0,0,0,0,0,0,1000,2147483647,2147483647)
Skill = (16,0,2147483647,0,0,0,0,0,0,0,0,0,1000,2147483647,2147483647)
Skill = (17,0,2147483647,0,0,0,0,0,3,3,0,0,50,2147483647,2147483647)
Skill = (18,0,2147483647,0,0,0,0,0,0,0,0,0,1000,2147483647,2147483647)
Skill = (19,0,2147483647,0,0,0,0,0,0,0,0,0,1000,2147483647,2147483647)
Skill = (20,0,2147483647,0,0,0,0,0,120,120,0,0,1000,2147483647,2147483647)
Skill = (21,0,2147483647,0,0,0,0,0,0,0,0,0,1000,2147483647,2147483647)
Skill = (22,100,100,0,0,0,0,0,120,120,0,0,0,0,0)
Skill = (23,0,2147483647,0,0,0,0,0,0,0,0,0,1000,2147483647,2147483647)
Skill = (24,0,2147483647,0,0,0,0,0,0,0,0,0,1000,2147483647,2147483647)

Spells      = {42}
QuestValues = {(17,1),(18,1),(19,1),(20,1),(21,1),(22,1),(23,1),(32,1),(33,1),(34,1),(35,1),(59,1)}
Murders     = {}
