ID              = 9531001
Name            = "Angel Daxus"
Race            = 1
Profession      = 13
OriginalOutfit  = 134-0-94-114-0
CurrentOutfit   = 134-0-94-114-0
LastLogin       = 1132101459
LastLogout      = 1132103205
StartPosition   = [32595,32744,6]
CurrentPosition = [33121,32837,7]
PlayerkillerEnd = 0

Skill = (0,31,0,1,0,0,0,0,0,0,1,411748,0,452600,100)
Skill = (1,38,0,0,0,0,0,0,0,0,0,7859,1100,8028,20)
Skill = (2,300,300,0,0,0,0,0,0,0,5,0,0,0,0)
Skill = (3,725,725,0,0,0,0,0,0,0,30,0,0,0,0)
Skill = (4,100,100,0,20,0,0,0,10,10,1,0,0,0,0)
Skill = (5,700,700,0,0,0,0,0,0,0,10,0,0,0,0)
Skill = (6,19,0,10,0,0,0,0,0,0,0,9001,1500,11333,100)
Skill = (7,11,0,10,0,0,0,0,0,0,0,46,2000,90,30)
Skill = (8,10,0,10,0,0,0,0,0,0,0,0,2000,50,50)
Skill = (9,19,0,10,0,0,0,0,0,0,0,37858,2000,51150,50)
Skill = (10,10,0,10,0,0,0,0,0,0,0,0,2000,50,50)
Skill = (11,13,0,10,0,0,0,0,0,0,0,244,1500,406,50)
Skill = (12,0,2147483647,0,0,0,0,0,0,0,0,0,1000,2147483647,2147483647)
Skill = (13,47,0,10,0,0,0,0,0,0,0,7027,1100,7280,20)
Skill = (14,0,1200,0,0,0,775,0,0,0,0,0,0,0,0)
Skill = (15,0,2147483647,0,0,0,0,0,83,83,0,0,1000,2147483647,2147483647)
Skill = (16,0,2147483647,0,0,0,0,0,200,200,0,0,1000,2147483647,2147483647)
Skill = (17,0,2147483647,0,0,0,0,0,3,3,0,0,50,2147483647,2147483647)
Skill = (18,0,2147483647,0,0,0,0,0,0,0,0,0,1000,2147483647,2147483647)
Skill = (19,0,2147483647,0,0,0,0,0,0,0,0,0,1000,2147483647,2147483647)
Skill = (20,0,2147483647,0,0,0,0,0,120,120,0,0,1000,2147483647,2147483647)
Skill = (21,0,2147483647,0,0,0,0,0,0,0,0,0,1000,2147483647,2147483647)
Skill = (22,200,200,0,0,0,0,0,15,15,0,0,0,0,0)
Skill = (23,0,2147483647,0,0,0,0,0,0,0,0,0,1000,2147483647,2147483647)
Skill = (24,0,2147483647,0,0,0,0,0,0,0,0,0,1000,2147483647,2147483647)

Spells      = {1,3,8,9,10,16,20,21,39,45,89}
QuestValues = {(17,1),(60,1),(61,1),(62,2),(84,1),(85,1),(86,1),(109,1),(111,1),(112,1),(190,1),(191,1),(221,1),(225,1)}
Murders     = {1131421038}
