ID              = 9817301
Name            = "Lord Herbi"
Race            = 1
Profession      = 3
OriginalOutfit  = 129-0-114-0-114
CurrentOutfit   = 129-0-114-0-114
LastLogin       = 1130530011
LastLogout      = 1130530027
StartPosition   = [32360,31782,7]
CurrentPosition = [32334,31780,6]
PlayerkillerEnd = 0

Skill = (0,10,0,1,0,0,0,0,0,0,1,10467,0,13000,100)
Skill = (1,7,0,0,0,0,0,0,0,0,0,216,1100,228,20)
Skill = (2,195,195,0,0,0,0,0,0,0,5,0,0,0,0)
Skill = (3,95,95,0,0,0,0,0,0,0,30,0,0,0,0)
Skill = (4,79,79,0,0,0,0,0,0,0,1,0,0,0,0)
Skill = (5,490,490,0,0,0,0,0,0,0,10,0,0,0,0)
Skill = (6,19,0,10,0,0,0,0,0,0,0,7779,1500,11333,100)
Skill = (7,11,0,10,0,0,0,0,0,0,0,71,2000,90,30)
Skill = (8,17,0,10,0,0,0,0,0,0,0,6459,2000,12750,50)
Skill = (9,10,0,10,0,0,0,0,0,0,0,5,2000,50,50)
Skill = (10,10,0,10,0,0,0,0,0,0,0,0,2000,50,50)
Skill = (11,10,0,10,0,0,0,0,0,0,0,7,1500,50,50)
Skill = (12,0,2147483647,0,0,0,0,0,0,0,0,0,1000,2147483647,2147483647)
Skill = (13,25,0,10,0,0,0,0,0,0,0,716,1100,718,20)
Skill = (14,0,1200,0,0,0,0,0,0,0,0,0,0,0,0)
Skill = (15,0,2147483647,0,0,0,0,0,0,0,0,0,1000,2147483647,2147483647)
Skill = (16,0,2147483647,0,0,0,0,0,0,0,0,0,1000,2147483647,2147483647)
Skill = (17,0,2147483647,0,0,0,0,0,0,0,0,0,50,2147483647,2147483647)
Skill = (18,0,2147483647,0,0,0,0,0,0,0,0,0,1000,2147483647,2147483647)
Skill = (19,0,2147483647,0,0,0,0,0,0,0,0,0,1000,2147483647,2147483647)
Skill = (20,0,2147483647,0,0,0,0,0,0,0,0,0,1000,2147483647,2147483647)
Skill = (21,0,2147483647,0,0,0,0,0,0,0,0,0,1000,2147483647,2147483647)
Skill = (22,100,100,0,0,0,0,0,0,0,0,0,0,0,0)
Skill = (23,0,2147483647,0,0,0,0,0,0,0,0,0,1000,2147483647,2147483647)
Skill = (24,0,2147483647,0,0,0,0,0,0,0,0,0,1000,2147483647,2147483647)

Spells      = {2,8,10}
QuestValues = {(17,1),(20,1),(21,1),(22,1),(23,1),(24,1),(27,1),(32,1),(33,1),(34,1),(59,1),(60,1),(61,1)}
Murders     = {}
