ID              = 10088017
Name            = "Zly-duszek"
Race            = 1
Profession      = 2
OriginalOutfit  = 129-114-94-0-114
CurrentOutfit   = 129-114-94-0-114
LastLogin       = 1132145985
LastLogout      = 1132146016
StartPosition   = [32957,32076,7]
CurrentPosition = [32922,32069,7]
PlayerkillerEnd = 0

Skill = (0,15,0,1,0,0,0,0,0,0,1,38581,0,47000,100)
Skill = (1,6,0,0,0,0,0,0,0,0,0,358,1400,477,20)
Skill = (2,240,240,0,0,0,0,0,0,0,10,0,0,0,0)
Skill = (3,110,110,0,0,0,0,0,0,0,15,0,0,0,0)
Skill = (4,84,84,0,0,0,0,0,0,0,1,0,0,0,0)
Skill = (5,580,580,0,0,0,0,0,0,0,20,0,0,0,0)
Skill = (6,35,0,10,0,0,0,0,0,0,0,9855,1100,10918,100)
Skill = (7,10,0,10,0,0,0,0,0,0,0,6,1100,30,30)
Skill = (8,29,0,10,0,0,0,0,0,0,0,8720,1200,9334,50)
Skill = (9,12,0,10,0,0,0,0,0,0,0,139,1200,181,50)
Skill = (10,10,0,10,0,0,0,0,0,0,0,0,1200,50,50)
Skill = (11,13,0,10,0,0,0,0,0,0,0,254,1200,268,50)
Skill = (12,0,2147483647,0,0,0,0,0,0,0,0,0,1000,2147483647,2147483647)
Skill = (13,17,0,10,0,0,0,0,0,0,0,207,1100,228,20)
Skill = (14,0,1200,0,0,0,876,0,0,0,0,0,0,0,0)
Skill = (15,0,2147483647,0,0,0,0,0,0,0,0,0,1000,2147483647,2147483647)
Skill = (16,0,2147483647,0,0,0,0,0,0,0,0,0,1000,2147483647,2147483647)
Skill = (17,0,2147483647,0,0,0,0,0,0,0,0,0,50,2147483647,2147483647)
Skill = (18,0,2147483647,0,0,0,0,0,0,0,0,0,1000,2147483647,2147483647)
Skill = (19,0,2147483647,0,0,0,0,0,0,0,0,0,1000,2147483647,2147483647)
Skill = (20,0,2147483647,0,0,0,0,0,0,0,0,0,1000,2147483647,2147483647)
Skill = (21,0,2147483647,0,0,0,0,0,0,0,0,0,1000,2147483647,2147483647)
Skill = (22,100,100,0,0,0,0,0,0,0,0,0,0,0,0)
Skill = (23,0,2147483647,0,0,0,0,0,0,0,0,0,1000,2147483647,2147483647)
Skill = (24,0,2147483647,0,0,0,0,0,0,0,0,0,1000,2147483647,2147483647)

Spells      = {1,2,8,10,15,29,30,42,44}
QuestValues = {(18,1),(20,1),(22,1),(23,1),(32,1),(33,1),(34,1),(35,1),(46,1),(59,1),(98,1),(100,1),(125,1),(126,1),(223,1)}
Murders     = {}
