ID              = 10183817
Name            = "Buru warrior"
Race            = 1
Profession      = 1
OriginalOutfit  = 128-121-91-81-86
CurrentOutfit   = 128-121-91-81-86
LastLogin       = 1132110005
LastLogout      = 1132111785
StartPosition   = [32732,31634,7]
CurrentPosition = [32680,31683,8]
PlayerkillerEnd = 0

Skill = (0,32,0,1,0,0,0,0,0,0,1,472881,0,499200,100)
Skill = (1,4,0,0,0,0,0,0,0,0,0,1102,3000,2420,20)
Skill = (2,545,545,0,0,0,0,0,0,0,15,0,0,0,0)
Skill = (3,130,155,0,0,0,0,0,0,0,5,0,0,0,0)
Skill = (4,101,101,0,0,0,0,0,0,0,1,0,0,0,0)
Skill = (5,1070,1070,0,0,0,0,0,0,0,25,0,0,0,0)
Skill = (6,53,0,10,0,0,0,0,0,0,0,64585,1100,65264,100)
Skill = (7,10,0,10,0,0,0,0,0,0,0,7,1400,30,30)
Skill = (8,10,0,10,0,0,0,0,0,0,0,28,1100,50,50)
Skill = (9,10,0,10,0,0,0,0,0,0,0,9,1100,50,50)
Skill = (10,58,0,10,0,0,0,0,0,0,0,48538,1100,52859,50)
Skill = (11,10,0,10,0,0,0,0,0,0,0,19,1100,50,50)
Skill = (12,0,2147483647,0,0,0,0,0,0,0,0,0,1000,2147483647,2147483647)
Skill = (13,10,0,10,0,0,0,0,0,0,0,14,1100,20,20)
Skill = (14,0,1200,0,0,0,1049,0,0,0,0,0,0,0,0)
Skill = (15,0,2147483647,0,0,0,0,0,83,83,0,0,1000,2147483647,2147483647)
Skill = (16,0,2147483647,0,0,0,0,0,0,0,0,0,1000,2147483647,2147483647)
Skill = (17,0,2147483647,0,0,0,0,0,3,3,0,0,50,2147483647,2147483647)
Skill = (18,0,2147483647,0,0,0,0,0,8,8,0,0,1000,2147483647,2147483647)
Skill = (19,0,2147483647,0,0,0,0,0,0,0,0,0,1000,2147483647,2147483647)
Skill = (20,0,2147483647,0,0,0,0,0,3,3,0,0,1000,2147483647,2147483647)
Skill = (21,0,2147483647,0,0,0,0,0,0,0,0,0,1000,2147483647,2147483647)
Skill = (22,100,100,0,0,0,0,0,120,120,0,0,0,0,0)
Skill = (23,0,2147483647,0,0,0,0,0,0,0,0,0,1000,2147483647,2147483647)
Skill = (24,0,2147483647,0,0,0,0,0,0,0,0,0,1000,2147483647,2147483647)

Spells      = {1,10,20,29}
QuestValues = {(32,1),(33,1),(34,1),(125,1),(126,1)}
Murders     = {}
