ID              = 10352017
Name            = "Raphael Aleixo"
Race            = 1
Profession      = 1
OriginalOutfit  = 128-0-114-114-114
CurrentOutfit   = 128-0-114-114-114
LastLogin       = 1131712203
LastLogout      = 1131712541
StartPosition   = [32360,31782,7]
CurrentPosition = [32338,31786,7]
PlayerkillerEnd = 1132838154

Skill = (0,17,0,1,0,0,0,0,0,0,1,63547,0,69700,100)
Skill = (1,3,0,0,0,0,0,0,0,0,0,298,3000,800,20)
Skill = (2,320,320,0,0,0,0,0,0,0,15,0,0,0,0)
Skill = (3,80,80,0,0,0,0,0,0,0,5,0,0,0,0)
Skill = (4,86,86,0,0,0,0,0,0,0,1,0,0,0,0)
Skill = (5,695,695,0,0,0,0,0,0,0,25,0,0,0,0)
Skill = (6,38,0,10,0,0,0,0,0,0,0,13738,1100,14863,100)
Skill = (7,10,0,10,0,0,0,0,0,0,0,2,1400,30,30)
Skill = (8,10,0,10,0,0,0,0,0,0,0,0,1100,50,50)
Skill = (9,10,0,10,0,0,0,0,0,0,0,18,1100,50,50)
Skill = (10,41,0,10,0,0,0,0,0,0,0,9677,1100,10056,50)
Skill = (11,10,0,10,0,0,0,0,0,0,0,25,1100,50,50)
Skill = (12,0,2147483647,0,0,0,0,0,0,0,0,0,1000,2147483647,2147483647)
Skill = (13,21,0,10,0,0,0,0,0,0,0,387,1100,427,20)
Skill = (14,0,1200,0,0,0,0,0,0,0,0,0,0,0,0)
Skill = (15,0,2147483647,0,0,0,0,0,0,0,0,0,1000,2147483647,2147483647)
Skill = (16,0,2147483647,0,0,0,0,0,0,0,0,0,1000,2147483647,2147483647)
Skill = (17,0,2147483647,0,0,0,0,0,0,0,0,0,50,2147483647,2147483647)
Skill = (18,0,2147483647,0,0,0,0,0,0,0,0,0,1000,2147483647,2147483647)
Skill = (19,0,2147483647,0,0,0,0,0,0,0,0,0,1000,2147483647,2147483647)
Skill = (20,0,2147483647,0,0,0,0,0,0,0,0,0,1000,2147483647,2147483647)
Skill = (21,0,2147483647,0,0,0,0,0,0,0,0,0,1000,2147483647,2147483647)
Skill = (22,100,100,0,0,0,0,0,0,0,0,0,0,0,0)
Skill = (23,0,2147483647,0,0,0,0,0,0,0,0,0,1000,2147483647,2147483647)
Skill = (24,0,2147483647,0,0,0,0,0,0,0,0,0,1000,2147483647,2147483647)

Spells      = {1,10,11,29}
QuestValues = {(21,1),(22,1),(23,1),(32,1),(33,1),(34,1),(46,1),(59,1),(60,1),(61,1),(125,1),(126,1)}
Murders     = {1129906008,1129906327,1129906464,1130238278,1130245729,1130246154,1131124787,1131124980,1131562611}
