ID              = 10634317
Name            = "Bestblaze"
Race            = 1
Profession      = 2
OriginalOutfit  = 129-76-88-120-88
CurrentOutfit   = 129-76-88-120-88
LastLogin       = 1132147238
LastLogout      = 1132147630
StartPosition   = [32957,32076,7]
CurrentPosition = [32391,31814,7]
PlayerkillerEnd = 0

Skill = (0,7,0,1,0,0,0,0,0,0,1,3459,0,4200,100)
Skill = (1,1,0,0,0,0,0,0,0,0,0,23,1400,47,20)
Skill = (2,175,175,0,0,0,0,0,0,0,10,0,0,0,0)
Skill = (3,20,20,0,0,0,0,0,0,0,15,0,0,0,0)
Skill = (4,76,76,0,0,0,0,0,0,0,1,0,0,0,0)
Skill = (5,450,450,0,0,0,0,0,0,0,20,0,0,0,0)
Skill = (6,18,0,10,0,0,0,0,0,0,0,1197,1100,1357,100)
Skill = (7,19,0,10,0,0,0,0,0,0,0,444,1100,478,30)
Skill = (8,17,0,10,0,0,0,0,0,0,0,780,1200,824,50)
Skill = (9,10,0,10,0,0,0,0,0,0,0,41,1200,50,50)
Skill = (10,10,0,10,0,0,0,0,0,0,0,0,1200,50,50)
Skill = (11,16,0,10,0,0,0,0,0,0,0,528,1200,645,50)
Skill = (12,0,2147483647,0,0,0,0,0,0,0,0,0,1000,2147483647,2147483647)
Skill = (13,21,0,10,0,0,0,0,0,0,0,381,1100,427,20)
Skill = (14,0,1200,0,0,0,0,0,0,0,0,0,0,0,0)
Skill = (15,0,2147483647,0,0,0,0,0,83,83,0,0,1000,2147483647,2147483647)
Skill = (16,0,2147483647,0,0,0,0,0,0,0,0,0,1000,2147483647,2147483647)
Skill = (17,0,2147483647,0,0,0,0,0,0,0,0,0,50,2147483647,2147483647)
Skill = (18,0,2147483647,0,0,0,0,0,0,0,0,0,1000,2147483647,2147483647)
Skill = (19,0,2147483647,0,0,0,0,0,0,0,0,0,1000,2147483647,2147483647)
Skill = (20,0,2147483647,0,0,0,0,0,0,0,0,0,1000,2147483647,2147483647)
Skill = (21,0,2147483647,0,0,0,0,0,0,0,0,0,1000,2147483647,2147483647)
Skill = (22,100,100,0,0,0,0,0,120,120,0,0,0,0,0)
Skill = (23,0,2147483647,0,0,0,0,0,0,0,0,0,1000,2147483647,2147483647)
Skill = (24,0,2147483647,0,0,0,0,0,0,0,0,0,1000,2147483647,2147483647)

Spells      = {10,42}
QuestValues = {(18,1),(21,1),(22,1),(23,1),(32,1),(33,1),(34,1),(35,1),(223,1)}
Murders     = {}
