ID              = 8073517
Name            = "Chongs'molletes"
Race            = 1
Profession      = 13
OriginalOutfit  = 128-88-0-0-0
CurrentOutfit   = 128-88-0-0-0
LastLogin       = 1132015304
LastLogout      = 1132015335
StartPosition   = [32957,32076,7]
CurrentPosition = [32928,32081,7]
PlayerkillerEnd = 0

Skill = (0,27,0,1,0,0,0,0,0,0,1,265022,0,295200,100)
Skill = (1,41,0,0,0,0,0,0,0,0,0,10000,1100,10752,20)
Skill = (2,117,280,0,0,0,0,0,0,0,5,0,0,0,0)
Skill = (3,0,605,0,0,0,0,0,0,0,30,0,0,0,0)
Skill = (4,96,96,0,0,0,0,0,0,0,1,0,0,0,0)
Skill = (5,660,660,0,0,0,0,0,0,0,10,0,0,0,0)
Skill = (6,21,0,10,0,0,0,0,0,0,0,21456,1500,25749,100)
Skill = (7,11,0,10,0,0,0,0,0,0,0,57,2000,90,30)
Skill = (8,13,0,10,0,0,0,0,0,0,0,697,2000,750,50)
Skill = (9,14,0,10,0,0,0,0,0,0,0,792,2000,1550,50)
Skill = (10,18,0,10,0,0,0,0,0,0,0,16033,2000,25550,50)
Skill = (11,11,0,10,0,0,0,0,0,0,0,98,1500,125,50)
Skill = (12,0,2147483647,0,0,0,0,0,0,0,0,0,1000,2147483647,2147483647)
Skill = (13,55,0,10,0,0,0,0,0,0,0,14890,1100,15835,20)
Skill = (14,0,1200,0,0,0,0,0,0,0,0,0,0,0,0)
Skill = (15,0,2147483647,0,0,0,0,0,0,0,0,0,1000,2147483647,2147483647)
Skill = (16,0,2147483647,0,0,0,0,0,0,0,0,0,1000,2147483647,2147483647)
Skill = (17,0,2147483647,0,0,0,0,0,0,0,0,0,50,2147483647,2147483647)
Skill = (18,0,2147483647,0,0,0,0,0,0,0,0,0,1000,2147483647,2147483647)
Skill = (19,0,2147483647,0,0,0,0,0,0,0,0,0,1000,2147483647,2147483647)
Skill = (20,0,2147483647,0,0,0,0,0,0,0,0,0,1000,2147483647,2147483647)
Skill = (21,0,2147483647,0,0,0,0,0,200,200,0,0,1000,2147483647,2147483647)
Skill = (22,6,100,0,0,0,0,0,0,0,0,0,0,0,0)
Skill = (23,0,2147483647,0,0,0,0,0,0,0,0,0,1000,2147483647,2147483647)
Skill = (24,0,2147483647,0,0,0,0,0,0,0,0,0,1000,2147483647,2147483647)

Spells      = {1,3,6,8,9,10,13,16,17,20,21,24,29,30,39,44,45,76,81,86,88,89}
QuestValues = {(1,2),(2,6),(19,1),(20,1),(21,1),(22,1),(23,1),(27,1),(36,1),(37,1),(41,1),(42,1),(43,1),(44,1),(55,1),(56,1),(62,2),(77,1),(78,1),(88,1),(89,1),(90,1),(91,1),(92,1),(100,1),(106,1),(107,1),(109,1),(115,1),(131,1),(134,1),(140,1),(141,1),(153,1),(190,1),(191,1),(211,4),(222,1),(225,1),(227,5),(228,2),(229,3),(230,21),(231,2),(232,1),(233,10),(234,7),(235,1),(236,1),(237,1),(238,1),(239,1),(240,1),(241,1),(242,1),(243,1),(244,2),(245,2),(246,1),(247,1),(248,1),(249,5),(250,5),(251,2),(253,1),(254,1)}
Murders     = {}
