ID              = 8091617
Name            = "Mizu Genis"
Race            = 1
Profession      = 3
OriginalOutfit  = 129-0-86-86-1
CurrentOutfit   = 129-0-86-86-1
LastLogin       = 1130695857
LastLogout      = 1130695876
StartPosition   = [32369,32241,7]
CurrentPosition = [32343,32226,7]
PlayerkillerEnd = 0

Skill = (0,8,0,1,0,0,0,0,0,0,1,5072,0,6400,100)
Skill = (1,0,0,0,0,0,0,0,0,0,0,16,1100,20,20)
Skill = (2,143,185,0,0,0,0,0,0,0,5,0,0,0,0)
Skill = (3,5,35,0,0,0,0,0,0,0,30,0,0,0,0)
Skill = (4,77,77,0,0,0,0,0,0,0,1,0,0,0,0)
Skill = (5,470,470,0,0,0,0,0,0,0,10,0,0,0,0)
Skill = (6,17,0,10,0,0,0,0,0,0,0,3218,1500,4925,100)
Skill = (7,10,0,10,0,0,0,0,0,0,0,0,2000,30,30)
Skill = (8,10,0,10,0,0,0,0,0,0,0,0,2000,50,50)
Skill = (9,15,0,10,0,0,0,0,0,0,0,2464,2000,3150,50)
Skill = (10,12,0,10,0,0,0,0,0,0,0,333,2000,350,50)
Skill = (11,10,0,10,0,0,0,0,0,0,0,0,1500,50,50)
Skill = (12,0,2147483647,0,0,0,0,0,0,0,0,0,1000,2147483647,2147483647)
Skill = (13,10,0,10,0,0,0,0,0,0,0,0,1100,20,20)
Skill = (14,0,1200,0,0,0,401,0,0,0,0,0,0,0,0)
Skill = (15,0,2147483647,0,0,0,6,0,47,83,0,0,1000,2147483647,2147483647)
Skill = (16,0,2147483647,0,0,0,0,0,0,0,0,0,1000,2147483647,2147483647)
Skill = (17,0,2147483647,0,0,0,0,0,3,3,0,0,50,2147483647,2147483647)
Skill = (18,0,2147483647,0,0,0,0,0,8,8,0,0,1000,2147483647,2147483647)
Skill = (19,0,2147483647,0,0,0,0,0,0,0,0,0,1000,2147483647,2147483647)
Skill = (20,0,2147483647,0,0,0,0,0,0,0,0,0,1000,2147483647,2147483647)
Skill = (21,0,2147483647,0,0,0,0,0,0,0,0,0,1000,2147483647,2147483647)
Skill = (22,100,100,0,0,0,0,0,120,120,0,0,0,0,0)
Skill = (23,0,2147483647,0,0,0,0,0,0,0,0,0,1000,2147483647,2147483647)
Skill = (24,0,2147483647,0,0,0,0,0,0,0,0,0,1000,2147483647,2147483647)

Spells      = {10}
QuestValues = {(18,1),(20,1),(21,1),(23,1)}
Murders     = {}
