ID              = 8132917
Name            = "Muaddibb"
Race            = 1
Profession      = 1
OriginalOutfit  = 128-78-113-113-76
CurrentOutfit   = 128-78-113-113-76
LastLogin       = 1126543863
LastLogout      = 1126548936
StartPosition   = [32360,31782,7]
CurrentPosition = [32339,31783,7]
PlayerkillerEnd = 0

Skill = (0,45,0,1,0,0,0,0,0,0,1,1346113,0,1423500,100)
Skill = (1,5,0,0,0,0,0,0,0,0,0,4772,3000,7280,20)
Skill = (2,740,740,0,0,0,0,0,0,0,15,0,0,0,0)
Skill = (3,89,220,0,0,0,0,0,0,0,5,0,0,0,0)
Skill = (4,114,114,0,0,0,0,0,0,0,1,0,0,0,0)
Skill = (5,1395,1395,0,0,0,0,0,0,0,25,0,0,0,0)
Skill = (6,76,0,10,0,0,0,0,0,0,0,549414,1100,592348,100)
Skill = (7,10,0,10,0,0,0,0,0,0,0,6,1400,30,30)
Skill = (8,77,0,10,0,0,0,0,0,0,0,322576,1100,325841,50)
Skill = (9,10,0,10,0,0,0,0,0,0,0,47,1100,50,50)
Skill = (10,10,0,10,0,0,0,0,0,0,0,0,1100,50,50)
Skill = (11,11,0,10,0,0,0,0,0,0,0,98,1100,105,50)
Skill = (12,0,2147483647,0,0,0,0,0,0,0,0,0,1000,2147483647,2147483647)
Skill = (13,68,0,10,0,0,0,0,0,0,0,53015,1100,55160,20)
Skill = (14,0,1200,0,0,0,0,0,0,0,0,0,0,0,0)
Skill = (15,0,2147483647,0,0,0,0,0,83,83,0,0,1000,2147483647,2147483647)
Skill = (16,0,2147483647,0,0,0,0,0,0,0,0,0,1000,2147483647,2147483647)
Skill = (17,0,2147483647,0,0,0,0,0,0,0,0,0,50,2147483647,2147483647)
Skill = (18,0,2147483647,0,0,0,0,0,0,0,0,0,1000,2147483647,2147483647)
Skill = (19,0,2147483647,0,0,0,0,0,0,0,0,0,1000,2147483647,2147483647)
Skill = (20,0,2147483647,0,0,0,0,0,0,0,0,0,1000,2147483647,2147483647)
Skill = (21,0,2147483647,0,0,0,0,0,0,0,0,0,1000,2147483647,2147483647)
Skill = (22,100,100,0,0,0,0,0,0,0,0,0,0,0,0)
Skill = (23,0,2147483647,0,0,0,0,0,0,0,0,0,1000,2147483647,2147483647)
Skill = (24,0,2147483647,0,0,0,0,0,0,0,0,0,1000,2147483647,2147483647)

Spells      = {1,10,20,29}
QuestValues = {(18,1),(20,1),(21,1),(22,1),(23,1),(32,1),(33,1),(34,1),(35,1),(36,1),(46,1),(59,1),(60,1),(62,2),(67,1),(68,1),(69,1),(70,1),(71,1),(72,1),(73,1),(74,1),(75,1),(77,1),(78,1),(93,1),(94,1),(95,1),(96,1),(97,1),(98,1),(100,1),(106,1),(107,1),(109,1),(113,1),(114,1),(115,1),(125,1),(126,1),(134,1),(137,1),(151,1),(152,1),(190,1),(191,1),(220,1),(221,1),(223,1),(225,1),(253,1)}
Murders     = {1124365550,1124365601}
