ID              = 9391317
Name            = "Lord Dillinger"
Race            = 1
Profession      = 14
OriginalOutfit  = 128-96-57-80-58
CurrentOutfit   = 128-96-57-80-58
LastLogin       = 1130817994
LastLogout      = 1130820001
StartPosition   = [32369,32241,7]
CurrentPosition = [32614,31958,6]
PlayerkillerEnd = 0

Skill = (0,28,0,1,0,0,0,0,0,0,1,315514,0,330400,100)
Skill = (1,42,0,0,0,0,0,0,0,0,0,11266,1100,11848,20)
Skill = (2,271,285,0,0,0,0,0,0,0,5,0,0,0,0)
Skill = (3,173,635,0,0,0,0,0,0,0,30,0,0,0,0)
Skill = (4,97,97,0,0,0,0,0,10,10,1,0,0,0,0)
Skill = (5,670,670,0,0,0,0,0,0,0,10,0,0,0,0)
Skill = (6,19,0,10,0,0,0,0,0,0,0,8464,1500,11333,100)
Skill = (7,10,0,10,0,0,0,0,0,0,0,0,1800,30,30)
Skill = (8,10,0,10,0,0,0,0,0,0,0,0,1800,50,50)
Skill = (9,19,0,10,0,0,0,0,0,0,0,21672,1800,22252,50)
Skill = (10,10,0,10,0,0,0,0,0,0,0,0,1800,50,50)
Skill = (11,11,0,10,0,0,0,0,0,0,0,61,1500,125,50)
Skill = (12,0,2147483647,0,0,0,0,0,0,0,0,0,1000,2147483647,2147483647)
Skill = (13,55,0,10,0,0,0,0,0,0,0,15185,1100,15835,20)
Skill = (14,0,1200,0,0,0,0,0,0,0,0,0,0,0,0)
Skill = (15,0,2147483647,0,0,0,0,0,0,0,0,0,1000,2147483647,2147483647)
Skill = (16,0,2147483647,0,0,0,0,0,0,0,0,0,1000,2147483647,2147483647)
Skill = (17,0,2147483647,0,0,0,0,0,3,3,0,0,50,2147483647,2147483647)
Skill = (18,0,2147483647,0,0,0,0,0,0,0,0,0,1000,2147483647,2147483647)
Skill = (19,0,2147483647,0,0,0,0,0,0,0,0,0,1000,2147483647,2147483647)
Skill = (20,0,2147483647,0,0,0,0,0,0,0,0,0,1000,2147483647,2147483647)
Skill = (21,0,2147483647,0,0,0,0,0,0,0,0,0,1000,2147483647,2147483647)
Skill = (22,100,100,0,0,0,0,0,120,120,0,0,0,0,0)
Skill = (23,0,2147483647,0,0,0,0,0,0,0,0,0,1000,2147483647,2147483647)
Skill = (24,0,2147483647,0,0,0,0,0,0,0,0,0,1000,2147483647,2147483647)

Spells      = {1,2,3,5,6,8,9,10,11,16,29,45,76}
QuestValues = {(84,1),(85,1),(86,1),(87,1),(190,1),(191,1),(224,1),(257,1)}
Murders     = {}
