ID              = 9680217
Name            = "Jumil Palabie"
Race            = 1
Profession      = 2
OriginalOutfit  = 129-116-87-88-87
CurrentOutfit   = 129-116-87-88-87
LastLogin       = 1130970433
LastLogout      = 1130970485
StartPosition   = [32360,31782,7]
CurrentPosition = [32335,31794,6]
PlayerkillerEnd = 0

Skill = (0,14,0,1,0,0,0,0,0,0,1,31719,0,37800,100)
Skill = (1,5,0,0,0,0,0,0,0,0,0,300,1400,326,20)
Skill = (2,245,245,0,0,0,0,0,0,0,10,0,0,0,0)
Skill = (3,125,125,0,0,0,0,0,0,0,15,0,0,0,0)
Skill = (4,83,83,0,0,0,0,0,0,0,1,0,0,0,0)
Skill = (5,590,590,0,0,0,0,0,0,0,20,0,0,0,0)
Skill = (6,35,0,10,0,0,0,0,0,0,0,10242,1100,10918,100)
Skill = (7,44,0,10,0,0,0,0,0,0,0,7367,1100,8130,30)
Skill = (8,12,0,10,0,0,0,0,0,0,0,164,1200,181,50)
Skill = (9,22,0,10,0,0,0,0,0,0,0,2259,1200,2424,50)
Skill = (10,10,0,10,0,0,0,0,0,0,0,15,1200,50,50)
Skill = (11,14,0,10,0,0,0,0,0,0,0,294,1200,372,50)
Skill = (12,0,2147483647,0,0,0,0,0,0,0,0,0,1000,2147483647,2147483647)
Skill = (13,11,0,10,0,0,0,0,0,0,0,20,1100,42,20)
Skill = (14,0,1200,0,0,0,0,0,0,0,0,0,0,0,0)
Skill = (15,0,2147483647,0,0,0,0,0,0,0,0,0,1000,2147483647,2147483647)
Skill = (16,0,2147483647,0,0,0,0,0,0,0,0,0,1000,2147483647,2147483647)
Skill = (17,0,2147483647,0,0,0,0,0,0,0,0,0,50,2147483647,2147483647)
Skill = (18,0,2147483647,0,0,0,0,0,0,0,0,0,1000,2147483647,2147483647)
Skill = (19,0,2147483647,0,0,0,0,0,0,0,0,0,1000,2147483647,2147483647)
Skill = (20,0,2147483647,0,0,0,0,0,0,0,0,0,1000,2147483647,2147483647)
Skill = (21,0,2147483647,0,0,0,0,0,0,0,0,0,1000,2147483647,2147483647)
Skill = (22,100,100,0,0,0,0,0,0,0,0,0,0,0,0)
Skill = (23,0,2147483647,0,0,0,0,0,0,0,0,0,1000,2147483647,2147483647)
Skill = (24,0,2147483647,0,0,0,0,0,0,0,0,0,1000,2147483647,2147483647)

Spells      = {2,8,10,15,20,42,51}
QuestValues = {(35,1),(54,1),(61,1),(113,1),(114,1),(223,1)}
Murders     = {}
