ID              = 10046166
Name            = "Leon Natek"
Race            = 1
Profession      = 3
OriginalOutfit  = 128-78-69-58-76
CurrentOutfit   = 128-78-69-58-76
LastLogin       = 1130574858
LastLogout      = 1130574919
StartPosition   = [32360,31782,7]
CurrentPosition = [32593,31842,4]
PlayerkillerEnd = 0

Skill = (0,8,0,1,0,0,0,0,0,0,1,4261,0,6400,100)
Skill = (1,0,0,0,0,0,0,0,0,0,0,0,1100,20,20)
Skill = (2,81,185,0,0,0,0,0,0,0,5,0,0,0,0)
Skill = (3,35,35,0,0,0,0,0,0,0,30,0,0,0,0)
Skill = (4,77,77,0,0,0,0,0,0,0,1,0,0,0,0)
Skill = (5,470,470,0,0,0,0,0,0,0,10,0,0,0,0)
Skill = (6,17,0,10,0,0,0,0,0,0,0,4901,1500,4925,100)
Skill = (7,10,0,10,0,0,0,0,0,0,0,0,2000,30,30)
Skill = (8,12,0,10,0,0,0,0,0,0,0,328,2000,350,50)
Skill = (9,16,0,10,0,0,0,0,0,0,0,4399,2000,6350,50)
Skill = (10,10,0,10,0,0,0,0,0,0,0,0,2000,50,50)
Skill = (11,13,0,10,0,0,0,0,0,0,0,258,1500,406,50)
Skill = (12,0,2147483647,0,0,0,0,0,0,0,0,0,1000,2147483647,2147483647)
Skill = (13,10,0,10,0,0,0,0,0,0,0,0,1100,20,20)
Skill = (14,0,1200,0,0,0,0,0,0,0,0,0,0,0,0)
Skill = (15,0,2147483647,0,0,0,0,0,0,0,0,0,1000,2147483647,2147483647)
Skill = (16,0,2147483647,0,0,0,0,0,0,0,0,0,1000,2147483647,2147483647)
Skill = (17,0,2147483647,0,0,0,0,0,0,0,0,0,50,2147483647,2147483647)
Skill = (18,0,2147483647,0,0,0,0,0,0,0,0,0,1000,2147483647,2147483647)
Skill = (19,0,2147483647,0,0,0,0,0,0,0,0,0,1000,2147483647,2147483647)
Skill = (20,0,2147483647,0,0,0,0,0,0,0,0,0,1000,2147483647,2147483647)
Skill = (21,0,2147483647,0,0,0,0,0,0,0,0,0,1000,2147483647,2147483647)
Skill = (22,100,100,0,0,0,0,0,120,120,0,0,0,0,0)
Skill = (23,0,2147483647,0,0,0,0,0,0,0,0,0,1000,2147483647,2147483647)
Skill = (24,0,2147483647,0,0,0,0,0,0,0,0,0,1000,2147483647,2147483647)

Spells      = {}
QuestValues = {(18,1),(20,1),(21,1),(22,1),(23,1)}
Murders     = {}
