ID              = 10676566
Name            = "Ruke Mard"
Race            = 1
Profession      = 2
OriginalOutfit  = 129-114-116-119-114
CurrentOutfit   = 129-114-116-119-114
LastLogin       = 1127349459
LastLogout      = 1127349464
StartPosition   = [32360,31782,7]
CurrentPosition = [32335,31786,7]
PlayerkillerEnd = 0

Skill = (0,7,0,1,0,0,0,0,0,0,1,3426,0,4200,100)
Skill = (1,0,0,0,0,0,0,0,0,0,0,0,1400,20,20)
Skill = (2,34,175,0,0,0,0,0,0,0,10,0,0,0,0)
Skill = (3,20,20,0,0,0,0,0,0,0,15,0,0,0,0)
Skill = (4,76,76,0,0,0,0,0,0,0,1,0,0,0,0)
Skill = (5,450,450,0,0,0,0,0,0,0,20,0,0,0,0)
Skill = (6,15,0,10,0,0,0,0,0,0,0,690,1100,771,100)
Skill = (7,15,0,10,0,0,0,0,0,0,0,199,1100,231,30)
Skill = (8,10,0,10,0,0,0,0,0,0,0,47,1200,50,50)
Skill = (9,14,0,10,0,0,0,0,0,0,0,357,1200,372,50)
Skill = (10,10,0,10,0,0,0,0,0,0,0,0,1200,50,50)
Skill = (11,12,0,10,0,0,0,0,0,0,0,135,1200,181,50)
Skill = (12,0,2147483647,0,0,0,0,0,0,0,0,0,1000,2147483647,2147483647)
Skill = (13,15,0,10,0,0,0,0,0,0,0,126,1100,154,20)
Skill = (14,0,1200,0,0,0,0,0,0,0,0,0,0,0,0)
Skill = (15,0,2147483647,0,0,0,0,0,0,0,0,0,1000,2147483647,2147483647)
Skill = (16,0,2147483647,0,0,0,0,0,0,0,0,0,1000,2147483647,2147483647)
Skill = (17,0,2147483647,0,0,0,0,0,0,0,0,0,50,2147483647,2147483647)
Skill = (18,0,2147483647,0,0,0,0,0,0,0,0,0,1000,2147483647,2147483647)
Skill = (19,0,2147483647,0,0,0,0,0,0,0,0,0,1000,2147483647,2147483647)
Skill = (20,0,2147483647,0,0,0,0,0,0,0,0,0,1000,2147483647,2147483647)
Skill = (21,0,2147483647,0,0,0,0,0,0,0,0,0,1000,2147483647,2147483647)
Skill = (22,100,100,0,0,0,0,0,120,120,0,0,0,0,0)
Skill = (23,0,2147483647,0,0,0,0,0,0,0,0,0,1000,2147483647,2147483647)
Skill = (24,0,2147483647,0,0,0,0,0,0,0,0,0,1000,2147483647,2147483647)

Spells      = {}
QuestValues = {(20,1),(21,1),(22,1),(23,1),(32,1),(33,1)}
Murders     = {}
