ID              = 11119566
Name            = "Mefoss Dalfera"
Race            = 1
Profession      = 1
OriginalOutfit  = 131-94-114-114-114
CurrentOutfit   = 131-94-114-114-114
LastLogin       = 1132074176
LastLogout      = 1132074195
StartPosition   = [32360,31782,7]
CurrentPosition = [32332,31778,8]
PlayerkillerEnd = 0

Skill = (0,9,0,1,0,0,0,0,0,0,1,9007,0,9300,100)
Skill = (1,2,0,0,0,0,0,0,0,0,0,89,3000,260,20)
Skill = (2,200,200,0,0,0,0,0,0,0,15,0,0,0,0)
Skill = (3,0,40,0,0,0,0,0,0,0,5,0,0,0,0)
Skill = (4,78,78,0,0,0,0,0,0,0,1,0,0,0,0)
Skill = (5,495,495,0,0,0,0,0,0,0,25,0,0,0,0)
Skill = (6,30,0,10,0,0,0,0,0,0,0,6290,1100,6400,100)
Skill = (7,10,0,10,0,0,0,0,0,0,0,0,1400,30,30)
Skill = (8,35,0,10,0,0,0,0,0,0,0,5118,1100,5459,50)
Skill = (9,10,0,10,0,0,0,0,0,0,0,0,1100,50,50)
Skill = (10,10,0,10,0,0,0,0,0,0,0,0,1100,50,50)
Skill = (11,10,0,10,0,0,0,0,0,0,0,0,1100,50,50)
Skill = (12,0,2147483647,0,0,0,0,0,0,0,0,0,1000,2147483647,2147483647)
Skill = (13,29,0,10,0,0,0,0,0,0,0,1028,1100,1145,20)
Skill = (14,0,1200,0,0,0,0,0,0,0,0,0,0,0,0)
Skill = (15,0,2147483647,0,0,0,6,0,43,83,0,0,1000,2147483647,2147483647)
Skill = (16,0,2147483647,0,0,0,0,0,0,0,0,0,1000,2147483647,2147483647)
Skill = (17,0,2147483647,0,0,0,0,0,3,3,0,0,50,2147483647,2147483647)
Skill = (18,0,2147483647,0,0,0,0,0,0,0,0,0,1000,2147483647,2147483647)
Skill = (19,0,2147483647,0,0,0,0,0,0,0,0,0,1000,2147483647,2147483647)
Skill = (20,0,2147483647,0,0,0,0,0,0,0,0,0,1000,2147483647,2147483647)
Skill = (21,0,2147483647,0,0,0,0,0,0,0,0,0,1000,2147483647,2147483647)
Skill = (22,100,100,0,0,0,0,0,120,120,0,0,0,0,0)
Skill = (23,0,2147483647,0,0,0,0,0,0,0,0,0,1000,2147483647,2147483647)
Skill = (24,0,2147483647,0,0,0,0,0,0,0,0,0,1000,2147483647,2147483647)

Spells      = {1,10,20}
QuestValues = {(21,1),(22,1),(23,1),(32,1),(33,1),(34,1),(60,1),(125,1),(126,1)}
Murders     = {}
