ID              = 10153522
Name            = "Warrior Camus"
Race            = 1
Profession      = 1
OriginalOutfit  = 142-132-114-114-114
CurrentOutfit   = 142-132-114-114-114
LastLogin       = 1132144935
LastLogout      = 1132144944
StartPosition   = [32369,32241,7]
CurrentPosition = [32348,32227,7]
PlayerkillerEnd = 1133932698

Skill = (0,39,0,1,0,0,0,0,0,0,1,848287,0,917800,100)
Skill = (1,4,0,0,0,0,0,0,0,0,0,1651,3000,2420,20)
Skill = (2,16,650,0,0,0,0,0,0,0,15,0,0,0,0)
Skill = (3,15,190,0,0,0,0,0,0,0,5,0,0,0,0)
Skill = (4,108,108,0,0,0,0,0,0,0,1,0,0,0,0)
Skill = (5,1245,1245,0,0,0,0,0,0,0,25,0,0,0,0)
Skill = (6,54,0,10,0,0,0,0,0,0,0,70014,1100,71890,100)
Skill = (7,11,0,10,0,0,0,0,0,0,0,61,1400,71,30)
Skill = (8,12,0,10,0,0,0,0,0,0,0,119,1100,165,50)
Skill = (9,10,0,10,0,0,0,0,0,0,0,9,1100,50,50)
Skill = (10,60,0,10,0,0,0,0,0,0,0,60361,1100,64064,50)
Skill = (11,11,0,10,0,0,0,0,0,0,0,57,1100,105,50)
Skill = (12,0,2147483647,0,0,0,0,0,0,0,0,0,1000,2147483647,2147483647)
Skill = (13,12,0,10,0,0,0,0,0,0,0,56,1100,66,20)
Skill = (14,0,1200,0,0,0,604,0,0,0,0,0,0,0,0)
Skill = (15,0,2147483647,0,0,0,0,0,0,0,0,0,1000,2147483647,2147483647)
Skill = (16,0,2147483647,0,0,0,0,0,0,0,0,0,1000,2147483647,2147483647)
Skill = (17,0,2147483647,0,0,0,0,0,0,0,0,0,50,2147483647,2147483647)
Skill = (18,0,2147483647,0,0,0,0,0,0,0,0,0,1000,2147483647,2147483647)
Skill = (19,0,2147483647,0,0,0,0,0,0,0,0,0,1000,2147483647,2147483647)
Skill = (20,0,2147483647,0,0,0,0,0,0,0,0,0,1000,2147483647,2147483647)
Skill = (21,0,2147483647,0,0,0,0,0,0,0,0,0,1000,2147483647,2147483647)
Skill = (22,100,100,0,0,0,0,0,0,0,0,0,0,0,0)
Skill = (23,0,2147483647,0,0,0,0,0,0,0,0,0,1000,2147483647,2147483647)
Skill = (24,0,2147483647,0,0,0,0,0,0,0,0,0,1000,2147483647,2147483647)

Spells      = {1,10,20,29,80}
QuestValues = {(14,1),(15,1),(16,1),(46,1),(59,1),(69,1),(99,1),(106,1),(107,1),(111,1),(112,1),(137,1),(151,1),(152,1),(190,1),(191,1),(200,1),(201,1),(202,1),(253,1),(257,1),(269,1)}
Murders     = {1130683527,1130683692,1130684119,1130692756,1130707305,1130723645,1131339882,1131340026,1131340675,1131340698}
