ID              = 10167522
Name            = "Shika Dark"
Race            = 1
Profession      = 1
OriginalOutfit  = 137-114-114-114-91
CurrentOutfit   = 137-114-114-114-91
LastLogin       = 1132089239
LastLogout      = 1132089291
StartPosition   = [32957,32076,7]
CurrentPosition = [32733,32065,7]
PlayerkillerEnd = 0

Skill = (0,8,0,1,0,0,0,0,0,0,1,5320,0,6400,100)
Skill = (1,0,0,0,0,0,0,0,0,0,0,0,3000,20,20)
Skill = (2,104,185,0,0,0,0,0,0,0,15,0,0,0,0)
Skill = (3,35,35,0,0,0,0,0,0,0,5,0,0,0,0)
Skill = (4,77,77,0,0,0,0,0,0,0,1,0,0,0,0)
Skill = (5,470,470,0,0,0,0,0,0,0,25,0,0,0,0)
Skill = (6,19,0,10,0,0,0,0,0,0,0,1585,1100,1593,100)
Skill = (7,11,0,10,0,0,0,0,0,0,0,32,1400,71,30)
Skill = (8,12,0,10,0,0,0,0,0,0,0,124,1100,165,50)
Skill = (9,20,0,10,0,0,0,0,0,0,0,867,1100,926,50)
Skill = (10,12,0,10,0,0,0,0,0,0,0,138,1100,165,50)
Skill = (11,11,0,10,0,0,0,0,0,0,0,56,1100,105,50)
Skill = (12,0,2147483647,0,0,0,0,0,0,0,0,0,1000,2147483647,2147483647)
Skill = (13,17,0,10,0,0,0,0,0,0,0,211,1100,228,20)
Skill = (14,0,1200,0,0,0,0,0,0,0,0,0,0,0,0)
Skill = (15,0,2147483647,0,0,0,0,0,0,0,0,0,1000,2147483647,2147483647)
Skill = (16,0,2147483647,0,0,0,0,0,0,0,0,0,1000,2147483647,2147483647)
Skill = (17,0,2147483647,0,0,0,0,0,3,3,0,0,50,2147483647,2147483647)
Skill = (18,0,2147483647,0,0,0,0,0,0,0,0,0,1000,2147483647,2147483647)
Skill = (19,0,2147483647,0,0,0,0,0,0,0,0,0,1000,2147483647,2147483647)
Skill = (20,0,2147483647,0,0,0,0,0,0,0,0,0,1000,2147483647,2147483647)
Skill = (21,0,2147483647,0,0,0,0,0,0,0,0,0,1000,2147483647,2147483647)
Skill = (22,100,100,0,0,0,0,0,120,120,0,0,0,0,0)
Skill = (23,0,2147483647,0,0,0,0,0,0,0,0,0,1000,2147483647,2147483647)
Skill = (24,0,2147483647,0,0,0,0,0,0,0,0,0,1000,2147483647,2147483647)

Spells      = {}
QuestValues = {(19,1),(20,1),(21,1),(22,1),(23,1),(27,1),(32,1),(33,1),(34,1),(58,1),(223,1),(224,1)}
Murders     = {}
