ID              = 10690022
Name            = "Michal von konin"
Race            = 1
Profession      = 0
OriginalOutfit  = 129-114-107-113-0
CurrentOutfit   = 129-114-107-113-0
LastLogin       = 1129568372
LastLogout      = 1129568499
StartPosition   = [32097,32219,7]
CurrentPosition = [32095,32203,7]
PlayerkillerEnd = 0

Skill = (0,9,0,1,0,0,0,0,0,0,1,6445,0,9300,100)
Skill = (1,0,0,0,0,0,0,0,0,0,0,0,3000,20,20)
Skill = (2,106,190,0,0,0,0,0,0,0,5,0,0,0,0)
Skill = (3,40,40,0,0,0,0,0,0,0,5,0,0,0,0)
Skill = (4,78,78,0,0,0,0,0,0,0,1,0,0,0,0)
Skill = (5,480,480,0,0,0,0,0,0,0,10,0,0,0,0)
Skill = (6,17,0,10,0,0,0,0,0,0,0,4627,1500,4925,100)
Skill = (7,10,0,10,0,0,0,0,0,0,0,9,2000,30,30)
Skill = (8,11,0,10,0,0,0,0,0,0,0,121,2000,150,50)
Skill = (9,16,0,10,0,0,0,0,0,0,0,4125,2000,6350,50)
Skill = (10,10,0,10,0,0,0,0,0,0,0,0,2000,50,50)
Skill = (11,10,0,10,0,0,0,0,0,0,0,13,1500,50,50)
Skill = (12,0,2147483647,0,0,0,0,0,0,0,0,0,1000,2147483647,2147483647)
Skill = (13,15,0,10,0,0,0,0,0,0,0,146,1100,154,20)
Skill = (14,0,1200,0,0,0,0,0,0,0,0,0,0,0,0)
Skill = (15,0,2147483647,0,0,0,0,0,0,0,0,0,1000,2147483647,2147483647)
Skill = (16,0,2147483647,0,0,0,0,0,0,0,0,0,1000,2147483647,2147483647)
Skill = (17,0,2147483647,0,0,0,0,0,3,3,0,0,50,2147483647,2147483647)
Skill = (18,0,2147483647,0,0,0,0,0,0,0,0,0,1000,2147483647,2147483647)
Skill = (19,0,2147483647,0,0,0,0,0,0,0,0,0,1000,2147483647,2147483647)
Skill = (20,0,2147483647,0,0,0,0,0,0,0,0,0,1000,2147483647,2147483647)
Skill = (21,0,2147483647,0,0,0,0,0,0,0,0,0,1000,2147483647,2147483647)
Skill = (22,100,100,0,0,0,0,0,120,120,0,0,0,0,0)
Skill = (23,0,2147483647,0,0,0,0,0,0,0,0,0,1000,2147483647,2147483647)
Skill = (24,0,2147483647,0,0,0,0,0,0,0,0,0,1000,2147483647,2147483647)

Spells      = {}
QuestValues = {(18,1),(20,1),(32,1),(33,1),(35,1)}
Murders     = {}
