ID              = 11137122
Name            = "Wiss Antront"
Race            = 1
Profession      = 1
OriginalOutfit  = 128-21-10-0-38
CurrentOutfit   = 128-21-10-0-38
LastLogin       = 1132112801
LastLogout      = 1132122304
StartPosition   = [32360,31782,7]
CurrentPosition = [32593,31833,6]
PlayerkillerEnd = 0

Skill = (0,14,0,1,0,0,0,0,0,0,1,34399,0,37800,100)
Skill = (1,2,0,0,0,0,0,0,0,0,0,107,3000,260,20)
Skill = (2,227,275,0,0,0,0,0,0,0,15,0,0,0,0)
Skill = (3,32,65,0,0,0,0,0,0,0,5,0,0,0,0)
Skill = (4,83,83,0,0,0,0,0,0,0,1,0,0,0,0)
Skill = (5,620,620,0,0,0,0,0,0,0,25,0,0,0,0)
Skill = (6,39,0,10,0,0,0,0,0,0,0,14872,1100,16449,100)
Skill = (7,10,0,10,0,0,0,0,0,0,0,0,1400,30,30)
Skill = (8,39,0,10,0,0,0,0,0,0,0,7901,1100,8224,50)
Skill = (9,10,0,10,0,0,0,0,0,0,0,0,1100,50,50)
Skill = (10,10,0,10,0,0,0,0,0,0,0,0,1100,50,50)
Skill = (11,10,0,10,0,0,0,0,0,0,0,9,1100,50,50)
Skill = (12,0,2147483647,0,0,0,0,0,0,0,0,0,1000,2147483647,2147483647)
Skill = (13,10,0,10,0,0,0,0,0,0,0,0,1100,20,20)
Skill = (14,0,1200,0,0,0,692,0,0,0,0,0,0,0,0)
Skill = (15,0,2147483647,0,0,0,0,0,83,83,0,0,1000,2147483647,2147483647)
Skill = (16,0,2147483647,0,0,0,0,0,0,0,0,0,1000,2147483647,2147483647)
Skill = (17,0,2147483647,0,0,0,0,0,0,0,0,0,50,2147483647,2147483647)
Skill = (18,0,2147483647,0,0,0,0,0,0,0,0,0,1000,2147483647,2147483647)
Skill = (19,0,2147483647,0,0,0,0,0,0,0,0,0,1000,2147483647,2147483647)
Skill = (20,0,2147483647,0,0,0,0,0,0,0,0,0,1000,2147483647,2147483647)
Skill = (21,0,2147483647,0,0,0,0,0,0,0,0,0,1000,2147483647,2147483647)
Skill = (22,100,100,0,0,0,1,0,99,120,0,0,0,0,0)
Skill = (23,0,2147483647,0,0,0,0,0,0,0,0,0,1000,2147483647,2147483647)
Skill = (24,0,2147483647,0,0,0,0,0,0,0,0,0,1000,2147483647,2147483647)

Spells      = {10}
QuestValues = {(20,1),(21,1),(22,1),(23,1),(32,1),(33,1),(34,1),(96,1),(97,1)}
Murders     = {}
