ID              = 7995122
Name            = "Soceo Nailo"
Race            = 1
Profession      = 1
OriginalOutfit  = 137-79-115-95-115
CurrentOutfit   = 137-79-115-95-115
LastLogin       = 1131978539
LastLogout      = 1131978559
StartPosition   = [32649,31925,11]
CurrentPosition = [32645,31915,8]
PlayerkillerEnd = 0

Skill = (0,36,0,1,0,0,0,0,0,0,1,666600,0,717600,100)
Skill = (1,5,0,0,0,0,0,0,0,0,0,2532,3000,7280,20)
Skill = (2,605,605,0,0,0,0,0,0,0,15,0,0,0,0)
Skill = (3,33,175,0,0,0,0,0,0,0,5,0,0,0,0)
Skill = (4,105,105,0,0,0,0,0,0,0,1,0,0,0,0)
Skill = (5,1170,1170,0,0,0,0,0,0,0,25,0,0,0,0)
Skill = (6,68,0,10,0,0,0,0,0,0,0,255029,1100,275801,100)
Skill = (7,10,0,10,0,0,0,0,0,0,0,3,1400,30,30)
Skill = (8,69,0,10,0,0,0,0,0,0,0,145992,1100,151740,50)
Skill = (9,10,0,10,0,0,0,0,0,0,0,13,1100,50,50)
Skill = (10,10,0,10,0,0,0,0,0,0,0,0,1100,50,50)
Skill = (11,10,0,10,0,0,0,0,0,0,0,16,1100,50,50)
Skill = (12,0,2147483647,0,0,0,0,0,0,0,0,0,1000,2147483647,2147483647)
Skill = (13,47,0,10,0,0,0,0,0,0,0,6919,1100,7280,20)
Skill = (14,0,1200,0,0,0,654,0,0,0,0,0,0,0,0)
Skill = (15,0,2147483647,0,0,0,0,0,83,83,0,0,1000,2147483647,2147483647)
Skill = (16,0,2147483647,0,0,0,0,0,0,0,0,0,1000,2147483647,2147483647)
Skill = (17,0,2147483647,0,0,0,0,0,3,3,0,0,50,2147483647,2147483647)
Skill = (18,0,2147483647,0,0,0,0,0,8,8,0,0,1000,2147483647,2147483647)
Skill = (19,0,2147483647,0,0,0,0,0,10,10,0,0,1000,2147483647,2147483647)
Skill = (20,0,2147483647,0,0,0,0,0,120,120,0,0,1000,2147483647,2147483647)
Skill = (21,0,2147483647,0,0,0,0,0,0,0,0,0,1000,2147483647,2147483647)
Skill = (22,100,100,0,0,0,0,0,120,120,0,0,0,0,0)
Skill = (23,0,2147483647,0,0,0,0,0,0,0,0,0,1000,2147483647,2147483647)
Skill = (24,0,2147483647,0,0,0,0,0,0,0,0,0,1000,2147483647,2147483647)

Spells      = {1,10,20,29}
QuestValues = {(14,1),(15,1),(16,1),(17,1),(18,1),(19,1),(20,1),(21,1),(22,1),(23,1),(27,1),(35,1),(37,1),(49,1),(59,1),(72,1),(73,1),(74,1),(75,1),(88,1),(89,1),(90,1),(91,1),(92,1),(96,1),(97,1),(98,1),(99,1),(100,1),(106,1),(107,1),(109,1),(113,1),(114,1),(115,1),(116,1),(117,1),(118,1),(121,1),(125,1),(126,1),(137,1),(151,1),(152,1),(190,1),(191,1),(192,1),(206,1),(226,1)}
Murders     = {}
