ID              = 8690722
Name            = "Szalumc"
Race            = 1
Profession      = 2
OriginalOutfit  = 129-79-114-114-114
CurrentOutfit   = 129-79-114-114-114
LastLogin       = 1131818772
LastLogout      = 1131819297
StartPosition   = [32957,32076,7]
CurrentPosition = [32921,32076,7]
PlayerkillerEnd = 0

Skill = (0,13,0,1,0,0,0,0,0,0,1,26782,0,29900,100)
Skill = (1,7,0,0,0,0,0,0,0,0,0,542,1400,687,20)
Skill = (2,235,235,0,0,0,0,0,0,0,10,0,0,0,0)
Skill = (3,110,110,0,0,0,0,0,0,0,15,0,0,0,0)
Skill = (4,82,82,0,0,0,0,0,0,0,1,0,0,0,0)
Skill = (5,570,570,0,0,0,0,0,0,0,20,0,0,0,0)
Skill = (6,22,0,10,0,0,0,0,0,0,0,2414,1100,2452,100)
Skill = (7,39,0,10,0,0,0,0,0,0,0,4815,1100,4934,30)
Skill = (8,12,0,10,0,0,0,0,0,0,0,128,1200,181,50)
Skill = (9,22,0,10,0,0,0,0,0,0,0,2018,1200,2424,50)
Skill = (10,10,0,10,0,0,0,0,0,0,0,0,1200,50,50)
Skill = (11,15,0,10,0,0,0,0,0,0,0,447,1200,496,50)
Skill = (12,0,2147483647,0,0,0,0,0,0,0,0,0,1000,2147483647,2147483647)
Skill = (13,30,0,10,0,0,0,0,0,0,0,1242,1100,1280,20)
Skill = (14,0,1200,0,0,0,0,0,0,0,0,0,0,0,0)
Skill = (15,0,2147483647,0,0,0,0,0,0,0,0,0,1000,2147483647,2147483647)
Skill = (16,0,2147483647,0,0,0,0,0,0,0,0,0,1000,2147483647,2147483647)
Skill = (17,0,2147483647,0,0,0,0,0,0,0,0,0,50,2147483647,2147483647)
Skill = (18,0,2147483647,0,0,0,0,0,0,0,0,0,1000,2147483647,2147483647)
Skill = (19,0,2147483647,0,0,0,0,0,0,0,0,0,1000,2147483647,2147483647)
Skill = (20,0,2147483647,0,0,0,0,0,0,0,0,0,1000,2147483647,2147483647)
Skill = (21,0,2147483647,0,0,0,0,0,0,0,0,0,1000,2147483647,2147483647)
Skill = (22,86,100,0,0,0,0,0,0,0,0,0,0,0,0)
Skill = (23,0,2147483647,0,0,0,0,0,0,0,0,0,1000,2147483647,2147483647)
Skill = (24,0,2147483647,0,0,0,0,0,0,0,0,0,1000,2147483647,2147483647)

Spells      = {1,2,8,10,20,29,30,42,51}
QuestValues = {(17,1),(20,1),(21,1),(22,1),(23,1),(32,1),(33,1),(34,1),(35,1),(37,1),(59,1),(60,1),(100,1),(113,1),(114,1),(125,1),(126,1),(128,1)}
Murders     = {}
