ID              = 10798483
Name            = "Aurora Esmeralda"
Race            = 1
Profession      = 3
OriginalOutfit  = 139-78-0-0-114
CurrentOutfit   = 139-78-0-0-114
LastLogin       = 1131670988
LastLogout      = 1131671219
StartPosition   = [32369,32241,7]
CurrentPosition = [32506,32235,7]
PlayerkillerEnd = 0

Skill = (0,11,0,1,0,0,0,0,0,0,1,15263,0,17600,100)
Skill = (1,9,0,0,0,0,0,0,0,0,0,301,1100,318,20)
Skill = (2,200,200,0,0,0,0,0,0,0,5,0,0,0,0)
Skill = (3,98,125,0,0,0,0,0,0,0,30,0,0,0,0)
Skill = (4,80,80,0,0,0,0,0,0,0,1,0,0,0,0)
Skill = (5,500,500,0,0,0,0,0,0,0,10,0,0,0,0)
Skill = (6,19,0,10,0,0,0,0,0,0,0,11228,1500,11333,100)
Skill = (7,10,0,10,0,0,0,0,0,0,0,21,2000,30,30)
Skill = (8,17,0,10,0,0,0,0,0,0,0,8962,2000,12750,50)
Skill = (9,15,0,10,0,0,0,0,0,0,0,1890,2000,3150,50)
Skill = (10,10,0,10,0,0,0,0,0,0,0,0,2000,50,50)
Skill = (11,12,0,10,0,0,0,0,0,0,0,236,1500,237,50)
Skill = (12,0,2147483647,0,0,0,0,0,0,0,0,0,1000,2147483647,2147483647)
Skill = (13,15,0,10,0,0,0,0,0,0,0,141,1100,154,20)
Skill = (14,0,1200,0,0,0,131,0,0,0,0,0,0,0,0)
Skill = (15,0,2147483647,0,0,0,2,0,72,83,0,0,1000,2147483647,2147483647)
Skill = (16,0,2147483647,0,0,0,0,0,0,0,0,0,1000,2147483647,2147483647)
Skill = (17,0,2147483647,0,0,0,0,0,3,3,0,0,50,2147483647,2147483647)
Skill = (18,0,2147483647,0,0,0,0,0,0,0,0,0,1000,2147483647,2147483647)
Skill = (19,0,2147483647,0,0,0,0,0,0,0,0,0,1000,2147483647,2147483647)
Skill = (20,0,2147483647,0,0,0,0,0,0,0,0,0,1000,2147483647,2147483647)
Skill = (21,0,2147483647,0,0,0,0,0,0,0,0,0,1000,2147483647,2147483647)
Skill = (22,100,100,0,0,0,2,0,39,120,0,0,0,0,0)
Skill = (23,0,2147483647,0,0,0,0,0,0,0,0,0,1000,2147483647,2147483647)
Skill = (24,0,2147483647,0,0,0,0,0,0,0,0,0,1000,2147483647,2147483647)

Spells      = {1,7,10,26,29}
QuestValues = {(35,1),(59,1)}
Murders     = {}
