ID              = 11323983
Name            = "Bartin pallek"
Race            = 1
Profession      = 2
OriginalOutfit  = 129-40-94-113-132
CurrentOutfit   = 129-40-94-113-132
LastLogin       = 1132089708
LastLogout      = 1132091736
StartPosition   = [32369,32241,7]
CurrentPosition = [32356,32216,7]
PlayerkillerEnd = 0

Skill = (0,23,0,1,0,0,0,0,0,0,1,159589,0,179400,100)
Skill = (1,10,0,0,0,0,0,0,0,0,0,1835,1400,1974,20)
Skill = (2,136,335,0,0,0,0,0,0,0,10,0,0,0,0)
Skill = (3,75,260,0,0,0,0,0,0,0,15,0,0,0,0)
Skill = (4,92,92,0,0,0,0,0,0,0,1,0,0,0,0)
Skill = (5,770,770,0,0,0,0,0,0,0,20,0,0,0,0)
Skill = (6,33,0,10,0,0,0,0,0,0,0,8170,1100,8849,100)
Skill = (7,56,0,10,0,0,0,0,0,0,0,25865,1100,26159,30)
Skill = (8,20,0,10,0,0,0,0,0,0,0,1414,1200,1607,50)
Skill = (9,13,0,10,0,0,0,0,0,0,0,183,1200,268,50)
Skill = (10,10,0,10,0,0,0,0,0,0,0,7,1200,50,50)
Skill = (11,24,0,10,0,0,0,0,0,0,0,3597,1200,3601,50)
Skill = (12,0,2147483647,0,0,0,0,0,0,0,0,0,1000,2147483647,2147483647)
Skill = (13,19,0,10,0,0,0,0,0,0,0,317,1100,318,20)
Skill = (14,0,1200,0,0,0,531,0,0,0,0,0,0,0,0)
Skill = (15,0,2147483647,0,0,0,0,0,83,83,0,0,1000,2147483647,2147483647)
Skill = (16,0,2147483647,0,0,0,0,0,0,0,0,0,1000,2147483647,2147483647)
Skill = (17,0,2147483647,0,0,0,0,0,3,3,0,0,50,2147483647,2147483647)
Skill = (18,0,2147483647,0,0,0,0,0,8,8,0,0,1000,2147483647,2147483647)
Skill = (19,0,2147483647,0,0,0,0,0,10,10,0,0,1000,2147483647,2147483647)
Skill = (20,0,2147483647,0,0,0,0,0,0,0,0,0,1000,2147483647,2147483647)
Skill = (21,0,2147483647,0,0,0,0,0,0,0,0,0,1000,2147483647,2147483647)
Skill = (22,100,100,0,0,0,0,0,120,120,0,0,0,0,0)
Skill = (23,0,2147483647,0,0,0,0,0,0,0,0,0,1000,2147483647,2147483647)
Skill = (24,0,2147483647,0,0,0,0,0,0,0,0,0,1000,2147483647,2147483647)

Spells      = {1,2,3,10,29,42,48,49,51}
QuestValues = {(14,1),(15,1),(17,1),(18,1),(20,1),(21,1),(23,1),(35,1),(37,1),(59,1),(100,1),(106,1),(107,1),(125,1),(126,1),(128,1),(190,1),(191,1),(223,1),(253,1)}
Murders     = {}
