ID              = 7942983
Name            = "Arcus Nalufis"
Race            = 1
Profession      = 2
OriginalOutfit  = 129-89-114-114-89
CurrentOutfit   = 129-89-114-114-89
LastLogin       = 1132093258
LastLogout      = 1132093344
StartPosition   = [32369,32241,7]
CurrentPosition = [32346,32220,7]
PlayerkillerEnd = 0

Skill = (0,32,0,1,0,0,0,0,0,0,1,464533,0,499200,100)
Skill = (1,10,0,0,0,0,0,0,0,0,0,1600,1400,1974,20)
Skill = (2,425,425,0,0,0,0,0,0,0,10,0,0,0,0)
Skill = (3,395,395,0,0,0,0,0,0,0,15,0,0,0,0)
Skill = (4,101,101,0,0,0,0,0,0,0,1,0,0,0,0)
Skill = (5,950,950,0,0,0,0,0,0,0,20,0,0,0,0)
Skill = (6,26,0,10,0,0,0,0,0,0,0,3663,1100,4054,100)
Skill = (7,62,0,10,0,0,0,0,0,0,0,42507,1100,46574,30)
Skill = (8,11,0,10,0,0,0,0,0,0,0,60,1200,109,50)
Skill = (9,13,0,10,0,0,0,0,0,0,0,236,1200,268,50)
Skill = (10,10,0,10,0,0,0,0,0,0,0,22,1200,50,50)
Skill = (11,14,0,10,0,0,0,0,0,0,0,268,1200,372,50)
Skill = (12,0,2147483647,0,0,0,0,0,0,0,0,0,1000,2147483647,2147483647)
Skill = (13,13,0,10,0,0,0,0,0,0,0,84,1100,92,20)
Skill = (14,0,1200,0,0,0,0,0,0,0,0,0,0,0,0)
Skill = (15,0,2147483647,0,0,0,0,0,0,0,0,0,1000,2147483647,2147483647)
Skill = (16,0,2147483647,0,0,0,0,0,0,0,0,0,1000,2147483647,2147483647)
Skill = (17,0,2147483647,0,0,0,0,0,0,0,0,0,50,2147483647,2147483647)
Skill = (18,0,2147483647,0,0,0,0,0,0,0,0,0,1000,2147483647,2147483647)
Skill = (19,0,2147483647,0,0,0,0,0,0,0,0,0,1000,2147483647,2147483647)
Skill = (20,0,2147483647,0,0,0,0,0,0,0,0,0,1000,2147483647,2147483647)
Skill = (21,0,2147483647,0,0,0,0,0,0,0,0,0,1000,2147483647,2147483647)
Skill = (22,96,100,0,0,0,0,0,0,0,0,0,0,0,0)
Skill = (23,0,2147483647,0,0,0,0,0,0,0,0,0,1000,2147483647,2147483647)
Skill = (24,0,2147483647,0,0,0,0,0,0,0,0,0,1000,2147483647,2147483647)

Spells      = {2,3,6,8,10,20,29,42,51,76}
QuestValues = {(19,1),(20,1),(21,1),(22,1),(23,1),(25,1),(26,1),(27,1),(32,1),(33,1),(34,1),(38,1),(54,1),(55,1),(56,1),(58,1),(59,1),(60,1),(96,1),(97,1),(98,1),(100,1),(106,1),(107,1),(109,1),(125,1),(126,1),(137,1),(140,1),(141,1),(143,1),(151,1),(152,1),(190,1),(191,1),(222,1),(223,1)}
Murders     = {1130359840,1130970912,1131052483,1132093039}
