ID              = 8112783
Name            = "Ana'Furisfight"
Race            = 1
Profession      = 3
OriginalOutfit  = 140-79-88-0-0
CurrentOutfit   = 140-79-88-0-0
LastLogin       = 1132076821
LastLogout      = 1132077589
StartPosition   = [32360,31782,7]
CurrentPosition = [32336,31783,7]
PlayerkillerEnd = 0

Skill = (0,18,0,1,0,0,0,0,0,0,1,77707,0,83400,100)
Skill = (1,31,0,0,0,0,0,0,0,0,0,3888,1100,4022,20)
Skill = (2,235,235,0,0,0,0,0,0,0,5,0,0,0,0)
Skill = (3,33,335,0,0,0,0,0,0,0,30,0,0,0,0)
Skill = (4,87,87,0,0,0,0,0,0,0,1,0,0,0,0)
Skill = (5,570,570,0,0,0,0,0,0,0,10,0,0,0,0)
Skill = (6,18,0,10,0,0,0,0,0,0,0,7456,1500,7488,100)
Skill = (7,10,0,10,0,0,0,0,0,0,0,0,2000,30,30)
Skill = (8,15,0,10,0,0,0,0,0,0,0,1981,2000,3150,50)
Skill = (9,17,0,10,0,0,0,0,0,0,0,9850,2000,12750,50)
Skill = (10,10,0,10,0,0,0,0,0,0,0,0,2000,50,50)
Skill = (11,13,0,10,0,0,0,0,0,0,0,283,1500,406,50)
Skill = (12,0,2147483647,0,0,0,0,0,0,0,0,0,1000,2147483647,2147483647)
Skill = (13,42,0,10,0,0,0,0,0,0,0,4401,1100,4445,20)
Skill = (14,0,1200,0,0,0,0,0,0,0,0,0,0,0,0)
Skill = (15,0,2147483647,0,0,0,0,0,83,83,0,0,1000,2147483647,2147483647)
Skill = (16,0,2147483647,0,0,0,0,0,0,0,0,0,1000,2147483647,2147483647)
Skill = (17,0,2147483647,0,0,0,0,0,0,0,0,0,50,2147483647,2147483647)
Skill = (18,0,2147483647,0,0,0,0,0,8,8,0,0,1000,2147483647,2147483647)
Skill = (19,0,2147483647,0,0,0,0,0,0,0,0,0,1000,2147483647,2147483647)
Skill = (20,0,2147483647,0,0,0,0,0,0,0,0,0,1000,2147483647,2147483647)
Skill = (21,0,2147483647,0,0,0,0,0,0,0,0,0,1000,2147483647,2147483647)
Skill = (22,1,100,0,0,0,0,0,0,0,0,0,0,0,0)
Skill = (23,0,2147483647,0,0,0,0,0,0,0,0,0,1000,2147483647,2147483647)
Skill = (24,0,2147483647,0,0,0,0,0,0,0,0,0,1000,2147483647,2147483647)

Spells      = {1,3,7,8,10,13,16,18,20,21,29,44,45}
QuestValues = {(17,1),(20,1),(21,1),(22,1),(23,1),(32,1),(33,1),(34,1),(59,1),(61,1),(67,1),(70,1),(71,1),(109,1),(190,1),(191,1),(223,1),(225,1)}
Murders     = {1131279657}
