ID              = 8828983
Name            = "Supremo Rei Fohda"
Race            = 1
Profession      = 1
OriginalOutfit  = 128-115-114-76-114
CurrentOutfit   = 128-115-114-76-114
LastLogin       = 1121134952
LastLogout      = 1121139247
StartPosition   = [32369,32241,7]
CurrentPosition = [32369,32241,7]
PlayerkillerEnd = 0

Skill = (0,19,0,1,0,0,0,0,0,0,1,86705,0,98800,100)
Skill = (1,3,0,0,0,0,0,0,0,0,0,489,3000,800,20)
Skill = (2,350,350,0,0,0,0,0,0,0,15,0,0,0,0)
Skill = (3,1,90,0,0,0,0,0,0,0,5,0,0,0,0)
Skill = (4,88,88,0,0,0,0,0,0,0,1,0,0,0,0)
Skill = (5,745,745,0,0,0,0,0,0,0,25,0,0,0,0)
Skill = (6,40,0,10,0,0,0,0,0,0,0,17684,1100,18194,100)
Skill = (7,10,0,10,0,0,0,0,0,0,0,0,1400,30,30)
Skill = (8,46,0,10,0,0,0,0,0,0,0,16148,1100,16501,50)
Skill = (9,10,0,10,0,0,0,0,0,0,0,10,1100,50,50)
Skill = (10,10,0,10,0,0,0,0,0,0,0,0,1100,50,50)
Skill = (11,10,0,10,0,0,0,0,0,0,0,16,1100,50,50)
Skill = (12,0,2147483647,0,0,0,0,0,0,0,0,0,1000,2147483647,2147483647)
Skill = (13,40,0,10,0,0,0,0,0,0,0,3292,1100,3638,20)
Skill = (14,0,1200,0,0,0,642,0,0,0,0,0,0,0,0)
Skill = (15,0,2147483647,0,0,0,0,0,0,0,0,0,1000,2147483647,2147483647)
Skill = (16,0,2147483647,0,0,0,0,0,0,0,0,0,1000,2147483647,2147483647)
Skill = (17,0,2147483647,0,0,0,0,0,0,0,0,0,50,2147483647,2147483647)
Skill = (18,0,2147483647,0,0,0,0,0,0,0,0,0,1000,2147483647,2147483647)
Skill = (19,0,2147483647,0,0,0,0,0,0,0,0,0,1000,2147483647,2147483647)
Skill = (20,0,2147483647,0,0,0,0,0,0,0,0,0,1000,2147483647,2147483647)
Skill = (21,0,2147483647,0,0,0,0,0,0,0,0,0,1000,2147483647,2147483647)
Skill = (22,200,200,0,0,0,0,0,0,0,0,0,0,0,0)
Skill = (23,0,2147483647,0,0,0,0,0,0,0,0,0,1000,2147483647,2147483647)
Skill = (24,0,2147483647,0,0,0,0,0,0,0,0,0,1000,2147483647,2147483647)

Spells      = {1,10,29}
QuestValues = {(20,1),(21,1),(22,1),(23,1),(24,1),(30,1),(32,1),(33,1),(34,1),(35,1),(100,1),(224,1)}
Murders     = {}
