ID              = 9156683
Name            = "Renato with the rainbow"
Race            = 1
Profession      = 2
OriginalOutfit  = 129-116-114-114-114
CurrentOutfit   = 129-116-114-114-114
LastLogin       = 1131391769
LastLogout      = 1131391852
StartPosition   = [32732,31634,7]
CurrentPosition = [32650,31910,8]
PlayerkillerEnd = 0

Skill = (0,21,0,1,0,0,0,0,0,0,1,117979,0,135100,100)
Skill = (1,11,0,0,0,0,0,0,0,0,0,2268,1400,2784,20)
Skill = (2,315,315,0,0,0,0,0,0,0,10,0,0,0,0)
Skill = (3,181,230,0,0,0,0,0,0,0,15,0,0,0,0)
Skill = (4,90,90,0,0,0,0,0,0,0,1,0,0,0,0)
Skill = (5,730,730,0,0,0,0,0,0,0,20,0,0,0,0)
Skill = (6,47,0,10,0,0,0,0,0,0,0,33098,1100,36404,100)
Skill = (7,68,0,10,0,0,0,0,0,0,0,81747,1100,82740,30)
Skill = (8,10,0,10,0,0,0,0,0,0,0,11,1200,50,50)
Skill = (9,15,0,10,0,0,0,0,0,0,0,398,1200,496,50)
Skill = (10,21,0,10,0,0,0,0,0,0,0,1873,1200,1979,50)
Skill = (11,23,0,10,0,0,0,0,0,0,0,2659,1200,2959,50)
Skill = (12,0,2147483647,0,0,0,0,0,0,0,0,0,1000,2147483647,2147483647)
Skill = (13,50,0,10,0,0,0,0,0,0,0,9400,1100,9757,20)
Skill = (14,0,1200,0,0,0,0,0,0,0,0,0,0,0,0)
Skill = (15,0,2147483647,0,0,0,0,0,0,0,0,0,1000,2147483647,2147483647)
Skill = (16,0,2147483647,0,0,0,0,0,0,0,0,0,1000,2147483647,2147483647)
Skill = (17,0,2147483647,0,0,0,0,0,3,3,0,0,50,2147483647,2147483647)
Skill = (18,0,2147483647,0,0,0,0,0,8,8,0,0,1000,2147483647,2147483647)
Skill = (19,0,2147483647,0,0,0,0,0,0,0,0,0,1000,2147483647,2147483647)
Skill = (20,0,2147483647,0,0,0,0,0,0,0,0,0,1000,2147483647,2147483647)
Skill = (21,0,2147483647,0,0,0,0,0,0,0,0,0,1000,2147483647,2147483647)
Skill = (22,100,100,0,0,0,0,0,120,120,0,0,0,0,0)
Skill = (23,0,2147483647,0,0,0,0,0,0,0,0,0,1000,2147483647,2147483647)
Skill = (24,0,2147483647,0,0,0,0,0,0,0,0,0,1000,2147483647,2147483647)

Spells      = {1,3,8,42,44,51}
QuestValues = {(14,1),(21,1),(22,1),(23,1),(32,1),(33,1),(34,1),(35,1),(46,1),(96,1),(97,1),(98,1),(125,1),(126,1)}
Murders     = {}
