ID              = 9513483
Name            = "Cristal de crisao"
Race            = 1
Profession      = 2
OriginalOutfit  = 128-114-107-132-126
CurrentOutfit   = 128-114-107-132-126
LastLogin       = 1132098066
LastLogout      = 1132098070
StartPosition   = [32732,31634,7]
CurrentPosition = [32368,32085,7]
PlayerkillerEnd = 0

Skill = (0,19,0,1,0,0,0,0,0,0,1,85861,0,98800,100)
Skill = (1,8,0,0,0,0,0,0,0,0,0,765,1400,983,20)
Skill = (2,55,295,0,0,0,0,0,0,0,10,0,0,0,0)
Skill = (3,27,200,0,0,0,0,0,0,0,15,0,0,0,0)
Skill = (4,88,88,0,0,0,0,0,0,0,1,0,0,0,0)
Skill = (5,690,690,0,0,0,0,0,0,0,20,0,0,0,0)
Skill = (6,24,0,10,0,0,0,0,0,0,0,3033,1100,3177,100)
Skill = (7,49,0,10,0,0,0,0,0,0,0,12939,1100,13277,30)
Skill = (8,13,0,10,0,0,0,0,0,0,0,211,1200,268,50)
Skill = (9,20,0,10,0,0,0,0,0,0,0,1579,1200,1607,50)
Skill = (10,10,0,10,0,0,0,0,0,0,0,36,1200,50,50)
Skill = (11,12,0,10,0,0,0,0,0,0,0,148,1200,181,50)
Skill = (12,0,2147483647,0,0,0,0,0,0,0,0,0,1000,2147483647,2147483647)
Skill = (13,19,0,10,0,0,0,0,0,0,0,297,1100,318,20)
Skill = (14,0,1200,0,0,0,1074,0,0,0,0,0,0,0,0)
Skill = (15,0,2147483647,0,0,0,0,0,0,0,0,0,1000,2147483647,2147483647)
Skill = (16,0,2147483647,0,0,0,0,0,0,0,0,0,1000,2147483647,2147483647)
Skill = (17,0,2147483647,0,0,0,0,0,3,3,0,0,50,2147483647,2147483647)
Skill = (18,0,2147483647,0,0,0,0,0,0,0,0,0,1000,2147483647,2147483647)
Skill = (19,0,2147483647,0,0,0,0,0,0,0,0,0,1000,2147483647,2147483647)
Skill = (20,0,2147483647,0,0,0,0,0,0,0,0,0,1000,2147483647,2147483647)
Skill = (21,0,2147483647,0,0,0,0,0,0,0,0,0,1000,2147483647,2147483647)
Skill = (22,98,100,0,0,0,2,0,1,120,0,0,0,0,0)
Skill = (23,0,2147483647,0,0,0,0,0,0,0,0,0,1000,2147483647,2147483647)
Skill = (24,0,2147483647,0,0,0,0,0,0,0,0,0,1000,2147483647,2147483647)

Spells      = {1,3,8,10,42,51}
QuestValues = {(17,1),(20,1),(21,1),(22,1),(23,1),(35,1),(49,1),(59,1),(88,1),(89,1),(90,1),(96,1),(97,1),(98,1)}
Murders     = {}
