ID              = 9593083
Name            = "Petersonix"
Race            = 1
Profession      = 4
OriginalOutfit  = 130-58-95-114-115
CurrentOutfit   = 130-58-95-114-115
LastLogin       = 1132077083
LastLogout      = 1132077778
StartPosition   = [32369,32241,7]
CurrentPosition = [32374,32215,7]
PlayerkillerEnd = 0

Skill = (0,12,0,1,0,0,0,0,0,0,1,21170,0,23200,100)
Skill = (1,11,0,0,0,0,0,0,0,0,0,390,1100,427,20)
Skill = (2,180,205,0,0,0,0,0,0,0,5,0,0,0,0)
Skill = (3,15,155,0,0,0,0,0,0,0,30,0,0,0,0)
Skill = (4,81,81,0,0,0,0,0,0,0,1,0,0,0,0)
Skill = (5,510,510,0,0,0,0,0,0,0,10,0,0,0,0)
Skill = (6,20,0,10,0,0,0,0,0,0,0,16251,1500,17099,100)
Skill = (7,12,0,10,0,0,0,0,0,0,0,93,1800,181,30)
Skill = (8,18,0,10,0,0,0,0,0,0,0,10923,1800,12334,50)
Skill = (9,15,0,10,0,0,0,0,0,0,0,1164,1800,2063,50)
Skill = (10,13,0,10,0,0,0,0,0,0,0,521,1800,593,50)
Skill = (11,13,0,10,0,0,0,0,0,0,0,262,1500,406,50)
Skill = (12,0,2147483647,0,0,0,0,0,0,0,0,0,1000,2147483647,2147483647)
Skill = (13,13,0,10,0,0,0,0,0,0,0,76,1100,92,20)
Skill = (14,0,1200,0,0,0,0,0,0,0,0,0,0,0,0)
Skill = (15,0,2147483647,0,0,0,0,0,83,83,0,0,1000,2147483647,2147483647)
Skill = (16,0,2147483647,0,0,0,0,0,0,0,0,0,1000,2147483647,2147483647)
Skill = (17,0,2147483647,0,0,0,0,0,3,3,0,0,50,2147483647,2147483647)
Skill = (18,0,2147483647,0,0,0,0,0,8,8,0,0,1000,2147483647,2147483647)
Skill = (19,0,2147483647,0,0,0,0,0,0,0,0,0,1000,2147483647,2147483647)
Skill = (20,0,2147483647,0,0,0,0,0,0,0,0,0,1000,2147483647,2147483647)
Skill = (21,0,2147483647,0,0,0,0,0,0,0,0,0,1000,2147483647,2147483647)
Skill = (22,96,100,0,0,0,0,0,120,120,0,0,0,0,0)
Skill = (23,0,2147483647,0,0,0,0,0,0,0,0,0,1000,2147483647,2147483647)
Skill = (24,0,2147483647,0,0,0,0,0,0,0,0,0,1000,2147483647,2147483647)

Spells      = {1,8,10,42}
QuestValues = {(32,1),(33,1),(35,1),(59,1),(223,1)}
Murders     = {}
