ID              = 9616583
Name            = "Dur Kewl"
Race            = 1
Profession      = 2
OriginalOutfit  = 129-114-114-114-0
CurrentOutfit   = 129-114-114-114-0
LastLogin       = 1132092315
LastLogout      = 1132093712
StartPosition   = [32369,32241,7]
CurrentPosition = [32398,32172,11]
PlayerkillerEnd = 0

Skill = (0,11,0,1,0,0,0,0,0,0,1,15941,0,17600,100)
Skill = (1,5,0,0,0,0,0,0,0,0,0,323,1400,326,20)
Skill = (2,101,215,0,0,0,0,0,0,0,10,0,0,0,0)
Skill = (3,35,80,0,0,0,0,0,0,0,15,0,0,0,0)
Skill = (4,80,80,0,0,0,0,0,0,0,1,0,0,0,0)
Skill = (5,530,530,0,0,0,0,0,0,0,20,0,0,0,0)
Skill = (6,25,0,10,0,0,0,0,0,0,0,3366,1100,3594,100)
Skill = (7,28,0,10,0,0,0,0,0,0,0,1448,1100,1534,30)
Skill = (8,23,0,10,0,0,0,0,0,0,0,2503,1200,2959,50)
Skill = (9,13,0,10,0,0,0,0,0,0,0,261,1200,268,50)
Skill = (10,19,0,10,0,0,0,0,0,0,0,1231,1200,1297,50)
Skill = (11,10,0,10,0,0,0,0,0,0,0,43,1200,50,50)
Skill = (12,0,2147483647,0,0,0,0,0,0,0,0,0,1000,2147483647,2147483647)
Skill = (13,23,0,10,0,0,0,0,0,0,0,499,1100,559,20)
Skill = (14,0,1200,0,0,0,1058,0,0,0,0,0,0,0,0)
Skill = (15,0,2147483647,0,0,0,3,0,7,83,0,0,1000,2147483647,2147483647)
Skill = (16,0,2147483647,0,0,0,0,0,0,0,0,0,1000,2147483647,2147483647)
Skill = (17,0,2147483647,0,0,0,0,0,3,3,0,0,50,2147483647,2147483647)
Skill = (18,0,2147483647,0,0,0,0,0,8,8,0,0,1000,2147483647,2147483647)
Skill = (19,0,2147483647,0,0,0,0,0,0,0,0,0,1000,2147483647,2147483647)
Skill = (20,0,2147483647,0,0,0,0,0,0,0,0,0,1000,2147483647,2147483647)
Skill = (21,0,2147483647,0,0,0,0,0,0,0,0,0,1000,2147483647,2147483647)
Skill = (22,100,100,0,0,0,2,0,12,120,0,0,0,0,0)
Skill = (23,0,2147483647,0,0,0,0,0,0,0,0,0,1000,2147483647,2147483647)
Skill = (24,0,2147483647,0,0,0,0,0,0,0,0,0,1000,2147483647,2147483647)

Spells      = {7,8,10,15,42,51}
QuestValues = {(18,1),(20,1),(35,1),(128,1),(223,1)}
Murders     = {}
