ID              = 9923283
Name            = "Kien Alix"
Race            = 1
Profession      = 1
OriginalOutfit  = 131-0-94-114-94
CurrentOutfit   = 131-0-94-114-94
LastLogin       = 1129846887
LastLogout      = 1129847748
StartPosition   = [32360,31782,7]
CurrentPosition = [32377,31634,7]
PlayerkillerEnd = 0

Skill = (0,17,0,1,0,0,0,0,0,0,1,59363,0,69700,100)
Skill = (1,2,0,0,0,0,0,0,0,0,0,250,3000,260,20)
Skill = (2,66,320,0,0,0,0,0,0,0,15,0,0,0,0)
Skill = (3,17,80,0,0,0,0,0,0,0,5,0,0,0,0)
Skill = (4,86,86,0,0,0,0,0,0,0,1,0,0,0,0)
Skill = (5,695,695,0,0,0,0,0,0,0,25,0,0,0,0)
Skill = (6,37,0,10,0,0,0,0,0,0,0,12446,1100,13420,100)
Skill = (7,10,0,10,0,0,0,0,0,0,0,14,1400,30,30)
Skill = (8,43,0,10,0,0,0,0,0,0,0,11273,1100,12273,50)
Skill = (9,11,0,10,0,0,0,0,0,0,0,63,1100,105,50)
Skill = (10,10,0,10,0,0,0,0,0,0,0,0,1100,50,50)
Skill = (11,11,0,10,0,0,0,0,0,0,0,77,1100,105,50)
Skill = (12,0,2147483647,0,0,0,0,0,0,0,0,0,1000,2147483647,2147483647)
Skill = (13,27,0,10,0,0,0,0,0,0,0,846,1100,911,20)
Skill = (14,0,1200,0,0,0,0,0,0,0,0,0,0,0,0)
Skill = (15,0,2147483647,0,0,0,0,0,0,0,0,0,1000,2147483647,2147483647)
Skill = (16,0,2147483647,0,0,0,0,0,0,0,0,0,1000,2147483647,2147483647)
Skill = (17,0,2147483647,0,0,0,0,0,0,0,0,0,50,2147483647,2147483647)
Skill = (18,0,2147483647,0,0,0,0,0,8,8,0,0,1000,2147483647,2147483647)
Skill = (19,0,2147483647,0,0,0,0,0,0,0,0,0,1000,2147483647,2147483647)
Skill = (20,0,2147483647,0,0,0,0,0,0,0,0,0,1000,2147483647,2147483647)
Skill = (21,0,2147483647,0,0,0,0,0,0,0,0,0,1000,2147483647,2147483647)
Skill = (22,100,100,0,0,0,1,0,106,120,0,0,0,0,0)
Skill = (23,0,2147483647,0,0,0,0,0,0,0,0,0,1000,2147483647,2147483647)
Skill = (24,0,2147483647,0,0,0,0,0,0,0,0,0,1000,2147483647,2147483647)

Spells      = {1,10,29}
QuestValues = {(223,1)}
Murders     = {}
