ID              = 10154328
Name            = "Necro Volt"
Race            = 1
Profession      = 1
OriginalOutfit  = 129-115-119-0-94
CurrentOutfit   = 129-115-119-0-94
LastLogin       = 1132104666
LastLogout      = 1132104898
StartPosition   = [32369,32241,7]
CurrentPosition = [32345,32222,7]
PlayerkillerEnd = 0

Skill = (0,17,0,1,0,0,0,0,0,0,1,63125,0,69700,100)
Skill = (1,3,0,0,0,0,0,0,0,0,0,310,3000,800,20)
Skill = (2,127,320,0,0,0,0,0,0,0,15,0,0,0,0)
Skill = (3,8,80,0,0,0,0,0,0,0,5,0,0,0,0)
Skill = (4,86,86,0,0,0,0,0,0,0,1,0,0,0,0)
Skill = (5,695,695,0,0,0,0,0,0,0,25,0,0,0,0)
Skill = (6,38,0,10,0,0,0,0,0,0,0,13456,1100,14863,100)
Skill = (7,13,0,10,0,0,0,0,0,0,0,177,1400,213,30)
Skill = (8,42,0,10,0,0,0,0,0,0,0,10967,1100,11112,50)
Skill = (9,11,0,10,0,0,0,0,0,0,0,54,1100,105,50)
Skill = (10,12,0,10,0,0,0,0,0,0,0,128,1100,165,50)
Skill = (11,11,0,10,0,0,0,0,0,0,0,99,1100,105,50)
Skill = (12,0,2147483647,0,0,0,0,0,0,0,0,0,1000,2147483647,2147483647)
Skill = (13,24,0,10,0,0,0,0,0,0,0,584,1100,635,20)
Skill = (14,0,1200,0,0,0,493,0,0,0,0,0,0,0,0)
Skill = (15,0,2147483647,0,0,0,0,0,83,83,0,0,1000,2147483647,2147483647)
Skill = (16,0,2147483647,0,0,0,0,0,0,0,0,0,1000,2147483647,2147483647)
Skill = (17,0,2147483647,0,0,0,0,0,0,0,0,0,50,2147483647,2147483647)
Skill = (18,0,2147483647,0,0,0,0,0,0,0,0,0,1000,2147483647,2147483647)
Skill = (19,0,2147483647,0,0,0,0,0,0,0,0,0,1000,2147483647,2147483647)
Skill = (20,0,2147483647,0,0,0,0,0,0,0,0,0,1000,2147483647,2147483647)
Skill = (21,0,2147483647,0,0,0,0,0,0,0,0,0,1000,2147483647,2147483647)
Skill = (22,100,100,0,0,0,0,0,120,120,0,0,0,0,0)
Skill = (23,0,2147483647,0,0,0,0,0,0,0,0,0,1000,2147483647,2147483647)
Skill = (24,0,2147483647,0,0,0,0,0,0,0,0,0,1000,2147483647,2147483647)

Spells      = {1,10,20}
QuestValues = {(20,1),(21,1),(22,1),(23,1),(30,1),(32,1),(33,1),(34,1),(35,1),(37,1),(60,1),(61,1),(93,1),(94,1),(95,1),(125,1),(126,1),(223,1)}
Murders     = {}
