ID              = 10176228
Name            = "David Radikal"
Race            = 1
Profession      = 4
OriginalOutfit  = 130-78-67-82-94
CurrentOutfit   = 130-78-67-82-94
LastLogin       = 1130875475
LastLogout      = 1130875494
StartPosition   = [32957,32076,7]
CurrentPosition = [32863,32124,6]
PlayerkillerEnd = 0

Skill = (0,8,0,1,0,0,0,0,0,0,1,5247,0,6400,100)
Skill = (1,0,0,0,0,0,0,0,0,0,0,0,1100,20,20)
Skill = (2,185,185,0,0,0,0,0,0,0,5,0,0,0,0)
Skill = (3,35,35,0,0,0,0,0,0,0,30,0,0,0,0)
Skill = (4,77,77,0,0,0,0,0,0,0,1,0,0,0,0)
Skill = (5,470,470,0,0,0,0,0,0,0,10,0,0,0,0)
Skill = (6,11,0,10,0,0,0,0,0,0,0,152,1500,250,100)
Skill = (7,10,0,10,0,0,0,0,0,0,0,29,1800,30,30)
Skill = (8,16,0,10,0,0,0,0,0,0,0,2599,1800,3763,50)
Skill = (9,11,0,10,0,0,0,0,0,0,0,63,1800,140,50)
Skill = (10,14,0,10,0,0,0,0,0,0,0,640,1800,1118,50)
Skill = (11,10,0,10,0,0,0,0,0,0,0,48,1500,50,50)
Skill = (12,0,2147483647,0,0,0,0,0,0,0,0,0,1000,2147483647,2147483647)
Skill = (13,12,0,10,0,0,0,0,0,0,0,49,1100,66,20)
Skill = (14,0,1200,0,0,0,0,0,0,0,0,0,0,0,0)
Skill = (15,0,2147483647,0,0,0,0,0,0,0,0,0,1000,2147483647,2147483647)
Skill = (16,0,2147483647,0,0,0,0,0,0,0,0,0,1000,2147483647,2147483647)
Skill = (17,0,2147483647,0,0,0,0,0,3,3,0,0,50,2147483647,2147483647)
Skill = (18,0,2147483647,0,0,0,0,0,0,0,0,0,1000,2147483647,2147483647)
Skill = (19,0,2147483647,0,0,0,0,0,0,0,0,0,1000,2147483647,2147483647)
Skill = (20,0,2147483647,0,0,0,0,0,0,0,0,0,1000,2147483647,2147483647)
Skill = (21,0,2147483647,0,0,0,0,0,0,0,0,0,1000,2147483647,2147483647)
Skill = (22,100,100,0,0,0,0,0,120,120,0,0,0,0,0)
Skill = (23,0,2147483647,0,0,0,0,0,0,0,0,0,1000,2147483647,2147483647)
Skill = (24,0,2147483647,0,0,0,0,0,0,0,0,0,1000,2147483647,2147483647)

Spells      = {}
QuestValues = {(18,1),(35,1),(59,1),(223,1),(224,1)}
Murders     = {}
