ID              = 10443028
Name            = "Joana Enforcer"
Race            = 1
Profession      = 3
OriginalOutfit  = 137-79-114-114-114
CurrentOutfit   = 137-79-114-114-114
LastLogin       = 1132083305
LastLogout      = 1132084856
StartPosition   = [32360,31782,7]
CurrentPosition = [32328,31776,8]
PlayerkillerEnd = 0

Skill = (0,11,0,1,0,0,0,0,0,0,1,16402,0,17600,100)
Skill = (1,7,0,0,0,0,0,0,0,0,0,218,1100,228,20)
Skill = (2,163,200,0,0,0,0,0,0,0,5,0,0,0,0)
Skill = (3,0,100,0,0,0,0,0,0,0,30,0,0,0,0)
Skill = (4,80,80,0,0,0,0,0,0,0,1,0,0,0,0)
Skill = (5,500,500,0,0,0,0,0,0,0,10,0,0,0,0)
Skill = (6,17,0,10,0,0,0,0,0,0,0,3657,1500,4925,100)
Skill = (7,10,0,10,0,0,0,0,0,0,0,17,2000,30,30)
Skill = (8,16,0,10,0,0,0,0,0,0,0,4104,2000,6350,50)
Skill = (9,14,0,10,0,0,0,0,0,0,0,1431,2000,1550,50)
Skill = (10,10,0,10,0,0,0,0,0,0,0,0,2000,50,50)
Skill = (11,10,0,10,0,0,0,0,0,0,0,27,1500,50,50)
Skill = (12,0,2147483647,0,0,0,0,0,0,0,0,0,1000,2147483647,2147483647)
Skill = (13,10,0,10,0,0,0,0,0,0,0,0,1100,20,20)
Skill = (14,0,1200,0,0,0,0,0,0,0,0,0,0,0,0)
Skill = (15,0,2147483647,0,0,0,0,0,0,0,0,0,1000,2147483647,2147483647)
Skill = (16,0,2147483647,0,0,0,0,0,0,0,0,0,1000,2147483647,2147483647)
Skill = (17,0,2147483647,0,0,0,0,0,0,0,0,0,50,2147483647,2147483647)
Skill = (18,0,2147483647,0,0,0,0,0,0,0,0,0,1000,2147483647,2147483647)
Skill = (19,0,2147483647,0,0,0,0,0,10,10,0,0,1000,2147483647,2147483647)
Skill = (20,0,2147483647,0,0,0,0,0,0,0,0,0,1000,2147483647,2147483647)
Skill = (21,0,2147483647,0,0,0,0,0,0,0,0,0,1000,2147483647,2147483647)
Skill = (22,98,100,0,0,0,0,0,0,0,0,0,0,0,0)
Skill = (23,0,2147483647,0,0,0,0,0,0,0,0,0,1000,2147483647,2147483647)
Skill = (24,0,2147483647,0,0,0,0,0,0,0,0,0,1000,2147483647,2147483647)

Spells      = {1,10,15}
QuestValues = {(18,1),(60,1),(125,1),(126,1)}
Murders     = {}
