ID              = 7987828
Name            = "Macabro Headshot"
Race            = 1
Profession      = 2
OriginalOutfit  = 134-116-0-132-115
CurrentOutfit   = 134-116-0-132-115
LastLogin       = 1122271366
LastLogout      = 1122271371
StartPosition   = [32732,31634,7]
CurrentPosition = [32732,31634,7]
PlayerkillerEnd = 0

Skill = (0,10,0,1,0,0,0,0,0,0,1,12263,0,13000,100)
Skill = (1,4,0,0,0,0,0,0,0,0,0,190,1400,218,20)
Skill = (2,187,205,0,0,0,0,0,0,0,10,0,0,0,0)
Skill = (3,39,65,0,0,0,0,0,0,0,15,0,0,0,0)
Skill = (4,79,79,0,0,0,0,0,0,0,1,0,0,0,0)
Skill = (5,510,510,0,0,0,0,0,0,0,20,0,0,0,0)
Skill = (6,35,0,10,0,0,0,0,0,0,0,10175,1100,10918,100)
Skill = (7,41,0,10,0,0,0,0,0,0,0,5908,1100,6034,30)
Skill = (8,10,0,10,0,0,0,0,0,0,0,0,1200,50,50)
Skill = (9,13,0,10,0,0,0,0,0,0,0,190,1200,268,50)
Skill = (10,16,0,10,0,0,0,0,0,0,0,585,1200,645,50)
Skill = (11,14,0,10,0,0,0,0,0,0,0,337,1200,372,50)
Skill = (12,0,2147483647,0,0,0,0,0,0,0,0,0,1000,2147483647,2147483647)
Skill = (13,22,0,10,0,0,0,0,0,0,0,453,1100,490,20)
Skill = (14,0,1200,0,0,0,238,0,0,0,0,0,0,0,0)
Skill = (15,0,2147483647,0,0,0,3,0,37,83,0,0,1000,2147483647,2147483647)
Skill = (16,0,2147483647,0,0,0,0,0,0,0,0,0,1000,2147483647,2147483647)
Skill = (17,0,2147483647,0,0,0,0,0,3,3,0,0,50,2147483647,2147483647)
Skill = (18,0,2147483647,0,0,0,0,0,8,8,0,0,1000,2147483647,2147483647)
Skill = (19,0,2147483647,0,0,0,0,0,0,0,0,0,1000,2147483647,2147483647)
Skill = (20,0,2147483647,0,0,0,0,0,0,0,0,0,1000,2147483647,2147483647)
Skill = (21,0,2147483647,0,0,0,0,0,0,0,0,0,1000,2147483647,2147483647)
Skill = (22,200,200,0,0,0,0,0,0,0,0,0,0,0,0)
Skill = (23,0,2147483647,0,0,0,0,0,0,0,0,0,1000,2147483647,2147483647)
Skill = (24,0,2147483647,0,0,0,0,0,0,0,0,0,1000,2147483647,2147483647)

Spells      = {2,10,29}
QuestValues = {(19,1),(21,1),(22,1),(23,1),(32,1),(33,1),(34,1)}
Murders     = {}
