ID              = 8045728
Name            = "Fros Dras"
Race            = 1
Profession      = 4
OriginalOutfit  = 130-91-114-114-114
CurrentOutfit   = 130-91-114-114-114
LastLogin       = 1131421653
LastLogout      = 1131421686
StartPosition   = [32360,31782,7]
CurrentPosition = [32336,31786,7]
PlayerkillerEnd = 0

Skill = (0,6,0,1,0,0,0,0,0,0,1,1692,0,2600,100)
Skill = (1,9,0,0,0,0,0,0,0,0,0,305,1100,318,20)
Skill = (2,175,175,0,0,0,0,0,0,0,5,0,0,0,0)
Skill = (3,-25,-25,0,0,0,0,0,0,0,30,0,0,0,0)
Skill = (4,75,75,0,0,0,0,0,0,0,1,0,0,0,0)
Skill = (5,450,450,0,0,0,0,0,0,0,10,0,0,0,0)
Skill = (6,12,0,10,0,0,0,0,0,0,0,257,1500,475,100)
Skill = (7,10,0,10,0,0,0,0,0,0,0,0,1800,30,30)
Skill = (8,11,0,10,0,0,0,0,0,0,0,99,1800,140,50)
Skill = (9,12,0,10,0,0,0,0,0,0,0,140,1800,302,50)
Skill = (10,12,0,10,0,0,0,0,0,0,0,246,1800,302,50)
Skill = (11,11,0,10,0,0,0,0,0,0,0,116,1500,125,50)
Skill = (12,0,2147483647,0,0,0,0,0,0,0,0,0,1000,2147483647,2147483647)
Skill = (13,17,0,10,0,0,0,0,0,0,0,226,1100,228,20)
Skill = (14,0,1200,0,0,0,0,0,0,0,0,0,0,0,0)
Skill = (15,0,2147483647,0,0,0,0,0,0,0,0,0,1000,2147483647,2147483647)
Skill = (16,0,2147483647,0,0,0,0,0,0,0,0,0,1000,2147483647,2147483647)
Skill = (17,0,2147483647,0,0,0,0,0,0,0,0,0,50,2147483647,2147483647)
Skill = (18,0,2147483647,0,0,0,0,0,0,0,0,0,1000,2147483647,2147483647)
Skill = (19,0,2147483647,0,0,0,0,0,0,0,0,0,1000,2147483647,2147483647)
Skill = (20,0,2147483647,0,0,0,0,0,0,0,0,0,1000,2147483647,2147483647)
Skill = (21,0,2147483647,0,0,0,0,0,0,0,0,0,1000,2147483647,2147483647)
Skill = (22,100,100,0,0,0,0,0,0,0,0,0,0,0,0)
Skill = (23,0,2147483647,0,0,0,0,0,0,0,0,0,1000,2147483647,2147483647)
Skill = (24,0,2147483647,0,0,0,0,0,0,0,0,0,1000,2147483647,2147483647)

Spells      = {1,5,8,20}
QuestValues = {(20,1),(21,1),(22,1),(23,1),(109,1)}
Murders     = {1129257644}
