ID              = 8197228
Name            = "Royal Memo"
Race            = 1
Profession      = 2
OriginalOutfit  = 129-0-0-0-0
CurrentOutfit   = 129-0-0-0-0
LastLogin       = 1132008298
LastLogout      = 1132008373
StartPosition   = [32732,31634,7]
CurrentPosition = [32657,31639,9]
PlayerkillerEnd = 0

Skill = (0,28,0,1,0,0,0,0,0,0,1,304530,0,330400,100)
Skill = (1,10,0,0,0,0,0,0,0,0,0,1888,1400,1974,20)
Skill = (2,385,385,0,0,0,0,0,0,0,10,0,0,0,0)
Skill = (3,116,335,0,0,0,0,0,0,0,15,0,0,0,0)
Skill = (4,97,97,0,0,0,0,0,0,0,1,0,0,0,0)
Skill = (5,870,870,0,0,0,0,0,0,0,20,0,0,0,0)
Skill = (6,40,0,10,0,0,0,0,0,0,0,17073,1100,18194,100)
Skill = (7,64,0,10,0,0,0,0,0,0,0,53895,1100,56417,30)
Skill = (8,11,0,10,0,0,0,0,0,0,0,102,1200,109,50)
Skill = (9,12,0,10,0,0,0,0,0,0,0,122,1200,181,50)
Skill = (10,10,0,10,0,0,0,0,0,0,0,27,1200,50,50)
Skill = (11,25,0,10,0,0,0,0,0,0,0,3868,1200,4372,50)
Skill = (12,0,2147483647,0,0,0,0,0,0,0,0,0,1000,2147483647,2147483647)
Skill = (13,30,0,10,0,0,0,0,0,0,0,1195,1100,1280,20)
Skill = (14,0,1200,0,0,0,801,0,0,0,0,0,0,0,0)
Skill = (15,0,2147483647,0,0,0,0,0,0,0,0,0,1000,2147483647,2147483647)
Skill = (16,0,2147483647,0,0,0,0,0,0,0,0,0,1000,2147483647,2147483647)
Skill = (17,0,2147483647,0,0,0,0,0,0,0,0,0,50,2147483647,2147483647)
Skill = (18,0,2147483647,0,0,0,0,0,8,8,0,0,1000,2147483647,2147483647)
Skill = (19,0,2147483647,0,0,0,0,0,0,0,0,0,1000,2147483647,2147483647)
Skill = (20,0,2147483647,0,0,0,0,0,0,0,0,0,1000,2147483647,2147483647)
Skill = (21,0,2147483647,0,0,0,0,0,0,0,0,0,1000,2147483647,2147483647)
Skill = (22,92,100,0,0,0,0,0,120,120,0,0,0,0,0)
Skill = (23,0,2147483647,0,0,0,0,0,0,0,0,0,1000,2147483647,2147483647)
Skill = (24,0,2147483647,0,0,0,0,0,0,0,0,0,1000,2147483647,2147483647)

Spells      = {1,2,3,6,8,20,29,30,42,51,76,79,81}
QuestValues = {(14,1),(15,1),(16,1),(19,1),(20,1),(21,1),(22,1),(23,1),(35,1),(46,1),(96,1),(97,1),(98,1),(121,1),(179,1),(180,1),(190,1),(191,1)}
Murders     = {}
