ID              = 8289328
Name            = "Son Danilo"
Race            = 1
Profession      = 13
OriginalOutfit  = 133-3-101-6-0
CurrentOutfit   = 133-3-101-6-0
LastLogin       = 1132148166
LastLogout      = 1132149105
StartPosition   = [33213,32454,1]
CurrentPosition = [33199,32406,7]
PlayerkillerEnd = 0

Skill = (0,39,0,1,0,0,0,0,0,0,1,883856,0,917800,100)
Skill = (1,48,0,0,0,0,0,0,0,0,0,19995,1100,21143,20)
Skill = (2,340,340,0,0,0,0,0,0,0,5,0,0,0,0)
Skill = (3,68,965,0,0,0,0,0,0,0,30,0,0,0,0)
Skill = (4,108,108,0,0,0,0,0,0,0,1,0,0,0,0)
Skill = (5,780,780,0,0,0,0,0,0,0,10,0,0,0,0)
Skill = (6,25,0,10,0,0,0,0,0,0,0,87828,1500,131168,100)
Skill = (7,10,0,10,0,0,0,0,0,0,0,12,2000,30,30)
Skill = (8,20,0,10,0,0,0,0,0,0,0,68814,2000,102350,50)
Skill = (9,10,0,10,0,0,0,0,0,0,0,0,2000,50,50)
Skill = (10,10,0,10,0,0,0,0,0,0,0,0,2000,50,50)
Skill = (11,13,0,10,0,0,0,0,0,0,0,338,1500,406,50)
Skill = (12,0,2147483647,0,0,0,0,0,0,0,0,0,1000,2147483647,2147483647)
Skill = (13,50,0,10,0,0,0,0,0,0,0,9727,1100,9757,20)
Skill = (14,0,1200,0,0,0,968,0,0,0,0,0,0,0,0)
Skill = (15,0,2147483647,0,0,0,0,0,83,83,0,0,1000,2147483647,2147483647)
Skill = (16,0,2147483647,0,0,0,0,0,200,200,0,0,1000,2147483647,2147483647)
Skill = (17,0,2147483647,0,0,0,0,0,0,0,0,0,50,2147483647,2147483647)
Skill = (18,0,2147483647,0,0,0,0,0,0,0,0,0,1000,2147483647,2147483647)
Skill = (19,0,2147483647,0,0,0,0,0,10,10,0,0,1000,2147483647,2147483647)
Skill = (20,0,2147483647,0,0,0,0,0,0,0,0,0,1000,2147483647,2147483647)
Skill = (21,0,2147483647,0,0,0,0,0,200,200,0,0,1000,2147483647,2147483647)
Skill = (22,62,200,0,0,0,0,0,15,15,0,0,0,0,0)
Skill = (23,0,2147483647,0,0,0,0,0,0,0,0,0,1000,2147483647,2147483647)
Skill = (24,0,2147483647,0,0,0,0,0,0,0,0,0,1000,2147483647,2147483647)

Spells      = {1,2,3,6,8,9,10,11,13,15,16,17,18,19,20,21,23,24,25,26,29,30,33,39,44,45,81,87,88,89}
QuestValues = {(14,1),(18,1),(20,1),(27,1),(38,1),(55,1),(59,1),(67,1),(70,1),(71,1),(77,1),(78,1),(93,1),(94,1),(95,1),(96,1),(97,1),(98,1),(109,1),(111,1),(112,1),(125,1),(126,1),(137,1),(138,1),(139,1),(140,1),(141,1),(151,1),(152,1),(190,1),(191,1),(222,1),(223,1),(227,5),(228,2),(229,3),(230,21),(231,2),(232,1),(233,10),(234,7),(235,1),(236,1),(237,1),(238,1),(239,1),(240,1),(241,1),(242,1),(243,1),(244,2),(245,2),(246,1),(247,1),(248,1),(249,5),(250,5),(251,3)}
Murders     = {}
