ID              = 8378928
Name            = "Gowen"
Race            = 1
Profession      = 1
OriginalOutfit  = 130-0-79-79-0
CurrentOutfit   = 130-0-79-79-0
LastLogin       = 1118492928
LastLogout      = 1118492933
StartPosition   = [32360,31782,7]
CurrentPosition = [32360,31782,7]
PlayerkillerEnd = 0

Skill = (0,13,0,1,0,0,0,0,0,0,1,25986,0,29900,100)
Skill = (1,2,0,0,0,0,0,0,0,0,0,134,3000,260,20)
Skill = (2,226,260,0,0,0,0,0,0,0,15,0,0,0,0)
Skill = (3,35,60,0,0,0,0,0,0,0,5,0,0,0,0)
Skill = (4,82,82,0,0,0,0,0,0,0,1,0,0,0,0)
Skill = (5,595,595,0,0,0,0,0,0,0,25,0,0,0,0)
Skill = (6,39,0,10,0,0,0,0,0,0,0,15817,1100,16449,100)
Skill = (7,11,0,10,0,0,0,0,0,0,0,39,1400,71,30)
Skill = (8,41,0,10,0,0,0,0,0,0,0,9701,1100,10056,50)
Skill = (9,15,0,10,0,0,0,0,0,0,0,349,1100,385,50)
Skill = (10,10,0,10,0,0,0,0,0,0,0,4,1100,50,50)
Skill = (11,13,0,10,0,0,0,0,0,0,0,210,1100,232,50)
Skill = (12,0,2147483647,0,0,0,0,0,0,0,0,0,1000,2147483647,2147483647)
Skill = (13,23,0,10,0,0,0,0,0,0,0,504,1100,559,20)
Skill = (14,0,1200,0,0,0,55,0,0,0,0,0,0,0,0)
Skill = (15,0,2147483647,0,0,0,0,0,83,83,0,0,1000,2147483647,2147483647)
Skill = (16,0,2147483647,0,0,0,0,0,0,0,0,0,1000,2147483647,2147483647)
Skill = (17,0,2147483647,0,0,0,0,0,3,3,0,0,50,2147483647,2147483647)
Skill = (18,0,2147483647,0,0,0,0,0,0,0,0,0,1000,2147483647,2147483647)
Skill = (19,0,2147483647,0,0,0,0,0,0,0,0,0,1000,2147483647,2147483647)
Skill = (20,0,2147483647,0,0,0,0,0,0,0,0,0,1000,2147483647,2147483647)
Skill = (21,0,2147483647,0,0,0,0,0,0,0,0,0,1000,2147483647,2147483647)
Skill = (22,200,200,0,0,0,0,0,0,0,0,0,0,0,0)
Skill = (23,0,2147483647,0,0,0,0,0,0,0,0,0,1000,2147483647,2147483647)
Skill = (24,0,2147483647,0,0,0,0,0,0,0,0,0,1000,2147483647,2147483647)

Spells      = {1,10,29}
QuestValues = {(20,1),(21,1),(22,1),(23,1),(33,1),(34,1),(35,1),(59,1),(60,1),(223,1)}
Murders     = {}
