ID              = 8992228
Name            = "Mandalorian Mage"
Race            = 1
Profession      = 3
OriginalOutfit  = 130-85-124-124-76
CurrentOutfit   = 130-85-124-124-76
LastLogin       = 1121415313
LastLogout      = 1121415329
StartPosition   = [32369,32241,7]
CurrentPosition = [32369,32241,7]
PlayerkillerEnd = 0

Skill = (0,10,0,1,0,0,0,0,0,0,1,12184,0,13000,100)
Skill = (1,14,0,0,0,0,0,0,0,0,0,569,1100,635,20)
Skill = (2,195,195,0,0,0,0,0,0,0,5,0,0,0,0)
Skill = (3,20,95,0,0,0,0,0,0,0,30,0,0,0,0)
Skill = (4,79,79,0,0,0,0,0,0,0,1,0,0,0,0)
Skill = (5,490,490,0,0,0,0,0,0,0,10,0,0,0,0)
Skill = (6,18,0,10,0,0,0,0,0,0,0,7285,1500,7488,100)
Skill = (7,10,0,10,0,0,0,0,0,0,0,0,2000,30,30)
Skill = (8,16,0,10,0,0,0,0,0,0,0,5964,2000,6350,50)
Skill = (9,10,0,10,0,0,0,0,0,0,0,15,2000,50,50)
Skill = (10,10,0,10,0,0,0,0,0,0,0,0,2000,50,50)
Skill = (11,10,0,10,0,0,0,0,0,0,0,0,1500,50,50)
Skill = (12,0,2147483647,0,0,0,0,0,0,0,0,0,1000,2147483647,2147483647)
Skill = (13,10,0,10,0,0,0,0,0,0,0,0,1100,20,20)
Skill = (14,0,1200,0,0,0,0,0,0,0,0,0,0,0,0)
Skill = (15,0,2147483647,0,0,0,0,0,83,83,0,0,1000,2147483647,2147483647)
Skill = (16,0,2147483647,0,0,0,0,0,0,0,0,0,1000,2147483647,2147483647)
Skill = (17,0,2147483647,0,0,0,0,0,3,3,0,0,50,2147483647,2147483647)
Skill = (18,0,2147483647,0,0,0,0,0,0,0,0,0,1000,2147483647,2147483647)
Skill = (19,0,2147483647,0,0,0,0,0,0,0,0,0,1000,2147483647,2147483647)
Skill = (20,0,2147483647,0,0,0,0,0,0,0,0,0,1000,2147483647,2147483647)
Skill = (21,0,2147483647,0,0,0,0,0,0,0,0,0,1000,2147483647,2147483647)
Skill = (22,200,200,0,0,0,0,0,0,0,0,0,0,0,0)
Skill = (23,0,2147483647,0,0,0,0,0,0,0,0,0,1000,2147483647,2147483647)
Skill = (24,0,2147483647,0,0,0,0,0,0,0,0,0,1000,2147483647,2147483647)

Spells      = {2,7,8,10,29}
QuestValues = {(17,1),(20,1),(21,1),(22,1),(23,1),(59,1),(100,1),(223,1)}
Murders     = {}
