ID              = 9313828
Name            = "Royal Disher"
Race            = 1
Profession      = 2
OriginalOutfit  = 129-114-71-71-114
CurrentOutfit   = 129-114-71-71-114
LastLogin       = 1132097378
LastLogout      = 1132097432
StartPosition   = [32360,31782,7]
CurrentPosition = [32919,32072,6]
PlayerkillerEnd = 0

Skill = (0,12,0,1,0,0,0,0,0,0,1,19605,0,23200,100)
Skill = (1,5,0,0,0,0,0,0,0,0,0,308,1400,326,20)
Skill = (2,137,225,0,0,0,0,0,0,0,10,0,0,0,0)
Skill = (3,19,95,0,0,0,0,0,0,0,15,0,0,0,0)
Skill = (4,81,81,0,0,0,0,0,0,0,1,0,0,0,0)
Skill = (5,550,550,0,0,0,0,0,0,0,20,0,0,0,0)
Skill = (6,31,0,10,0,0,0,0,0,0,0,6522,1100,7140,100)
Skill = (7,40,0,10,0,0,0,0,0,0,0,5316,1100,5458,30)
Skill = (8,11,0,10,0,0,0,0,0,0,0,83,1200,109,50)
Skill = (9,17,0,10,0,0,0,0,0,0,0,752,1200,824,50)
Skill = (10,10,0,10,0,0,0,0,0,0,0,1,1200,50,50)
Skill = (11,15,0,10,0,0,0,0,0,0,0,470,1200,496,50)
Skill = (12,0,2147483647,0,0,0,0,0,0,0,0,0,1000,2147483647,2147483647)
Skill = (13,22,0,10,0,0,0,0,0,0,0,458,1100,490,20)
Skill = (14,0,1200,0,0,0,0,0,0,0,0,0,0,0,0)
Skill = (15,0,2147483647,0,0,0,0,0,0,0,0,0,1000,2147483647,2147483647)
Skill = (16,0,2147483647,0,0,0,0,0,0,0,0,0,1000,2147483647,2147483647)
Skill = (17,0,2147483647,0,0,0,0,0,3,3,0,0,50,2147483647,2147483647)
Skill = (18,0,2147483647,0,0,0,0,0,0,0,0,0,1000,2147483647,2147483647)
Skill = (19,0,2147483647,0,0,0,0,0,0,0,0,0,1000,2147483647,2147483647)
Skill = (20,0,2147483647,0,0,0,0,0,0,0,0,0,1000,2147483647,2147483647)
Skill = (21,0,2147483647,0,0,0,0,0,0,0,0,0,1000,2147483647,2147483647)
Skill = (22,100,100,0,0,0,0,0,120,120,0,0,0,0,0)
Skill = (23,0,2147483647,0,0,0,0,0,0,0,0,0,1000,2147483647,2147483647)
Skill = (24,0,2147483647,0,0,0,0,0,0,0,0,0,1000,2147483647,2147483647)

Spells      = {1,2,8,10,20,29,42,51}
QuestValues = {(19,1),(20,1),(21,1),(22,1),(23,1),(27,1),(32,1),(33,1),(34,1),(59,1),(96,1),(97,1)}
Murders     = {}
