ID              = 9922128
Name            = "Kapuleto"
Race            = 1
Profession      = 12
OriginalOutfit  = 134-0-38-76-38
CurrentOutfit   = 134-0-38-76-38
LastLogin       = 1132083247
LastLogout      = 1132083537
StartPosition   = [32360,31782,7]
CurrentPosition = [32683,31690,7]
PlayerkillerEnd = 0

Skill = (0,34,0,1,0,0,0,0,0,0,1,566563,0,601800,100)
Skill = (1,11,0,0,0,0,0,0,0,0,0,2614,1400,2784,20)
Skill = (2,445,445,0,0,0,0,0,0,0,10,0,0,0,0)
Skill = (3,59,425,0,0,0,0,0,0,0,15,0,0,0,0)
Skill = (4,103,103,0,0,0,0,0,0,0,1,0,0,0,0)
Skill = (5,990,990,0,0,0,0,0,0,0,20,0,0,0,0)
Skill = (6,34,0,10,0,0,0,0,0,0,0,9623,1100,9834,100)
Skill = (7,65,0,10,0,0,0,0,0,0,0,61945,1100,62089,30)
Skill = (8,18,0,10,0,0,0,0,0,0,0,863,1200,1039,50)
Skill = (9,11,0,10,0,0,0,0,0,0,0,98,1200,109,50)
Skill = (10,10,0,10,0,0,0,0,0,0,0,1,1200,50,50)
Skill = (11,13,0,10,0,0,0,0,0,0,0,221,1200,268,50)
Skill = (12,0,2147483647,0,0,0,0,0,0,0,0,0,1000,2147483647,2147483647)
Skill = (13,36,0,10,0,0,0,0,0,0,0,2365,1100,2421,20)
Skill = (14,0,1200,0,0,0,78,0,0,0,0,0,0,0,0)
Skill = (15,0,2147483647,0,0,0,0,0,0,0,0,0,1000,2147483647,2147483647)
Skill = (16,0,2147483647,0,0,0,0,0,0,0,0,0,1000,2147483647,2147483647)
Skill = (17,0,2147483647,0,0,0,0,0,0,0,0,0,50,2147483647,2147483647)
Skill = (18,0,2147483647,0,0,0,0,0,0,0,0,0,1000,2147483647,2147483647)
Skill = (19,0,2147483647,0,0,0,0,0,0,0,0,0,1000,2147483647,2147483647)
Skill = (20,0,2147483647,0,0,0,0,0,0,0,0,0,1000,2147483647,2147483647)
Skill = (21,0,2147483647,0,0,0,0,0,0,0,0,0,1000,2147483647,2147483647)
Skill = (22,200,200,0,0,0,0,0,0,0,0,0,0,0,0)
Skill = (23,0,2147483647,0,0,0,0,0,0,0,0,0,1000,2147483647,2147483647)
Skill = (24,0,2147483647,0,0,0,0,0,0,0,0,0,1000,2147483647,2147483647)

Spells      = {1,3,6,8,10,20,29,51,79}
QuestValues = {(1,3),(2,6),(20,1),(36,1),(41,1),(42,1),(43,1),(44,1),(56,1),(96,1),(97,1),(121,1),(137,1),(151,1),(152,1),(190,1),(191,1),(211,4)}
Murders     = {}
