ID              = 10997258
Name            = "Kusmier of Zanera"
Race            = 1
Profession      = 3
OriginalOutfit  = 130-114-87-87-87
CurrentOutfit   = 130-114-87-87-87
LastLogin       = 1132146408
LastLogout      = 1132148264
StartPosition   = [32369,32241,7]
CurrentPosition = [32275,32304,7]
PlayerkillerEnd = 0

Skill = (0,11,0,1,0,0,0,0,0,0,1,14709,0,17600,100)
Skill = (1,11,0,0,0,0,0,0,0,0,0,378,1100,427,20)
Skill = (2,200,200,0,0,0,0,0,0,0,5,0,0,0,0)
Skill = (3,116,125,0,0,0,0,0,0,0,30,0,0,0,0)
Skill = (4,80,80,0,0,0,0,0,0,0,1,0,0,0,0)
Skill = (5,500,500,0,0,0,0,0,0,0,10,0,0,0,0)
Skill = (6,18,0,10,0,0,0,0,0,0,0,6766,1500,7488,100)
Skill = (7,10,0,10,0,0,0,0,0,0,0,0,2000,30,30)
Skill = (8,10,0,10,0,0,0,0,0,0,0,27,2000,50,50)
Skill = (9,16,0,10,0,0,0,0,0,0,0,5358,2000,6350,50)
Skill = (10,14,0,10,0,0,0,0,0,0,0,1118,2000,1550,50)
Skill = (11,11,0,10,0,0,0,0,0,0,0,97,1500,125,50)
Skill = (12,0,2147483647,0,0,0,0,0,0,0,0,0,1000,2147483647,2147483647)
Skill = (13,10,0,10,0,0,0,0,0,0,0,0,1100,20,20)
Skill = (14,0,1200,0,0,0,1057,0,0,0,0,0,0,0,0)
Skill = (15,0,2147483647,0,0,0,0,0,0,0,0,0,1000,2147483647,2147483647)
Skill = (16,0,2147483647,0,0,0,0,0,0,0,0,0,1000,2147483647,2147483647)
Skill = (17,0,2147483647,0,0,0,0,0,0,0,0,0,50,2147483647,2147483647)
Skill = (18,0,2147483647,0,0,0,0,0,8,8,0,0,1000,2147483647,2147483647)
Skill = (19,0,2147483647,0,0,0,0,0,0,0,0,0,1000,2147483647,2147483647)
Skill = (20,0,2147483647,0,0,0,0,0,0,0,0,0,1000,2147483647,2147483647)
Skill = (21,0,2147483647,0,0,0,0,0,0,0,0,0,1000,2147483647,2147483647)
Skill = (22,100,100,0,0,0,0,0,120,120,0,0,0,0,0)
Skill = (23,0,2147483647,0,0,0,0,0,0,0,0,0,1000,2147483647,2147483647)
Skill = (24,0,2147483647,0,0,0,0,0,0,0,0,0,1000,2147483647,2147483647)

Spells      = {1,2,8,10,29}
QuestValues = {(20,1),(21,1),(22,1),(23,1),(35,1),(55,1),(106,1),(107,1),(140,1),(141,1),(223,1),(224,1)}
Murders     = {}
