ID              = 11062458
Name            = "Zohdy Basha"
Race            = 1
Profession      = 1
OriginalOutfit  = 129-0-114-114-0
CurrentOutfit   = 129-0-114-114-0
LastLogin       = 1131798664
LastLogout      = 1131798791
StartPosition   = [32957,32076,7]
CurrentPosition = [32772,32069,7]
PlayerkillerEnd = 0

Skill = (0,13,0,1,0,0,0,0,0,0,1,24435,0,29900,100)
Skill = (1,1,0,0,0,0,0,0,0,0,0,70,3000,80,20)
Skill = (2,260,260,0,0,0,0,0,0,0,15,0,0,0,0)
Skill = (3,18,60,0,0,0,0,0,0,0,5,0,0,0,0)
Skill = (4,82,82,0,0,0,0,0,0,0,1,0,0,0,0)
Skill = (5,595,595,0,0,0,0,0,0,0,25,0,0,0,0)
Skill = (6,30,0,10,0,0,0,0,0,0,0,5873,1100,6400,100)
Skill = (7,10,0,10,0,0,0,0,0,0,0,0,1400,30,30)
Skill = (8,10,0,10,0,0,0,0,0,0,0,28,1100,50,50)
Skill = (9,32,0,10,0,0,0,0,0,0,0,3759,1100,3977,50)
Skill = (10,11,0,10,0,0,0,0,0,0,0,71,1100,105,50)
Skill = (11,10,0,10,0,0,0,0,0,0,0,0,1100,50,50)
Skill = (12,0,2147483647,0,0,0,0,0,0,0,0,0,1000,2147483647,2147483647)
Skill = (13,10,0,10,0,0,0,0,0,0,0,0,1100,20,20)
Skill = (14,0,1200,0,0,0,0,0,0,0,0,0,0,0,0)
Skill = (15,0,2147483647,0,0,0,0,0,83,83,0,0,1000,2147483647,2147483647)
Skill = (16,0,2147483647,0,0,0,0,0,0,0,0,0,1000,2147483647,2147483647)
Skill = (17,0,2147483647,0,0,0,0,0,3,3,0,0,50,2147483647,2147483647)
Skill = (18,0,2147483647,0,0,0,0,0,0,0,0,0,1000,2147483647,2147483647)
Skill = (19,0,2147483647,0,0,0,0,0,10,10,0,0,1000,2147483647,2147483647)
Skill = (20,0,2147483647,0,0,0,0,0,0,0,0,0,1000,2147483647,2147483647)
Skill = (21,0,2147483647,0,0,0,0,0,0,0,0,0,1000,2147483647,2147483647)
Skill = (22,100,100,0,0,0,0,0,120,120,0,0,0,0,0)
Skill = (23,0,2147483647,0,0,0,0,0,0,0,0,0,1000,2147483647,2147483647)
Skill = (24,0,2147483647,0,0,0,0,0,0,0,0,0,1000,2147483647,2147483647)

Spells      = {10}
QuestValues = {(18,1),(32,1),(33,1),(34,1),(35,1),(226,1)}
Murders     = {}
