ID              = 11695758
Name            = "Baron Alix"
Race            = 1
Profession      = 0
OriginalOutfit  = 128-63-113-58-79
CurrentOutfit   = 128-63-113-58-79
LastLogin       = 1132066173
LastLogout      = 1132067031
StartPosition   = [32097,32219,7]
CurrentPosition = [32113,32193,8]
PlayerkillerEnd = 0

Skill = (0,7,0,1,0,0,0,0,0,0,1,3133,0,4200,100)
Skill = (1,0,0,0,0,0,0,0,0,0,0,0,3000,20,20)
Skill = (2,180,180,0,0,0,0,0,0,0,5,0,0,0,0)
Skill = (3,30,30,0,0,0,0,0,0,0,5,0,0,0,0)
Skill = (4,76,76,0,0,0,0,0,0,0,1,0,0,0,0)
Skill = (5,460,460,0,0,0,0,0,0,0,10,0,0,0,0)
Skill = (6,11,0,10,0,0,0,0,0,0,0,203,1500,250,100)
Skill = (7,10,0,10,0,0,0,0,0,0,0,0,2000,30,30)
Skill = (8,13,0,10,0,0,0,0,0,0,0,457,2000,750,50)
Skill = (9,15,0,10,0,0,0,0,0,0,0,1923,2000,3150,50)
Skill = (10,12,0,10,0,0,0,0,0,0,0,346,2000,350,50)
Skill = (11,10,0,10,0,0,0,0,0,0,0,0,1500,50,50)
Skill = (12,0,2147483647,0,0,0,0,0,0,0,0,0,1000,2147483647,2147483647)
Skill = (13,10,0,10,0,0,0,0,0,0,0,0,1100,20,20)
Skill = (14,0,1200,0,0,0,0,0,0,0,0,0,0,0,0)
Skill = (15,0,2147483647,0,0,0,0,0,0,0,0,0,1000,2147483647,2147483647)
Skill = (16,0,2147483647,0,0,0,0,0,0,0,0,0,1000,2147483647,2147483647)
Skill = (17,0,2147483647,0,0,0,0,0,3,3,0,0,50,2147483647,2147483647)
Skill = (18,0,2147483647,0,0,0,0,0,0,0,0,0,1000,2147483647,2147483647)
Skill = (19,0,2147483647,0,0,0,0,0,0,0,0,0,1000,2147483647,2147483647)
Skill = (20,0,2147483647,0,0,0,0,0,0,0,0,0,1000,2147483647,2147483647)
Skill = (21,0,2147483647,0,0,0,0,0,0,0,0,0,1000,2147483647,2147483647)
Skill = (22,100,100,0,0,0,0,0,120,120,0,0,0,0,0)
Skill = (23,0,2147483647,0,0,0,0,0,0,0,0,0,1000,2147483647,2147483647)
Skill = (24,0,2147483647,0,0,0,0,0,0,0,0,0,1000,2147483647,2147483647)

Spells      = {}
QuestValues = {}
Murders     = {}
