ID              = 8132958
Name            = "Livekingnes"
Race            = 1
Profession      = 3
OriginalOutfit  = 138-79-96-114-114
CurrentOutfit   = 138-79-96-114-114
LastLogin       = 1124463626
LastLogout      = 1124463664
StartPosition   = [32732,31634,7]
CurrentPosition = [32679,31687,4]
PlayerkillerEnd = 0

Skill = (0,11,0,1,0,0,0,0,0,0,1,14917,0,17600,100)
Skill = (1,18,0,0,0,0,0,0,0,0,0,969,1100,1023,20)
Skill = (2,200,200,0,0,0,0,0,0,0,5,0,0,0,0)
Skill = (3,125,125,0,0,0,0,0,0,0,30,0,0,0,0)
Skill = (4,80,80,0,0,0,0,0,0,0,1,0,0,0,0)
Skill = (5,500,500,0,0,0,0,0,0,0,10,0,0,0,0)
Skill = (6,17,0,10,0,0,0,0,0,0,0,4109,1500,4925,100)
Skill = (7,11,0,10,0,0,0,0,0,0,0,67,2000,90,30)
Skill = (8,16,0,10,0,0,0,0,0,0,0,4356,2000,6350,50)
Skill = (9,12,0,10,0,0,0,0,0,0,0,263,2000,350,50)
Skill = (10,10,0,10,0,0,0,0,0,0,0,13,2000,50,50)
Skill = (11,10,0,10,0,0,0,0,0,0,0,40,1500,50,50)
Skill = (12,0,2147483647,0,0,0,0,0,0,0,0,0,1000,2147483647,2147483647)
Skill = (13,22,0,10,0,0,0,0,0,0,0,475,1100,490,20)
Skill = (14,0,1200,0,0,0,0,0,0,0,0,0,0,0,0)
Skill = (15,0,2147483647,0,0,0,0,0,0,0,0,0,1000,2147483647,2147483647)
Skill = (16,0,2147483647,0,0,0,0,0,0,0,0,0,1000,2147483647,2147483647)
Skill = (17,0,2147483647,0,0,0,0,0,0,0,0,0,50,2147483647,2147483647)
Skill = (18,0,2147483647,0,0,0,0,0,0,0,0,0,1000,2147483647,2147483647)
Skill = (19,0,2147483647,0,0,0,0,0,0,0,0,0,1000,2147483647,2147483647)
Skill = (20,0,2147483647,0,0,0,0,0,0,0,0,0,1000,2147483647,2147483647)
Skill = (21,0,2147483647,0,0,0,0,0,0,0,0,0,1000,2147483647,2147483647)
Skill = (22,52,100,0,0,0,0,0,0,0,0,0,0,0,0)
Skill = (23,0,2147483647,0,0,0,0,0,0,0,0,0,1000,2147483647,2147483647)
Skill = (24,0,2147483647,0,0,0,0,0,0,0,0,0,1000,2147483647,2147483647)

Spells      = {1,2,3,7,8,10,15,20,22,25,26,27,29,30,44}
QuestValues = {(18,1),(20,1),(21,1),(22,1),(23,1),(29,1),(30,1),(32,1),(33,1),(34,1),(35,1),(46,1),(59,1),(96,1),(97,1),(98,1),(106,1),(107,1),(125,1),(126,1)}
Murders     = {}
