ID              = 8413858
Name            = "Head Hunter By Day"
Race            = 1
Profession      = 1
OriginalOutfit  = 139-114-114-114-114
CurrentOutfit   = 139-114-114-114-114
LastLogin       = 1126303936
LastLogout      = 1126304347
StartPosition   = [32369,32241,7]
CurrentPosition = [32348,32361,6]
PlayerkillerEnd = 0

Skill = (0,13,0,1,0,0,0,0,0,0,1,24991,0,29900,100)
Skill = (1,2,0,0,0,0,0,0,0,0,0,167,3000,260,20)
Skill = (2,260,260,0,0,0,0,0,0,0,15,0,0,0,0)
Skill = (3,38,60,0,0,0,0,0,0,0,5,0,0,0,0)
Skill = (4,82,82,0,0,0,0,0,0,0,1,0,0,0,0)
Skill = (5,595,595,0,0,0,0,0,0,0,25,0,0,0,0)
Skill = (6,30,0,10,0,0,0,0,0,0,0,6080,1100,6400,100)
Skill = (7,10,0,10,0,0,0,0,0,0,0,1,1400,30,30)
Skill = (8,10,0,10,0,0,0,0,0,0,0,19,1100,50,50)
Skill = (9,33,0,10,0,0,0,0,0,0,0,4068,1100,4424,50)
Skill = (10,14,0,10,0,0,0,0,0,0,0,273,1100,305,50)
Skill = (11,10,0,10,0,0,0,0,0,0,0,1,1100,50,50)
Skill = (12,0,2147483647,0,0,0,0,0,0,0,0,0,1000,2147483647,2147483647)
Skill = (13,12,0,10,0,0,0,0,0,0,0,49,1100,66,20)
Skill = (14,0,1200,0,0,0,810,0,0,0,0,0,0,0,0)
Skill = (15,0,2147483647,0,0,0,4,0,58,83,0,0,1000,2147483647,2147483647)
Skill = (16,0,2147483647,0,0,0,0,0,0,0,0,0,1000,2147483647,2147483647)
Skill = (17,0,2147483647,0,0,0,0,0,0,0,0,0,50,2147483647,2147483647)
Skill = (18,0,2147483647,0,0,0,0,0,0,0,0,0,1000,2147483647,2147483647)
Skill = (19,0,2147483647,0,0,0,0,0,0,0,0,0,1000,2147483647,2147483647)
Skill = (20,0,2147483647,0,0,0,0,0,0,0,0,0,1000,2147483647,2147483647)
Skill = (21,0,2147483647,0,0,0,0,0,0,0,0,0,1000,2147483647,2147483647)
Skill = (22,100,100,0,0,0,2,0,8,120,0,0,0,0,0)
Skill = (23,0,2147483647,0,0,0,0,0,0,0,0,0,1000,2147483647,2147483647)
Skill = (24,0,2147483647,0,0,0,0,0,0,0,0,0,1000,2147483647,2147483647)

Spells      = {1,10,29}
QuestValues = {(20,1),(21,1),(22,1),(23,1),(32,1),(33,1),(34,1),(35,1),(106,1),(107,1),(223,1)}
Murders     = {}
