ID              = 8938158
Name            = "Draggy Gambler"
Race            = 1
Profession      = 11
OriginalOutfit  = 134-10-124-114-124
CurrentOutfit   = 134-10-124-114-124
LastLogin       = 1132143777
LastLogout      = 1132143787
StartPosition   = [32732,31634,7]
CurrentPosition = [32657,31660,8]
PlayerkillerEnd = 0

Skill = (0,39,0,1,0,0,0,0,0,0,1,885312,0,917800,100)
Skill = (1,5,0,0,0,0,0,0,0,0,0,2886,3000,7280,20)
Skill = (2,650,650,0,0,0,0,0,0,0,15,0,0,0,0)
Skill = (3,187,190,0,0,0,0,0,0,0,5,0,0,0,0)
Skill = (4,108,108,0,0,0,0,0,10,10,1,0,0,0,0)
Skill = (5,1245,1245,0,0,0,0,0,0,0,25,0,0,0,0)
Skill = (6,60,0,10,0,0,0,0,0,0,0,118534,1100,128129,100)
Skill = (7,10,0,10,0,0,0,0,0,0,0,24,1400,30,30)
Skill = (8,63,0,10,0,0,0,0,0,0,0,80947,1100,85435,50)
Skill = (9,10,0,10,0,0,0,0,0,0,0,0,1100,50,50)
Skill = (10,10,0,10,0,0,0,0,0,0,0,0,1100,50,50)
Skill = (11,10,0,10,0,0,0,0,0,0,0,30,1100,50,50)
Skill = (12,0,2147483647,0,0,0,0,0,0,0,0,0,1000,2147483647,2147483647)
Skill = (13,31,0,10,0,0,0,0,0,0,0,1382,1100,1428,20)
Skill = (14,0,1200,0,0,0,993,0,0,0,0,0,0,0,0)
Skill = (15,0,2147483647,0,0,0,0,0,83,83,0,0,1000,2147483647,2147483647)
Skill = (16,0,2147483647,0,0,0,0,0,0,0,0,0,1000,2147483647,2147483647)
Skill = (17,0,2147483647,0,0,0,0,0,3,3,0,0,50,2147483647,2147483647)
Skill = (18,0,2147483647,0,0,0,0,0,8,8,0,0,1000,2147483647,2147483647)
Skill = (19,0,2147483647,0,0,0,0,0,10,10,0,0,1000,2147483647,2147483647)
Skill = (20,0,2147483647,0,0,0,0,0,120,120,0,0,1000,2147483647,2147483647)
Skill = (21,0,2147483647,0,0,0,0,0,0,0,0,0,1000,2147483647,2147483647)
Skill = (22,200,200,0,0,0,0,0,15,15,0,0,0,0,0)
Skill = (23,0,2147483647,0,0,0,0,0,0,0,0,0,1000,2147483647,2147483647)
Skill = (24,0,2147483647,0,0,0,0,0,0,0,0,0,1000,2147483647,2147483647)

Spells      = {1,6,10,20,29,76,80,81}
QuestValues = {(20,1),(21,1),(22,1),(23,1),(35,1),(72,1),(73,1),(74,1),(75,1),(96,1),(97,1),(98,1),(112,1),(125,1),(126,1),(137,1),(151,1),(152,1),(153,1),(190,1),(227,1)}
Murders     = {1130646520}
