ID              = 9515358
Name            = "Shadow Vixin"
Race            = 1
Profession      = 4
OriginalOutfit  = 137-114-114-114-114
CurrentOutfit   = 137-114-114-114-114
LastLogin       = 1132134677
LastLogout      = 1132134726
StartPosition   = [32369,32241,7]
CurrentPosition = [32336,32223,7]
PlayerkillerEnd = 0

Skill = (0,16,0,1,0,0,0,0,0,0,1,53277,0,57600,100)
Skill = (1,19,0,0,0,0,0,0,0,0,0,1037,1100,1145,20)
Skill = (2,225,225,0,0,0,0,0,0,0,5,0,0,0,0)
Skill = (3,5,275,0,0,0,0,0,0,0,30,0,0,0,0)
Skill = (4,85,85,0,0,0,0,0,0,0,1,0,0,0,0)
Skill = (5,550,550,0,0,0,0,0,0,0,10,0,0,0,0)
Skill = (6,20,0,10,0,0,0,0,0,0,0,13287,1500,17099,100)
Skill = (7,10,0,10,0,0,0,0,0,0,0,0,1800,30,30)
Skill = (8,18,0,10,0,0,0,0,0,0,0,11904,1800,12334,50)
Skill = (9,13,0,10,0,0,0,0,0,0,0,508,1800,593,50)
Skill = (10,10,0,10,0,0,0,0,0,0,0,33,1800,50,50)
Skill = (11,11,0,10,0,0,0,0,0,0,0,75,1500,125,50)
Skill = (12,0,2147483647,0,0,0,0,0,0,0,0,0,1000,2147483647,2147483647)
Skill = (13,21,0,10,0,0,0,0,0,0,0,373,1100,427,20)
Skill = (14,0,1200,0,0,0,0,0,0,0,0,0,0,0,0)
Skill = (15,0,2147483647,0,0,0,0,0,0,0,0,0,1000,2147483647,2147483647)
Skill = (16,0,2147483647,0,0,0,0,0,0,0,0,0,1000,2147483647,2147483647)
Skill = (17,0,2147483647,0,0,0,0,0,0,0,0,0,50,2147483647,2147483647)
Skill = (18,0,2147483647,0,0,0,0,0,0,0,0,0,1000,2147483647,2147483647)
Skill = (19,0,2147483647,0,0,0,0,0,0,0,0,0,1000,2147483647,2147483647)
Skill = (20,0,2147483647,0,0,0,0,0,0,0,0,0,1000,2147483647,2147483647)
Skill = (21,0,2147483647,0,0,0,0,0,0,0,0,0,1000,2147483647,2147483647)
Skill = (22,83,100,0,0,0,0,0,120,120,0,0,0,0,0)
Skill = (23,0,2147483647,0,0,0,0,0,0,0,0,0,1000,2147483647,2147483647)
Skill = (24,0,2147483647,0,0,0,0,0,0,0,0,0,1000,2147483647,2147483647)

Spells      = {2,5,8,9,10,20,38,42,45}
QuestValues = {(19,1),(20,1),(21,1),(22,1),(23,1),(29,1),(30,1),(115,1),(125,1),(126,1),(128,1),(223,1),(224,1)}
Murders     = {1131121686}
