ID              = 10305631
Name            = "Miromaen Kayokalfos"
Race            = 1
Profession      = 3
OriginalOutfit  = 129-0-82-0-94
CurrentOutfit   = 129-0-82-0-94
LastLogin       = 1132090234
LastLogout      = 1132090303
StartPosition   = [32360,31782,7]
CurrentPosition = [32183,31785,7]
PlayerkillerEnd = 0

Skill = (0,19,0,1,0,0,0,0,0,0,1,85539,0,98800,100)
Skill = (1,21,0,0,0,0,0,0,0,0,0,1357,1100,1428,20)
Skill = (2,183,240,0,0,0,0,0,0,0,5,0,0,0,0)
Skill = (3,95,340,0,0,0,0,0,0,0,30,0,0,0,0)
Skill = (4,88,88,0,0,0,0,0,0,0,1,0,0,0,0)
Skill = (5,580,580,0,0,0,0,0,0,0,10,0,0,0,0)
Skill = (6,19,0,10,0,0,0,0,0,0,0,9438,1500,11333,100)
Skill = (7,10,0,10,0,0,0,0,0,0,0,1,2000,30,30)
Skill = (8,18,0,10,0,0,0,0,0,0,0,13657,2000,25550,50)
Skill = (9,12,0,10,0,0,0,0,0,0,0,341,2000,350,50)
Skill = (10,10,0,10,0,0,0,0,0,0,0,9,2000,50,50)
Skill = (11,11,0,10,0,0,0,0,0,0,0,57,1500,125,50)
Skill = (12,0,2147483647,0,0,0,0,0,0,0,0,0,1000,2147483647,2147483647)
Skill = (13,24,0,10,0,0,0,0,0,0,0,588,1100,635,20)
Skill = (14,0,1200,0,0,0,0,0,0,0,0,0,0,0,0)
Skill = (15,0,2147483647,0,0,0,0,0,83,83,0,0,1000,2147483647,2147483647)
Skill = (16,0,2147483647,0,0,0,0,0,200,200,0,0,1000,2147483647,2147483647)
Skill = (17,0,2147483647,0,0,0,0,0,0,0,0,0,50,2147483647,2147483647)
Skill = (18,0,2147483647,0,0,0,0,0,0,0,0,0,1000,2147483647,2147483647)
Skill = (19,0,2147483647,0,0,0,0,0,0,0,0,0,1000,2147483647,2147483647)
Skill = (20,0,2147483647,0,0,0,0,0,0,0,0,0,1000,2147483647,2147483647)
Skill = (21,0,2147483647,0,0,0,0,0,0,0,0,0,1000,2147483647,2147483647)
Skill = (22,61,100,0,0,0,1,0,61,120,0,0,0,0,0)
Skill = (23,0,2147483647,0,0,0,0,0,0,0,0,0,1000,2147483647,2147483647)
Skill = (24,0,2147483647,0,0,0,0,0,0,0,0,0,1000,2147483647,2147483647)

Spells      = {1,3,7,8,10,18,20,27,29,44,45}
QuestValues = {(18,1),(20,1),(21,1),(28,1),(29,1),(30,1),(33,1),(34,1),(35,1),(46,1),(54,1),(58,1),(59,1),(96,1),(97,1),(98,1),(190,1),(191,1),(223,1)}
Murders     = {1129740796,1130805384}
