ID              = 10364231
Name            = "Vampire Boris"
Race            = 1
Profession      = 2
OriginalOutfit  = 129-115-94-117-116
CurrentOutfit   = 129-115-94-117-116
LastLogin       = 1132095444
LastLogout      = 1132096059
StartPosition   = [32369,32241,7]
CurrentPosition = [32370,32179,7]
PlayerkillerEnd = 0

Skill = (0,11,0,1,0,0,0,0,0,0,1,13055,0,17600,100)
Skill = (1,3,0,0,0,0,0,0,0,0,0,140,1400,142,20)
Skill = (2,215,215,0,0,0,0,0,0,0,10,0,0,0,0)
Skill = (3,36,80,0,0,0,0,0,0,0,15,0,0,0,0)
Skill = (4,80,80,0,0,0,0,0,0,0,1,0,0,0,0)
Skill = (5,530,530,0,0,0,0,0,0,0,20,0,0,0,0)
Skill = (6,28,0,10,0,0,0,0,0,0,0,4676,1100,5115,100)
Skill = (7,12,0,10,0,0,0,0,0,0,0,66,1100,99,30)
Skill = (8,15,0,10,0,0,0,0,0,0,0,467,1200,496,50)
Skill = (9,22,0,10,0,0,0,0,0,0,0,2299,1200,2424,50)
Skill = (10,15,0,10,0,0,0,0,0,0,0,435,1200,496,50)
Skill = (11,10,0,10,0,0,0,0,0,0,0,11,1200,50,50)
Skill = (12,0,2147483647,0,0,0,0,0,0,0,0,0,1000,2147483647,2147483647)
Skill = (13,24,0,10,0,0,0,0,0,0,0,575,1100,635,20)
Skill = (14,0,1200,0,0,0,962,0,0,0,0,0,0,0,0)
Skill = (15,0,2147483647,0,0,0,0,0,0,0,0,0,1000,2147483647,2147483647)
Skill = (16,0,2147483647,0,0,0,0,0,0,0,0,0,1000,2147483647,2147483647)
Skill = (17,0,2147483647,0,0,0,0,0,3,3,0,0,50,2147483647,2147483647)
Skill = (18,0,2147483647,0,0,0,0,0,0,0,0,0,1000,2147483647,2147483647)
Skill = (19,0,2147483647,0,0,0,0,0,0,0,0,0,1000,2147483647,2147483647)
Skill = (20,0,2147483647,0,0,0,0,0,120,120,0,0,1000,2147483647,2147483647)
Skill = (21,0,2147483647,0,0,0,0,0,0,0,0,0,1000,2147483647,2147483647)
Skill = (22,96,100,0,0,0,0,0,120,120,0,0,0,0,0)
Skill = (23,0,2147483647,0,0,0,0,0,0,0,0,0,1000,2147483647,2147483647)
Skill = (24,0,2147483647,0,0,0,0,0,0,0,0,0,1000,2147483647,2147483647)

Spells      = {7,8,10,20}
QuestValues = {(35,1),(59,1),(106,1),(107,1),(125,1),(126,1),(223,1)}
Murders     = {1131229491}
