ID              = 10938531
Name            = "Dena Lyro"
Race            = 1
Profession      = 2
OriginalOutfit  = 137-85-81-81-81
CurrentOutfit   = 137-85-81-81-81
LastLogin       = 1132108968
LastLogout      = 1132113752
StartPosition   = [32369,32241,7]
CurrentPosition = [32346,32226,7]
PlayerkillerEnd = 0

Skill = (0,9,0,1,0,0,0,0,0,0,1,9224,0,9300,100)
Skill = (1,3,0,0,0,0,0,0,0,0,0,101,1400,142,20)
Skill = (2,170,195,0,0,0,0,0,0,0,10,0,0,0,0)
Skill = (3,29,50,0,0,0,0,0,0,0,15,0,0,0,0)
Skill = (4,78,78,0,0,0,0,0,0,0,1,0,0,0,0)
Skill = (5,490,490,0,0,0,0,0,0,0,20,0,0,0,0)
Skill = (6,19,0,10,0,0,0,0,0,0,0,1519,1100,1593,100)
Skill = (7,12,0,10,0,0,0,0,0,0,0,95,1100,99,30)
Skill = (8,23,0,10,0,0,0,0,0,0,0,2494,1200,2959,50)
Skill = (9,14,0,10,0,0,0,0,0,0,0,285,1200,372,50)
Skill = (10,20,0,10,0,0,0,0,0,0,0,1381,1200,1607,50)
Skill = (11,14,0,10,0,0,0,0,0,0,0,351,1200,372,50)
Skill = (12,0,2147483647,0,0,0,0,0,0,0,0,0,1000,2147483647,2147483647)
Skill = (13,10,0,10,0,0,0,0,0,0,0,16,1100,20,20)
Skill = (14,0,1200,0,0,0,416,0,0,0,0,0,0,0,0)
Skill = (15,0,2147483647,0,0,0,0,0,83,83,0,0,1000,2147483647,2147483647)
Skill = (16,0,2147483647,0,0,0,0,0,0,0,0,0,1000,2147483647,2147483647)
Skill = (17,0,2147483647,0,0,0,0,0,0,0,0,0,50,2147483647,2147483647)
Skill = (18,0,2147483647,0,0,0,0,0,0,0,0,0,1000,2147483647,2147483647)
Skill = (19,0,2147483647,0,0,0,0,0,0,0,0,0,1000,2147483647,2147483647)
Skill = (20,0,2147483647,0,0,0,0,0,0,0,0,0,1000,2147483647,2147483647)
Skill = (21,0,2147483647,0,0,0,0,0,0,0,0,0,1000,2147483647,2147483647)
Skill = (22,100,100,0,0,0,0,0,120,120,0,0,0,0,0)
Skill = (23,0,2147483647,0,0,0,0,0,0,0,0,0,1000,2147483647,2147483647)
Skill = (24,0,2147483647,0,0,0,0,0,0,0,0,0,1000,2147483647,2147483647)

Spells      = {1,10,51}
QuestValues = {(61,1),(125,1),(126,1)}
Murders     = {}
