ID              = 8156131
Name            = "Shiko lexe"
Race            = 1
Profession      = 1
OriginalOutfit  = 134-114-0-132-114
CurrentOutfit   = 134-114-0-132-114
LastLogin       = 1131615419
LastLogout      = 1131615534
StartPosition   = [33194,32853,8]
CurrentPosition = [33194,32854,7]
PlayerkillerEnd = 0

Skill = (0,16,0,1,0,0,0,0,0,0,1,47596,0,57600,100)
Skill = (1,3,0,0,0,0,0,0,0,0,0,387,3000,800,20)
Skill = (2,305,305,0,0,0,0,0,0,0,15,0,0,0,0)
Skill = (3,75,75,0,0,0,0,0,0,0,5,0,0,0,0)
Skill = (4,85,85,0,0,0,0,0,0,0,1,0,0,0,0)
Skill = (5,670,670,0,0,0,0,0,0,0,25,0,0,0,0)
Skill = (6,40,0,10,0,0,0,0,0,0,0,17269,1100,18194,100)
Skill = (7,10,0,10,0,0,0,0,0,0,0,0,1400,30,30)
Skill = (8,10,0,10,0,0,0,0,0,0,0,0,1100,50,50)
Skill = (9,10,0,10,0,0,0,0,0,0,0,2,1100,50,50)
Skill = (10,42,0,10,0,0,0,0,0,0,0,10904,1100,11112,50)
Skill = (11,10,0,10,0,0,0,0,0,0,0,6,1100,50,50)
Skill = (12,0,2147483647,0,0,0,0,0,0,0,0,0,1000,2147483647,2147483647)
Skill = (13,37,0,10,0,0,0,0,0,0,0,2430,1100,2684,20)
Skill = (14,0,1200,0,0,0,0,0,0,0,0,0,0,0,0)
Skill = (15,0,2147483647,0,0,0,0,0,0,0,0,0,1000,2147483647,2147483647)
Skill = (16,0,2147483647,0,0,0,0,0,0,0,0,0,1000,2147483647,2147483647)
Skill = (17,0,2147483647,0,0,0,0,0,0,0,0,0,50,2147483647,2147483647)
Skill = (18,0,2147483647,0,0,0,0,0,0,0,0,0,1000,2147483647,2147483647)
Skill = (19,0,2147483647,0,0,0,0,0,0,0,0,0,1000,2147483647,2147483647)
Skill = (20,0,2147483647,0,0,0,0,0,0,0,0,0,1000,2147483647,2147483647)
Skill = (21,0,2147483647,0,0,0,0,0,0,0,0,0,1000,2147483647,2147483647)
Skill = (22,100,100,0,0,0,0,0,0,0,0,0,0,0,0)
Skill = (23,0,2147483647,0,0,0,0,0,0,0,0,0,1000,2147483647,2147483647)
Skill = (24,0,2147483647,0,0,0,0,0,0,0,0,0,1000,2147483647,2147483647)

Spells      = {1,10,20,29,76}
QuestValues = {(84,1),(85,1),(86,1),(87,1),(96,1),(97,1),(257,1)}
Murders     = {}
