ID              = 8372531
Name            = "Roxy Rose"
Race            = 1
Profession      = 13
OriginalOutfit  = 140-18-114-95-0
CurrentOutfit   = 140-18-114-95-0
LastLogin       = 1132118140
LastLogout      = 1132118145
StartPosition   = [32369,32241,7]
CurrentPosition = [32423,32171,7]
PlayerkillerEnd = 0

Skill = (0,27,0,1,0,0,0,0,0,0,1,264522,0,295200,100)
Skill = (1,32,0,0,0,0,0,0,0,0,0,4170,1100,4445,20)
Skill = (2,280,280,0,0,0,0,0,0,0,5,0,0,0,0)
Skill = (3,339,605,0,0,0,0,0,0,0,30,0,0,0,0)
Skill = (4,96,96,0,0,0,0,0,10,10,1,0,0,0,0)
Skill = (5,660,660,0,0,0,0,0,0,0,10,0,0,0,0)
Skill = (6,23,0,10,0,0,0,0,0,0,0,47726,1500,58185,100)
Skill = (7,10,0,10,0,0,0,0,0,0,0,1,2000,30,30)
Skill = (8,14,0,10,0,0,0,0,0,0,0,1086,2000,1550,50)
Skill = (9,10,0,10,0,0,0,0,0,0,0,46,2000,50,50)
Skill = (10,19,0,10,0,0,0,0,0,0,0,35596,2000,51150,50)
Skill = (11,10,0,10,0,0,0,0,0,0,0,37,1500,50,50)
Skill = (12,0,2147483647,0,0,0,0,0,0,0,0,0,1000,2147483647,2147483647)
Skill = (13,44,0,10,0,0,0,0,0,0,0,5394,1100,5420,20)
Skill = (14,0,1200,0,0,0,0,0,0,0,0,0,0,0,0)
Skill = (15,0,2147483647,0,0,0,0,0,83,83,0,0,1000,2147483647,2147483647)
Skill = (16,0,2147483647,0,0,0,0,0,200,200,0,0,1000,2147483647,2147483647)
Skill = (17,0,2147483647,0,0,0,0,0,0,0,0,0,50,2147483647,2147483647)
Skill = (18,0,2147483647,0,0,0,0,0,8,8,0,0,1000,2147483647,2147483647)
Skill = (19,0,2147483647,0,0,0,0,0,10,10,0,0,1000,2147483647,2147483647)
Skill = (20,0,2147483647,0,0,0,0,0,3,3,0,0,1000,2147483647,2147483647)
Skill = (21,0,2147483647,0,0,0,0,0,200,200,0,0,1000,2147483647,2147483647)
Skill = (22,200,200,0,0,0,0,0,15,15,0,0,0,0,0)
Skill = (23,0,2147483647,0,0,0,0,0,0,0,0,0,1000,2147483647,2147483647)
Skill = (24,0,2147483647,0,0,0,0,0,0,0,0,0,1000,2147483647,2147483647)

Spells      = {1,2,3,8,9,10,13,16,21,23,29,39,44,45,87,88}
QuestValues = {(20,1),(21,1),(22,1),(23,1),(34,1),(59,1),(77,1),(78,1),(84,1),(85,1),(86,1),(87,1),(88,1),(89,1),(90,1),(106,1),(108,1),(109,1),(111,1),(112,1),(115,1),(121,1),(153,1),(190,1),(191,1),(254,1)}
Murders     = {}
