ID              = 9144931
Name            = "Monneybags"
Race            = 1
Profession      = 0
OriginalOutfit  = 128-78-69-58-76
CurrentOutfit   = 128-78-69-58-76
LastLogin       = 1122478875
LastLogout      = 1122478935
StartPosition   = [32097,32219,7]
CurrentPosition = [32097,32219,7]
PlayerkillerEnd = 0

Skill = (0,5,0,1,0,0,0,0,0,0,1,870,0,1500,100)
Skill = (1,0,0,0,0,0,0,0,0,0,0,0,3000,20,20)
Skill = (2,168,170,0,0,0,0,0,0,0,5,0,0,0,0)
Skill = (3,20,20,0,0,0,0,0,0,0,5,0,0,0,0)
Skill = (4,74,74,0,0,0,0,0,0,0,1,0,0,0,0)
Skill = (5,440,440,0,0,0,0,0,0,0,10,0,0,0,0)
Skill = (6,13,0,10,0,0,0,0,0,0,0,556,1500,812,100)
Skill = (7,10,0,10,0,0,0,0,0,0,0,17,2000,30,30)
Skill = (8,12,0,10,0,0,0,0,0,0,0,314,2000,350,50)
Skill = (9,12,0,10,0,0,0,0,0,0,0,235,2000,350,50)
Skill = (10,13,0,10,0,0,0,0,0,0,0,351,2000,750,50)
Skill = (11,11,0,10,0,0,0,0,0,0,0,60,1500,125,50)
Skill = (12,0,2147483647,0,0,0,0,0,0,0,0,0,1000,2147483647,2147483647)
Skill = (13,10,0,10,0,0,0,0,0,0,0,0,1100,20,20)
Skill = (14,0,1200,0,0,0,0,0,0,0,0,0,0,0,0)
Skill = (15,0,2147483647,0,0,0,0,0,0,0,0,0,1000,2147483647,2147483647)
Skill = (16,0,2147483647,0,0,0,0,0,0,0,0,0,1000,2147483647,2147483647)
Skill = (17,0,2147483647,0,0,0,0,0,0,0,0,0,50,2147483647,2147483647)
Skill = (18,0,2147483647,0,0,0,0,0,0,0,0,0,1000,2147483647,2147483647)
Skill = (19,0,2147483647,0,0,0,0,0,0,0,0,0,1000,2147483647,2147483647)
Skill = (20,0,2147483647,0,0,0,0,0,0,0,0,0,1000,2147483647,2147483647)
Skill = (21,0,2147483647,0,0,0,0,0,0,0,0,0,1000,2147483647,2147483647)
Skill = (22,200,200,0,0,0,0,0,0,0,0,0,0,0,0)
Skill = (23,0,2147483647,0,0,0,0,0,0,0,0,0,1000,2147483647,2147483647)
Skill = (24,0,2147483647,0,0,0,0,0,0,0,0,0,1000,2147483647,2147483647)

Spells      = {}
QuestValues = {(18,1),(20,1),(21,1),(35,1),(223,1)}
Murders     = {}
