ID              = 9477131
Name            = "Dark Avex"
Race            = 1
Profession      = 4
OriginalOutfit  = 133-114-86-114-86
CurrentOutfit   = 133-114-86-114-86
LastLogin       = 1125498298
LastLogout      = 1125498319
StartPosition   = [32369,32241,7]
CurrentPosition = [32334,32244,7]
PlayerkillerEnd = 0

Skill = (0,10,0,1,0,0,0,0,0,0,1,9831,0,13000,100)
Skill = (1,0,0,0,0,0,0,0,0,0,0,2,1100,20,20)
Skill = (2,181,195,0,0,0,0,0,0,0,5,0,0,0,0)
Skill = (3,45,45,0,0,0,0,0,0,0,30,0,0,0,0)
Skill = (4,79,79,0,0,0,0,0,0,0,1,0,0,0,0)
Skill = (5,490,490,0,0,0,0,0,0,0,10,0,0,0,0)
Skill = (6,18,0,10,0,0,0,0,0,0,0,6773,1500,7488,100)
Skill = (7,15,0,10,0,0,0,0,0,0,0,820,1800,1237,30)
Skill = (8,16,0,10,0,0,0,0,0,0,0,2310,1800,3763,50)
Skill = (9,10,0,10,0,0,0,0,0,0,0,0,1800,50,50)
Skill = (10,10,0,10,0,0,0,0,0,0,0,0,1800,50,50)
Skill = (11,12,0,10,0,0,0,0,0,0,0,221,1500,237,50)
Skill = (12,0,2147483647,0,0,0,0,0,0,0,0,0,1000,2147483647,2147483647)
Skill = (13,10,0,10,0,0,0,0,0,0,0,0,1100,20,20)
Skill = (14,0,1200,0,0,0,0,0,0,0,0,0,0,0,0)
Skill = (15,0,2147483647,0,0,0,0,0,83,83,0,0,1000,2147483647,2147483647)
Skill = (16,0,2147483647,0,0,0,0,0,0,0,0,0,1000,2147483647,2147483647)
Skill = (17,0,2147483647,0,0,0,0,0,3,3,0,0,50,2147483647,2147483647)
Skill = (18,0,2147483647,0,0,0,0,0,8,8,0,0,1000,2147483647,2147483647)
Skill = (19,0,2147483647,0,0,0,0,0,0,0,0,0,1000,2147483647,2147483647)
Skill = (20,0,2147483647,0,0,0,0,0,0,0,0,0,1000,2147483647,2147483647)
Skill = (21,0,2147483647,0,0,0,0,0,0,0,0,0,1000,2147483647,2147483647)
Skill = (22,100,100,0,0,0,0,0,0,0,0,0,0,0,0)
Skill = (23,0,2147483647,0,0,0,0,0,0,0,0,0,1000,2147483647,2147483647)
Skill = (24,0,2147483647,0,0,0,0,0,0,0,0,0,1000,2147483647,2147483647)

Spells      = {10}
QuestValues = {(25,1),(26,1),(27,1),(58,1),(223,1)}
Murders     = {}
