ID              = 9777431
Name            = "Tyagoos"
Race            = 1
Profession      = 2
OriginalOutfit  = 131-57-98-114-114
CurrentOutfit   = 131-57-98-114-114
LastLogin       = 1129226396
LastLogout      = 1129226418
StartPosition   = [32957,32076,7]
CurrentPosition = [32921,32144,7]
PlayerkillerEnd = 0

Skill = (0,8,0,1,0,0,0,0,0,0,1,4764,0,6400,100)
Skill = (1,0,0,0,0,0,0,0,0,0,0,0,1400,20,20)
Skill = (2,185,185,0,0,0,0,0,0,0,10,0,0,0,0)
Skill = (3,35,35,0,0,0,0,0,0,0,15,0,0,0,0)
Skill = (4,77,77,0,0,0,0,0,0,0,1,0,0,0,0)
Skill = (5,470,470,0,0,0,0,0,0,0,20,0,0,0,0)
Skill = (6,19,0,10,0,0,0,0,0,0,0,1362,1100,1593,100)
Skill = (7,11,0,10,0,0,0,0,0,0,0,37,1100,63,30)
Skill = (8,16,0,10,0,0,0,0,0,0,0,593,1200,645,50)
Skill = (9,17,0,10,0,0,0,0,0,0,0,725,1200,824,50)
Skill = (10,11,0,10,0,0,0,0,0,0,0,93,1200,109,50)
Skill = (11,10,0,10,0,0,0,0,0,0,0,41,1200,50,50)
Skill = (12,0,2147483647,0,0,0,0,0,0,0,0,0,1000,2147483647,2147483647)
Skill = (13,20,0,10,0,0,0,0,0,0,0,351,1100,370,20)
Skill = (14,0,1200,0,0,0,0,0,0,0,0,0,0,0,0)
Skill = (15,0,2147483647,0,0,0,0,0,0,0,0,0,1000,2147483647,2147483647)
Skill = (16,0,2147483647,0,0,0,0,0,0,0,0,0,1000,2147483647,2147483647)
Skill = (17,0,2147483647,0,0,0,0,0,0,0,0,0,50,2147483647,2147483647)
Skill = (18,0,2147483647,0,0,0,0,0,0,0,0,0,1000,2147483647,2147483647)
Skill = (19,0,2147483647,0,0,0,0,0,0,0,0,0,1000,2147483647,2147483647)
Skill = (20,0,2147483647,0,0,0,0,0,0,0,0,0,1000,2147483647,2147483647)
Skill = (21,0,2147483647,0,0,0,0,0,0,0,0,0,1000,2147483647,2147483647)
Skill = (22,100,100,0,0,0,0,0,120,120,0,0,0,0,0)
Skill = (23,0,2147483647,0,0,0,0,0,0,0,0,0,1000,2147483647,2147483647)
Skill = (24,0,2147483647,0,0,0,0,0,0,0,0,0,1000,2147483647,2147483647)

Spells      = {}
QuestValues = {(18,1),(20,1),(23,1),(32,1),(33,1),(34,1),(35,1),(58,1),(59,1),(223,1)}
Murders     = {}
