ID              = 10065287
Name            = "Tsubasa Kun"
Race            = 1
Profession      = 2
OriginalOutfit  = 128-114-0-89-114
CurrentOutfit   = 128-114-0-89-114
LastLogin       = 1125764860
LastLogout      = 1125766493
StartPosition   = [32957,32076,7]
CurrentPosition = [32657,31999,7]
PlayerkillerEnd = 0

Skill = (0,8,0,1,0,0,0,0,0,0,1,4887,0,6400,100)
Skill = (1,1,0,0,0,0,0,0,0,0,0,22,1400,47,20)
Skill = (2,168,185,0,0,0,0,0,0,0,10,0,0,0,0)
Skill = (3,35,35,0,0,0,0,0,0,0,15,0,0,0,0)
Skill = (4,77,77,0,0,0,0,0,0,0,1,0,0,0,0)
Skill = (5,470,470,0,0,0,0,0,0,0,20,0,0,0,0)
Skill = (6,21,0,10,0,0,0,0,0,0,0,1912,1100,2138,100)
Skill = (7,18,0,10,0,0,0,0,0,0,0,388,1100,407,30)
Skill = (8,15,0,10,0,0,0,0,0,0,0,425,1200,496,50)
Skill = (9,11,0,10,0,0,0,0,0,0,0,76,1200,109,50)
Skill = (10,16,0,10,0,0,0,0,0,0,0,613,1200,645,50)
Skill = (11,11,0,10,0,0,0,0,0,0,0,76,1200,109,50)
Skill = (12,0,2147483647,0,0,0,0,0,0,0,0,0,1000,2147483647,2147483647)
Skill = (13,10,0,10,0,0,0,0,0,0,0,0,1100,20,20)
Skill = (14,0,1200,0,0,0,0,0,0,0,0,0,0,0,0)
Skill = (15,0,2147483647,0,0,0,0,0,83,83,0,0,1000,2147483647,2147483647)
Skill = (16,0,2147483647,0,0,0,0,0,0,0,0,0,1000,2147483647,2147483647)
Skill = (17,0,2147483647,0,0,0,0,0,3,3,0,0,50,2147483647,2147483647)
Skill = (18,0,2147483647,0,0,0,0,0,8,8,0,0,1000,2147483647,2147483647)
Skill = (19,0,2147483647,0,0,0,0,0,0,0,0,0,1000,2147483647,2147483647)
Skill = (20,0,2147483647,0,0,0,0,0,0,0,0,0,1000,2147483647,2147483647)
Skill = (21,0,2147483647,0,0,0,0,0,0,0,0,0,1000,2147483647,2147483647)
Skill = (22,100,100,0,0,0,2,0,56,120,0,0,0,0,0)
Skill = (23,0,2147483647,0,0,0,0,0,0,0,0,0,1000,2147483647,2147483647)
Skill = (24,0,2147483647,0,0,0,0,0,0,0,0,0,1000,2147483647,2147483647)

Spells      = {1,10}
QuestValues = {(18,1),(20,1),(35,1),(59,1),(224,1)}
Murders     = {}
