ID              = 11234687
Name            = "Wason"
Race            = 1
Profession      = 0
OriginalOutfit  = 129-39-107-50-50
CurrentOutfit   = 129-39-107-50-50
LastLogin       = 1130549652
LastLogout      = 1130549848
StartPosition   = [32097,32219,7]
CurrentPosition = [32041,32098,7]
PlayerkillerEnd = 0

Skill = (0,6,0,1,0,0,0,0,0,0,1,2223,0,2600,100)
Skill = (1,0,0,0,0,0,0,0,0,0,0,0,3000,20,20)
Skill = (2,175,175,0,0,0,0,0,0,0,5,0,0,0,0)
Skill = (3,25,25,0,0,0,0,0,0,0,5,0,0,0,0)
Skill = (4,75,75,0,0,0,0,0,0,0,1,0,0,0,0)
Skill = (5,450,450,0,0,0,0,0,0,0,10,0,0,0,0)
Skill = (6,15,0,10,0,0,0,0,0,0,0,1669,1500,2078,100)
Skill = (7,13,0,10,0,0,0,0,0,0,0,214,2000,450,30)
Skill = (8,15,0,10,0,0,0,0,0,0,0,1609,2000,3150,50)
Skill = (9,10,0,10,0,0,0,0,0,0,0,24,2000,50,50)
Skill = (10,10,0,10,0,0,0,0,0,0,0,0,2000,50,50)
Skill = (11,11,0,10,0,0,0,0,0,0,0,91,1500,125,50)
Skill = (12,0,2147483647,0,0,0,0,0,0,0,0,0,1000,2147483647,2147483647)
Skill = (13,16,0,10,0,0,0,0,0,0,0,162,1100,189,20)
Skill = (14,0,1200,0,0,0,0,0,0,0,0,0,0,0,0)
Skill = (15,0,2147483647,0,0,0,0,0,0,0,0,0,1000,2147483647,2147483647)
Skill = (16,0,2147483647,0,0,0,0,0,0,0,0,0,1000,2147483647,2147483647)
Skill = (17,0,2147483647,0,0,0,0,0,3,3,0,0,50,2147483647,2147483647)
Skill = (18,0,2147483647,0,0,0,0,0,0,0,0,0,1000,2147483647,2147483647)
Skill = (19,0,2147483647,0,0,0,0,0,0,0,0,0,1000,2147483647,2147483647)
Skill = (20,0,2147483647,0,0,0,0,0,0,0,0,0,1000,2147483647,2147483647)
Skill = (21,0,2147483647,0,0,0,0,0,0,0,0,0,1000,2147483647,2147483647)
Skill = (22,100,100,0,0,0,1,0,61,120,0,0,0,0,0)
Skill = (23,0,2147483647,0,0,0,0,0,0,0,0,0,1000,2147483647,2147483647)
Skill = (24,0,2147483647,0,0,0,0,0,0,0,0,0,1000,2147483647,2147483647)

Spells      = {}
QuestValues = {(35,1),(223,1)}
Murders     = {}
