ID              = 11490787
Name            = "Sucia Nad"
Race            = 1
Profession      = 2
OriginalOutfit  = 142-0-120-79-108
CurrentOutfit   = 142-0-120-79-108
LastLogin       = 1131846378
LastLogout      = 1131846383
StartPosition   = [33217,31814,8]
CurrentPosition = [33171,31821,7]
PlayerkillerEnd = 0

Skill = (0,12,0,1,0,0,0,0,0,0,1,19598,0,23200,100)
Skill = (1,4,0,0,0,0,0,0,0,0,0,187,1400,218,20)
Skill = (2,225,225,0,0,0,0,0,0,0,10,0,0,0,0)
Skill = (3,18,95,0,0,0,0,0,0,0,15,0,0,0,0)
Skill = (4,81,81,0,0,0,0,0,0,0,1,0,0,0,0)
Skill = (5,550,550,0,0,0,0,0,0,0,20,0,0,0,0)
Skill = (6,30,0,10,0,0,0,0,0,0,0,6212,1100,6400,100)
Skill = (7,33,0,10,0,0,0,0,0,0,0,2474,1100,2654,30)
Skill = (8,10,0,10,0,0,0,0,0,0,0,0,1200,50,50)
Skill = (9,23,0,10,0,0,0,0,0,0,0,2444,1200,2959,50)
Skill = (10,10,0,10,0,0,0,0,0,0,0,0,1200,50,50)
Skill = (11,11,0,10,0,0,0,0,0,0,0,65,1200,109,50)
Skill = (12,0,2147483647,0,0,0,0,0,0,0,0,0,1000,2147483647,2147483647)
Skill = (13,24,0,10,0,0,0,0,0,0,0,593,1100,635,20)
Skill = (14,0,1200,0,0,0,0,0,0,0,0,0,0,0,0)
Skill = (15,0,2147483647,0,0,0,0,0,83,83,0,0,1000,2147483647,2147483647)
Skill = (16,0,2147483647,0,0,0,0,0,0,0,0,0,1000,2147483647,2147483647)
Skill = (17,0,2147483647,0,0,0,0,0,3,3,0,0,50,2147483647,2147483647)
Skill = (18,0,2147483647,0,0,0,0,0,0,0,0,0,1000,2147483647,2147483647)
Skill = (19,0,2147483647,0,0,0,0,0,0,0,0,0,1000,2147483647,2147483647)
Skill = (20,0,2147483647,0,0,0,0,0,0,0,0,0,1000,2147483647,2147483647)
Skill = (21,0,2147483647,0,0,0,0,0,0,0,0,0,1000,2147483647,2147483647)
Skill = (22,100,100,0,0,0,0,0,120,120,0,0,0,0,0)
Skill = (23,0,2147483647,0,0,0,0,0,0,0,0,0,1000,2147483647,2147483647)
Skill = (24,0,2147483647,0,0,0,0,0,0,0,0,0,1000,2147483647,2147483647)

Spells      = {1,8,10,11,20,29,42,44,51}
QuestValues = {(21,1),(22,1),(23,1),(32,1),(33,1),(34,1),(84,1),(85,1),(223,1)}
Murders     = {}
