ID              = 7940287
Name            = "Rowena Evil"
Race            = 1
Profession      = 1
OriginalOutfit  = 141-116-92-95-92
CurrentOutfit   = 141-116-92-95-92
LastLogin       = 1131474284
LastLogout      = 1131474491
StartPosition   = [32957,32076,7]
CurrentPosition = [32865,32034,8]
PlayerkillerEnd = 0

Skill = (0,29,0,1,0,0,0,0,0,0,1,359221,0,368300,100)
Skill = (1,4,0,0,0,0,0,0,0,0,0,1017,3000,2420,20)
Skill = (2,400,500,0,0,0,0,0,0,0,15,0,0,0,0)
Skill = (3,1,140,0,0,0,0,0,0,0,5,0,0,0,0)
Skill = (4,98,98,0,0,0,0,0,10,10,1,0,0,0,0)
Skill = (5,995,995,0,0,0,0,0,0,0,25,0,0,0,0)
Skill = (6,57,0,10,0,0,0,0,0,0,0,89492,1100,96017,100)
Skill = (7,10,0,10,0,0,0,0,0,0,0,0,1400,30,30)
Skill = (8,11,0,10,0,0,0,0,0,0,0,103,1100,105,50)
Skill = (9,10,0,10,0,0,0,0,0,0,0,5,1100,50,50)
Skill = (10,59,0,10,0,0,0,0,0,0,0,54900,1100,58195,50)
Skill = (11,11,0,10,0,0,0,0,0,0,0,50,1100,105,50)
Skill = (12,0,2147483647,0,0,0,0,0,0,0,0,0,1000,2147483647,2147483647)
Skill = (13,32,0,10,0,0,0,0,0,0,0,1437,1100,1590,20)
Skill = (14,0,1200,0,0,0,981,0,0,0,0,0,0,0,0)
Skill = (15,0,2147483647,0,0,0,0,0,0,0,0,0,1000,2147483647,2147483647)
Skill = (16,0,2147483647,0,0,0,0,0,0,0,0,0,1000,2147483647,2147483647)
Skill = (17,0,2147483647,0,0,0,0,0,0,0,0,0,50,2147483647,2147483647)
Skill = (18,0,2147483647,0,0,0,0,0,8,8,0,0,1000,2147483647,2147483647)
Skill = (19,0,2147483647,0,0,0,0,0,0,0,0,0,1000,2147483647,2147483647)
Skill = (20,0,2147483647,0,0,0,0,0,0,0,0,0,1000,2147483647,2147483647)
Skill = (21,0,2147483647,0,0,0,0,0,0,0,0,0,1000,2147483647,2147483647)
Skill = (22,100,100,0,0,0,0,0,120,120,0,0,0,0,0)
Skill = (23,0,2147483647,0,0,0,0,0,0,0,0,0,1000,2147483647,2147483647)
Skill = (24,0,2147483647,0,0,0,0,0,0,0,0,0,1000,2147483647,2147483647)

Spells      = {1,6,10,20,76}
QuestValues = {(17,1),(20,1),(21,1),(22,1),(23,1),(27,1),(32,1),(33,1),(34,1),(59,1),(84,1),(85,1),(86,1),(87,1),(96,1),(97,1),(98,1),(100,1),(111,1),(112,1),(121,1),(156,1),(157,1),(158,1),(190,1),(191,1),(210,1),(224,1)}
Murders     = {1131472776,1131473238}
