ID              = 9644687
Name            = "Emilianozapata"
Race            = 1
Profession      = 3
OriginalOutfit  = 128-114-0-40-114
CurrentOutfit   = 128-114-0-40-114
LastLogin       = 1131369545
LastLogout      = 1131369764
StartPosition   = [32957,32076,7]
CurrentPosition = [32919,32081,7]
PlayerkillerEnd = 0

Skill = (0,19,0,1,0,0,0,0,0,0,1,83521,0,98800,100)
Skill = (1,21,0,0,0,0,0,0,0,0,0,1422,1100,1428,20)
Skill = (2,240,240,0,0,0,0,0,0,0,5,0,0,0,0)
Skill = (3,154,340,0,0,0,0,0,0,0,30,0,0,0,0)
Skill = (4,88,88,0,0,0,0,0,0,0,1,0,0,0,0)
Skill = (5,580,580,0,0,0,0,0,0,0,10,0,0,0,0)
Skill = (6,22,0,10,0,0,0,0,0,0,0,26160,1500,38723,100)
Skill = (7,10,0,10,0,0,0,0,0,0,0,16,2000,30,30)
Skill = (8,19,0,10,0,0,0,0,0,0,0,28241,2000,51150,50)
Skill = (9,10,0,10,0,0,0,0,0,0,0,34,2000,50,50)
Skill = (10,10,0,10,0,0,0,0,0,0,0,0,2000,50,50)
Skill = (11,17,0,10,0,0,0,0,0,0,0,1753,1500,2462,50)
Skill = (12,0,2147483647,0,0,0,0,0,0,0,0,0,1000,2147483647,2147483647)
Skill = (13,40,0,10,0,0,0,0,0,0,0,3450,1100,3638,20)
Skill = (14,0,1200,0,0,0,0,0,0,0,0,0,0,0,0)
Skill = (15,0,2147483647,0,0,0,0,0,83,83,0,0,1000,2147483647,2147483647)
Skill = (16,0,2147483647,0,0,0,0,0,0,0,0,0,1000,2147483647,2147483647)
Skill = (17,0,2147483647,0,0,0,0,0,3,3,0,0,50,2147483647,2147483647)
Skill = (18,0,2147483647,0,0,0,0,0,8,8,0,0,1000,2147483647,2147483647)
Skill = (19,0,2147483647,0,0,0,0,0,10,10,0,0,1000,2147483647,2147483647)
Skill = (20,0,2147483647,0,0,0,0,0,0,0,0,0,1000,2147483647,2147483647)
Skill = (21,0,2147483647,0,0,0,0,0,0,0,0,0,1000,2147483647,2147483647)
Skill = (22,74,100,0,0,0,0,0,120,120,0,0,0,0,0)
Skill = (23,0,2147483647,0,0,0,0,0,0,0,0,0,1000,2147483647,2147483647)
Skill = (24,0,2147483647,0,0,0,0,0,0,0,0,0,1000,2147483647,2147483647)

Spells      = {1,2,3,7,8,10,16,19,20,22,26,29,30,38,44}
QuestValues = {(20,1),(21,1),(22,1),(23,1),(32,1),(33,1),(34,1),(35,1),(59,1),(93,1),(94,1),(95,1),(96,1),(97,1),(98,1)}
Murders     = {}
